time,MT_252
2012-01-01 01:00:00,-1.4679268468487916
2012-01-01 02:00:00,-1.4936901607033195
2012-01-01 03:00:00,-1.5298618533550683
2012-01-01 04:00:00,-1.524657663956454
2012-01-01 05:00:00,-1.473131036247408
2012-01-01 06:00:00,-1.5143523384146467
2012-01-01 07:00:00,-1.4164002191397491
2012-01-01 08:00:00,-1.4422150596219798
2012-01-01 09:00:00,-0.9265365695098354
2012-01-01 10:00:00,-0.9832673866174978
2012-01-01 11:00:00,-0.9729620610756871
2012-01-01 12:00:00,-0.9213839067389281
2012-01-01 13:00:00,-0.9316892322807357
2012-01-01 14:00:00,-0.8698057524021731
2012-01-01 15:00:00,0.0
2012-01-01 16:00:00,-0.9419945578225495
2012-01-01 17:00:00,-0.9007732556553141
2012-01-01 18:00:00,0.0
2012-01-01 19:00:00,-0.8698057524021731
2012-01-01 20:00:00,-0.9110270545694119
2012-01-01 21:00:00,-0.9213839067389281
2012-01-01 22:00:00,0.0
2012-01-01 23:00:00,-1.3648735914306998
2012-01-02 00:00:00,0.0
2012-01-02 01:00:00,-1.4576215213069843
2012-01-02 02:00:00,0.0
2012-01-02 03:00:00,-1.5298103267273575
2012-01-02 04:00:00,0.0
2012-01-02 05:00:00,-1.4885890245601185
2012-01-02 06:00:00,-1.3287534254066586
2012-01-02 07:00:00,-0.10994257357685187
2012-01-02 08:00:00,-0.1530703609693263
2012-01-02 09:00:00,0.511056343572586
2012-01-02 10:00:00,1.025755827758262
2012-01-02 11:00:00,1.2738565401773252
2012-01-02 12:00:00,1.434001299097042
2012-01-02 13:00:00,1.284161865719132
2012-01-02 14:00:00,0.0
2012-01-02 15:00:00,1.1084560652312796
2012-01-02 16:00:00,0.0
2012-01-02 17:00:00,0.0
2012-01-02 18:00:00,1.6096555729571826
2012-01-02 19:00:00,0.0
2012-01-02 20:00:00,0.0
2012-01-02 21:00:00,1.3151293689722696
2012-01-02 22:00:00,1.0774885619781451
2012-01-02 23:00:00,-0.620622980801221
2012-01-03 00:00:00,-1.333906088177562
2012-01-03 01:00:00,-1.3699747275738972
2012-01-03 02:00:00,0.0
2012-01-03 03:00:00,0.0
2012-01-03 04:00:00,-1.4679268468487947
2012-01-03 05:00:00,-1.3957380414284186
2012-01-03 06:00:00,-1.4473677223928867
2012-01-03 07:00:00,0.0
2012-01-03 08:00:00,0.0
2012-01-03 09:00:00,0.6623900491540599
2012-01-03 10:00:00,1.0878454141476614
2012-01-03 11:00:00,0.0
2012-01-03 12:00:00,1.2375817942701557
2012-01-03 13:00:00,1.2066142910170181
2012-01-03 14:00:00,1.206614291017015
2012-01-03 15:00:00,1.2324806581269543
2012-01-03 16:00:00,1.1807479239070742
2012-01-03 17:00:00,0.0
2012-01-03 18:00:00,0.0
2012-01-03 19:00:00,1.5270068621118735
2012-01-03 20:00:00,0.0
2012-01-03 21:00:00,1.1600857461957472
2012-01-03 22:00:00,0.0
2012-01-03 23:00:00,0.0
2012-01-04 00:00:00,0.0
2012-01-04 01:00:00,-1.313243910466235
2012-01-04 02:00:00,-1.385432715886608
2012-01-04 03:00:00,0.0
2012-01-04 04:00:00,-1.4060948935979385
2012-01-04 05:00:00,-1.3648220648029903
2012-01-04 06:00:00,-1.3493640764902761
2012-01-04 07:00:00,-0.23556449193150653
2012-01-04 08:00:00,-0.30260063458098296
2012-01-04 09:00:00,0.547124982968918
2012-01-04 10:00:00,1.0516221948682012
2012-01-04 11:00:00,0.0
2012-01-04 12:00:00,1.273805013549612
2012-01-04 13:00:00,0.0
2012-01-04 14:00:00,1.2738050135496157
2012-01-04 15:00:00,0.0
2012-01-04 16:00:00,1.1755952611361704
2012-01-04 17:00:00,1.3151293689722734
2012-01-04 18:00:00,1.3823200915048675
2012-01-04 19:00:00,1.5373637142813936
2012-01-04 20:00:00,1.3978296064452882
2012-01-04 21:00:00,1.2376848475255713
2012-01-04 22:00:00,0.0
2012-01-04 23:00:00,0.0
2012-01-05 00:00:00,-1.3080912476953315
2012-01-05 01:00:00,0.0
2012-01-05 02:00:00,-1.3906369052852243
2012-01-05 03:00:00,0.0
2012-01-05 04:00:00,-1.3957380414284186
2012-01-05 05:00:00,0.0
2012-01-05 06:00:00,0.0
2012-01-05 07:00:00,-0.30780482397959236
2012-01-05 08:00:00,-0.20464851530608177
2012-01-05 09:00:00,0.4489667571831827
2012-01-05 10:00:00,1.087793887519952
2012-01-05 11:00:00,1.346199925480823
2012-01-05 12:00:00,0.0
2012-01-05 13:00:00,1.0722328459518158
2012-01-05 14:00:00,0.0
2012-01-05 15:00:00,1.0050936500469274
2012-01-05 16:00:00,1.103303402460372
2012-01-05 17:00:00,1.2066658176447245
2012-01-05 18:00:00,1.6096555729571889
2012-01-05 19:00:00,0.0
2012-01-05 20:00:00,1.5166500099423572
2012-01-05 21:00:00,1.2324806581269552
2012-01-05 22:00:00,1.0774885619781414
2012-01-05 23:00:00,0.0
2012-01-06 00:00:00,-1.3132439104662348
2012-01-06 01:00:00,-1.3338545615498494
2012-01-06 02:00:00,-1.3905853786575149
2012-01-06 03:00:00,-1.3855357691420302
2012-01-06 04:00:00,0.0
2012-01-06 05:00:00,-1.339058750948469
2012-01-06 06:00:00,-1.2152402645636244
2012-01-06 07:00:00,-0.24597287072873597
2012-01-06 08:00:00,-0.3078048239795958
2012-01-06 09:00:00,0.0
2012-01-06 10:00:00,1.2944671912609396
2012-01-06 11:00:00,1.5062931577728371
2012-01-06 12:00:00,0.0
2012-01-06 13:00:00,1.3306388839126935
2012-01-06 14:00:00,1.185900586677978
2012-01-06 15:00:00,1.139475095112126
2012-01-06 16:00:00,1.2376333208978612
2012-01-06 17:00:00,1.3771674287339635
2012-01-06 18:00:00,1.5425163770522974
2012-01-06 19:00:00,0.0
2012-01-06 20:00:00,1.6510314550075489
2012-01-06 21:00:00,0.0
2012-01-06 22:00:00,0.0
2012-01-06 23:00:00,-0.6790026499955686
2012-01-07 00:00:00,-1.3234977093803326
2012-01-07 01:00:00,-1.3442114137193726
2012-01-07 02:00:00,-1.3648735914306998
2012-01-07 03:00:00,-1.416451745767455
2012-01-07 04:00:00,-1.4061464202256477
2012-01-07 05:00:00,0.0
2012-01-07 06:00:00,0.0
2012-01-07 07:00:00,-0.0035916139853797774
2012-01-07 08:00:00,0.0
2012-01-07 09:00:00,0.0
2012-01-07 10:00:00,1.330690410540403
2012-01-07 11:00:00,1.3357915466835972
2012-01-07 12:00:00,0.0
2012-01-07 13:00:00,1.2892630018623266
2012-01-07 14:00:00,0.9586166318533728
2012-01-07 15:00:00,0.0
2012-01-07 16:00:00,0.0
2012-01-07 17:00:00,0.0
2012-01-07 18:00:00,0.0
2012-01-07 19:00:00,1.583840732474955
2012-01-07 20:00:00,0.0
2012-01-07 21:00:00,1.3151293689722727
2012-01-07 22:00:00,1.0154505022164504
2012-01-07 23:00:00,0.0
2012-01-08 00:00:00,-1.3441598870916633
2012-01-08 01:00:00,-1.3596694020320867
2012-01-08 02:00:00,0.0
2012-01-08 03:00:00,-1.4679783734765044
2012-01-08 04:00:00,-1.4524688585360808
2012-01-08 05:00:00,-1.3802800531157042
2012-01-08 06:00:00,0.0
2012-01-08 07:00:00,0.0
2012-01-08 08:00:00,0.0
2012-01-08 09:00:00,0.8536568912100454
2012-01-08 10:00:00,0.0
2012-01-08 11:00:00,1.3151293689722696
2012-01-08 12:00:00,1.3616579137935405
2012-01-08 13:00:00,1.2738050135496128
2012-01-08 14:00:00,0.0
2012-01-08 15:00:00,0.0
2012-01-08 16:00:00,0.0
2012-01-08 17:00:00,1.3720147659630575
2012-01-08 18:00:00,1.4494592874097558
2012-01-08 19:00:00,1.439153961867949
2012-01-08 20:00:00,1.330690410540403
2012-01-08 21:00:00,1.237633320897865
2012-01-08 22:00:00,1.0619790470377213
2012-01-08 23:00:00,-0.6119665073461024
2012-01-09 00:00:00,0.0
2012-01-09 01:00:00,-1.3545167392611799
2012-01-09 02:00:00,-1.4473677223928867
2012-01-09 03:00:00,-1.4628257107056009
2012-01-09 04:00:00,-1.4885890245601185
2012-01-09 05:00:00,-1.4319097340801692
2012-01-09 06:00:00,0.0
2012-01-09 07:00:00,0.0
2012-01-09 08:00:00,-0.3902989549417825
2012-01-09 09:00:00,0.0
2012-01-09 10:00:00,0.9689219573951804
2012-01-09 11:00:00,1.3254346945140802
2012-01-09 12:00:00,1.242785983668768
2012-01-09 13:00:00,0.0
2012-01-09 14:00:00,1.0516221948682012
2012-01-09 15:00:00,0.0
2012-01-09 16:00:00,1.072284372579532
2012-01-09 17:00:00,1.2014616282461112
2012-01-09 18:00:00,1.3409957360822136
2012-01-09 19:00:00,1.3409957360822105
2012-01-09 20:00:00,1.371963239335348
2012-01-09 21:00:00,0.0
2012-01-09 22:00:00,0.9431071169129459
2012-01-09 23:00:00,0.0
2012-01-10 00:00:00,-1.3132439104662317
2012-01-10 01:00:00,0.0
2012-01-10 02:00:00,-1.4628257107055973
2012-01-10 03:00:00,0.0
2012-01-10 04:00:00,-1.4422150596219832
2012-01-10 05:00:00,-1.4060948935979385
2012-01-10 06:00:00,-1.4009422308270316
2012-01-10 07:00:00,-0.23381258658940257
2012-01-10 08:00:00,-0.3232628122923133
2012-01-10 09:00:00,0.7243765822880406
2012-01-10 10:00:00,0.0
2012-01-10 11:00:00,1.3925738904189686
2012-01-10 12:00:00,1.2944156646332372
2012-01-10 13:00:00,0.0
2012-01-10 14:00:00,0.0
2012-01-10 15:00:00,0.0
2012-01-10 16:00:00,0.0
2012-01-10 17:00:00,1.1704941249929737
2012-01-10 18:00:00,1.340944209454504
2012-01-10 19:00:00,0.0
2012-01-10 20:00:00,1.299671380659556
2012-01-10 21:00:00,1.1084045386035695
2012-01-10 22:00:00,0.8294393761867905
2012-01-10 23:00:00,-0.6686973244537613
2012-01-11 00:00:00,-1.4112990829965548
2012-01-11 01:00:00,-1.411247556368842
2012-01-11 02:00:00,-1.4679783734765044
2012-01-11 03:00:00,0.0
2012-01-11 04:00:00,-1.488589024560122
2012-01-11 05:00:00,-1.4267570713092657
2012-01-11 06:00:00,-1.4319097340801725
2012-01-11 07:00:00,-0.28198998349736165
2012-01-11 08:00:00,0.0
2012-01-11 09:00:00,0.5127051956592781
2012-01-11 10:00:00,1.1497804206539404
2012-01-11 11:00:00,1.3202820317431734
2012-01-11 12:00:00,0.0
2012-01-11 13:00:00,0.0
2012-01-11 14:00:00,0.0
2012-01-11 15:00:00,1.0206031649873544
2012-01-11 16:00:00,0.9586681584810822
2012-01-11 17:00:00,0.994839851132833
2012-01-11 18:00:00,1.2220722793297318
2012-01-11 19:00:00,0.0
2012-01-11 20:00:00,1.3461483988531167
2012-01-11 21:00:00,0.0
2012-01-11 22:00:00,0.8035730090768504
2012-01-11 23:00:00,0.0
2012-01-12 00:00:00,0.0
2012-01-12 01:00:00,-1.411247556368842
2012-01-12 02:00:00,-1.4782836990183115
2012-01-12 03:00:00,-1.5246576639564504
2012-01-12 04:00:00,0.0
2012-01-12 05:00:00,0.0
2012-01-12 06:00:00,0.0
2012-01-12 07:00:00,-0.44187710927853796
2012-01-12 08:00:00,-0.44697824542173203
2012-01-12 09:00:00,0.6417793980704385
2012-01-12 10:00:00,1.0877938875199558
2012-01-12 11:00:00,1.5166500099423543
2012-01-12 12:00:00,1.3151293689722696
2012-01-12 13:00:00,0.0
2012-01-12 14:00:00,1.1549846100525498
2012-01-12 15:00:00,1.03101154378458
2012-01-12 16:00:00,0.9327502647434296
2012-01-12 17:00:00,0.0
2012-01-12 18:00:00,0.0
2012-01-12 19:00:00,1.511445820543741
2012-01-12 20:00:00,1.3720147659630575
2012-01-12 21:00:00,0.0
2012-01-12 22:00:00,0.0
2012-01-12 23:00:00,0.0
2012-01-13 00:00:00,0.0
2012-01-13 01:00:00,-1.4267055446815562
2012-01-13 02:00:00,-1.5297588000996514
2012-01-13 03:00:00,0.0
2012-01-13 04:00:00,0.0
2012-01-13 05:00:00,0.0
2012-01-13 06:00:00,-1.473131036247408
2012-01-13 07:00:00,-0.3438734633759274
2012-01-13 08:00:00,0.0
2012-01-13 09:00:00,0.0
2012-01-13 10:00:00,0.9172407498030057
2012-01-13 11:00:00,0.0
2012-01-13 12:00:00,1.1911563027043075
2012-01-13 13:00:00,1.0361642065554875
2012-01-13 14:00:00,0.9689734840228929
2012-01-13 15:00:00,0.0
2012-01-13 16:00:00,0.0
2012-01-13 17:00:00,0.0
2012-01-13 18:00:00,0.0
2012-01-13 19:00:00,1.5372606610259718
2012-01-13 20:00:00,0.0
2012-01-13 21:00:00,1.3926769436743844
2012-01-13 22:00:00,0.0
2012-01-13 23:00:00,-0.7409376565018441
2012-01-14 00:00:00,0.0
2012-01-14 01:00:00,-1.3545167392611832
2012-01-14 02:00:00,0.0
2012-01-14 03:00:00,-1.5040470128728394
2012-01-14 04:00:00,-1.5143523384146467
2012-01-14 05:00:00,0.0
2012-01-14 06:00:00,-1.3131923838385222
2012-01-14 07:00:00,-0.26658352181235695
2012-01-14 08:00:00,-0.3593314516886419
2012-01-14 09:00:00,0.5161574797157804
2012-01-14 10:00:00,0.0
2012-01-14 11:00:00,0.0
2012-01-14 12:00:00,1.8473994332067258
2012-01-14 13:00:00,0.0
2012-01-14 14:00:00,0.0
2012-01-14 15:00:00,1.5786880697040482
2012-01-14 16:00:00,1.2479901730673821
2012-01-14 17:00:00,1.3461483988531173
2012-01-14 18:00:00,0.0
2012-01-14 19:00:00,0.0
2012-01-14 20:00:00,0.0
2012-01-14 21:00:00,1.2014616282461144
2012-01-14 22:00:00,0.9431071169129497
2012-01-14 23:00:00,-0.6171706967447121
2012-01-15 00:00:00,-1.2822764072130972
2012-01-15 01:00:00,0.0
2012-01-15 02:00:00,-1.437062396851076
2012-01-15 03:00:00,-1.5143523384146467
2012-01-15 04:00:00,0.0
2012-01-15 05:00:00,0.0
2012-01-15 06:00:00,0.0
2012-01-15 07:00:00,-0.20459698867836895
2012-01-15 08:00:00,-0.5243712402407182
2012-01-15 09:00:00,0.5574303085107286
2012-01-15 10:00:00,0.0
2012-01-15 11:00:00,1.439153961867949
2012-01-15 12:00:00,1.4443066246388527
2012-01-15 13:00:00,0.0
2012-01-15 14:00:00,0.0
2012-01-15 15:00:00,1.1498319472816467
2012-01-15 16:00:00,0.0
2012-01-15 17:00:00,1.2634481613800959
2012-01-15 18:00:00,1.1756467877638805
2012-01-15 19:00:00,1.3202820317431734
2012-01-15 20:00:00,1.253142835838285
2012-01-15 21:00:00,1.1652899355943604
2012-01-15 22:00:00,0.9223934125739096
2012-01-15 23:00:00,-0.6016611818042886
2012-01-16 00:00:00,-1.287429069984001
2012-01-16 01:00:00,-1.3080912476953312
2012-01-16 02:00:00,0.0
2012-01-16 03:00:00,0.0
2012-01-16 04:00:00,0.0
2012-01-16 05:00:00,-1.4060948935979385
2012-01-16 06:00:00,0.0
2012-01-16 07:00:00,0.0
2012-01-16 08:00:00,0.0
2012-01-16 09:00:00,0.0
2012-01-16 10:00:00,0.0
2012-01-16 11:00:00,0.0
2012-01-16 12:00:00,1.3099251795736573
2012-01-16 13:00:00,0.9689734840228899
2012-01-16 14:00:00,0.0
2012-01-16 15:00:00,0.0
2012-01-16 16:00:00,0.0
2012-01-16 17:00:00,1.273805013549612
2012-01-16 18:00:00,1.444358151266562
2012-01-16 19:00:00,1.5580258919927175
2012-01-16 20:00:00,1.5270068621118704
2012-01-16 21:00:00,1.2169711431865382
2012-01-16 22:00:00,0.0
2012-01-16 23:00:00,-0.5810505307206711
2012-01-17 00:00:00,0.0
2012-01-17 01:00:00,-1.3802800531157045
2012-01-17 02:00:00,-1.4679783734765044
2012-01-17 03:00:00,-1.4937416873310256
2012-01-17 04:00:00,0.0
2012-01-17 05:00:00,0.0
2012-01-17 06:00:00,0.0
2012-01-17 07:00:00,0.0
2012-01-17 08:00:00,0.0
2012-01-17 09:00:00,0.69861326843352
2012-01-17 10:00:00,1.3823200915048675
2012-01-17 11:00:00,1.439153961867949
2012-01-17 12:00:00,1.247990173067379
2012-01-17 13:00:00,0.0
2012-01-17 14:00:00,0.0
2012-01-17 15:00:00,0.9534639690824659
2012-01-17 16:00:00,0.9999409872760274
2012-01-17 17:00:00,1.0568263842668213
2012-01-17 18:00:00,0.0
2012-01-17 19:00:00,1.3616579137935405
2012-01-17 20:00:00,1.3150778423445642
2012-01-17 21:00:00,0.0
2012-01-17 22:00:00,0.9534639690824659
2012-01-17 23:00:00,-0.4727930859039662
2012-01-18 00:00:00,-1.3854842425143175
2012-01-18 01:00:00,-1.3647705381752808
2012-01-18 02:00:00,0.0
2012-01-18 03:00:00,-1.452520385163787
2012-01-18 04:00:00,0.0
2012-01-18 05:00:00,0.0
2012-01-18 06:00:00,-1.4421635329942701
2012-01-18 07:00:00,-0.282041510125071
2012-01-18 08:00:00,-0.5346765657825323
2012-01-18 09:00:00,0.471329313608911
2012-01-18 10:00:00,1.0568263842668144
2012-01-18 11:00:00,0.0
2012-01-18 12:00:00,0.0
2012-01-18 13:00:00,0.9121396136598121
2012-01-18 14:00:00,0.8656110688385413
2012-01-18 15:00:00,0.0
2012-01-18 16:00:00,0.9327502647434296
2012-01-18 17:00:00,0.9792788095646997
2012-01-18 18:00:00,0.0
2012-01-18 19:00:00,0.0
2012-01-18 20:00:00,0.0
2012-01-18 21:00:00,0.0
2012-01-18 22:00:00,0.0
2012-01-18 23:00:00,-0.606865371202905
2012-01-19 00:00:00,-1.3648220648029903
2012-01-19 01:00:00,0.0
2012-01-19 02:00:00,0.0
2012-01-19 03:00:00,-1.416400219139749
2012-01-19 04:00:00,0.0
2012-01-19 05:00:00,-1.3545167392611832
2012-01-19 06:00:00,0.0
2012-01-19 07:00:00,-0.2510224802442241
2012-01-19 08:00:00,0.0
2012-01-19 09:00:00,0.5591306872251263
2012-01-19 10:00:00,1.072284372579532
2012-01-19 11:00:00,0.0
2012-01-19 12:00:00,0.0
2012-01-19 13:00:00,1.072284372579529
2012-01-19 14:00:00,0.9741261467937928
2012-01-19 15:00:00,0.0
2012-01-19 16:00:00,1.2221238059574382
2012-01-19 17:00:00,0.0
2012-01-19 18:00:00,1.3771674287339635
2012-01-19 19:00:00,0.0
2012-01-19 20:00:00,1.475377181147406
2012-01-19 21:00:00,0.0
2012-01-19 22:00:00,0.9483113063115621
2012-01-19 23:00:00,-0.606865371202905
2012-01-20 00:00:00,-1.1998853295063325
2012-01-20 01:00:00,-1.2359024422749552
2012-01-20 02:00:00,-1.302887058296715
2012-01-20 03:00:00,0.0
2012-01-20 04:00:00,0.0
2012-01-20 05:00:00,-1.2617172827571859
2012-01-20 06:00:00,-1.2719710816712835
2012-01-20 07:00:00,0.0
2012-01-20 08:00:00,0.0
2012-01-20 09:00:00,0.0
2012-01-20 10:00:00,0.0
2012-01-20 11:00:00,1.4391539618679459
2012-01-20 12:00:00,1.299671380659556
2012-01-20 13:00:00,1.1497804206539397
2012-01-20 14:00:00,0.0
2012-01-20 15:00:00,0.9844829989633129
2012-01-20 16:00:00,0.0
2012-01-20 17:00:00,1.1394235684844165
2012-01-20 18:00:00,1.5062931577728371
2012-01-20 19:00:00,1.5063446844005466
2012-01-20 20:00:00,0.0
2012-01-20 21:00:00,1.087793887519952
2012-01-20 22:00:00,1.0103493660732599
2012-01-20 23:00:00,-0.3387208006050205
2012-01-21 00:00:00,-1.1534083113127716
2012-01-21 01:00:00,-1.2565130933585726
2012-01-21 02:00:00,0.0
2012-01-21 03:00:00,-1.3854327158866113
2012-01-21 04:00:00,-1.3132439104662348
2012-01-21 05:00:00,-1.2720226082989963
2012-01-21 06:00:00,0.0
2012-01-21 07:00:00,0.0
2012-01-21 08:00:00,0.0
2012-01-21 09:00:00,0.49539224874903776
2012-01-21 10:00:00,1.413287594758005
2012-01-21 11:00:00,1.4649688023501797
2012-01-21 12:00:00,0.0
2012-01-21 13:00:00,1.346096872225411
2012-01-21 14:00:00,1.1085075918589884
2012-01-21 15:00:00,0.9740746201660804
2012-01-21 16:00:00,0.0
2012-01-21 17:00:00,1.2841103390914266
2012-01-21 18:00:00,1.439153961867949
2012-01-21 19:00:00,1.4805298439183128
2012-01-21 20:00:00,1.340944209454504
2012-01-21 21:00:00,0.0
2012-01-21 22:00:00,0.0
2012-01-21 23:00:00,0.0
2012-01-22 00:00:00,-1.1791716251672928
2012-01-22 01:00:00,0.0
2012-01-22 02:00:00,0.0
2012-01-22 03:00:00,0.0
2012-01-22 04:00:00,-1.36482206480299
2012-01-22 05:00:00,-1.282276407213094
2012-01-22 06:00:00,0.0
2012-01-22 07:00:00,-0.14621731948402142
2012-01-22 08:00:00,-0.2613793324137441
2012-01-22 09:00:00,0.6417278714427291
2012-01-22 10:00:00,1.5631785547636243
2012-01-22 11:00:00,0.0
2012-01-22 12:00:00,1.3874727542757743
2012-01-22 13:00:00,1.3874727542757712
2012-01-22 14:00:00,0.0
2012-01-22 15:00:00,1.1860036399333966
2012-01-22 16:00:00,0.0
2012-01-22 17:00:00,0.0
2012-01-22 18:00:00,0.0
2012-01-22 19:00:00,1.6096555729571858
2012-01-22 20:00:00,0.0
2012-01-22 21:00:00,1.1290667163148964
2012-01-22 22:00:00,1.0050936500469305
2012-01-22 23:00:00,-0.2613793324137407
2012-01-23 00:00:00,-1.2152917911913372
2012-01-23 01:00:00,-1.2668184189003835
2012-01-23 02:00:00,-1.3493125498625667
2012-01-23 03:00:00,-1.3802800531157045
2012-01-23 04:00:00,-1.3442114137193726
2012-01-23 05:00:00,-1.2719710816712835
2012-01-23 06:00:00,0.0
2012-01-23 07:00:00,0.0
2012-01-23 08:00:00,-0.2149023142201796
2012-01-23 09:00:00,0.5591822138528395
2012-01-23 10:00:00,0.0
2012-01-23 11:00:00,0.0
2012-01-23 12:00:00,0.0
2012-01-23 13:00:00,0.0
2012-01-23 14:00:00,1.0826412247490482
2012-01-23 15:00:00,0.9431586435406621
2012-01-23 16:00:00,0.0
2012-01-23 17:00:00,1.3150778423445642
2012-01-23 18:00:00,1.434001299097042
2012-01-23 19:00:00,1.594146058016762
2012-01-23 20:00:00,1.408134931987102
2012-01-23 21:00:00,1.3202820317431765
2012-01-23 22:00:00,0.9224964658293283
2012-01-23 23:00:00,-0.555235690238437
2012-01-24 00:00:00,-1.3235492360080454
2012-01-24 01:00:00,0.0
2012-01-24 02:00:00,-1.4267570713092657
2012-01-24 03:00:00,0.0
2012-01-24 04:00:00,-1.4370623968510763
2012-01-24 05:00:00,0.0
2012-01-24 06:00:00,-1.2616657561294766
2012-01-24 07:00:00,-0.35933145168863806
2012-01-24 08:00:00,-0.2510224802442241
2012-01-24 09:00:00,0.3664726262209994
2012-01-24 10:00:00,0.0
2012-01-24 11:00:00,1.123965580171706
2012-01-24 12:00:00,0.0
2012-01-24 13:00:00,1.067131709808625
2012-01-24 14:00:00,0.0
2012-01-24 15:00:00,1.0154505022164504
2012-01-24 16:00:00,0.0
2012-01-24 17:00:00,1.1188129174008021
2012-01-24 18:00:00,0.0
2012-01-24 19:00:00,0.0
2012-01-24 20:00:00,1.4701214651210865
2012-01-24 21:00:00,0.0
2012-01-24 22:00:00,0.0
2012-01-24 23:00:00,-0.35242688357562724
2012-01-25 00:00:00,-1.2822764072130974
2012-01-25 01:00:00,0.0
2012-01-25 02:00:00,-1.3029385849244244
2012-01-25 03:00:00,0.0
2012-01-25 04:00:00,-1.3028870582967116
2012-01-25 05:00:00,-1.2204444539622412
2012-01-25 06:00:00,0.0
2012-01-25 07:00:00,-0.2356160185592159
2012-01-25 08:00:00,0.0
2012-01-25 09:00:00,0.0
2012-01-25 10:00:00,1.113660254629899
2012-01-25 11:00:00,0.0
2012-01-25 12:00:00,0.0
2012-01-25 13:00:00,0.0
2012-01-25 14:00:00,0.0
2012-01-25 15:00:00,0.9069354242611989
2012-01-25 16:00:00,0.9224449392016152
2012-01-25 17:00:00,0.9431071169129497
2012-01-25 18:00:00,1.216919616558825
2012-01-25 19:00:00,1.392625417046678
2012-01-25 20:00:00,1.2841103390914226
2012-01-25 21:00:00,1.0567748576391052
2012-01-25 22:00:00,0.8656110688385413
2012-01-25 23:00:00,0.0
2012-01-26 00:00:00,0.0
2012-01-26 01:00:00,-1.3493640764902763
2012-01-26 02:00:00,-1.390636905285221
2012-01-26 03:00:00,-1.416451745767455
2012-01-26 04:00:00,-1.375127390344801
2012-01-26 05:00:00,-1.3545167392611832
2012-01-26 06:00:00,-1.359617875404374
2012-01-26 07:00:00,-0.5500830274675332
2012-01-26 08:00:00,-0.3799936293999688
2012-01-26 09:00:00,0.31484294525653417
2012-01-26 10:00:00,0.8966300987193883
2012-01-26 11:00:00,0.0
2012-01-26 12:00:00,1.118812917400799
2012-01-26 13:00:00,1.0722843725795281
2012-01-26 14:00:00,1.067131709808625
2012-01-26 15:00:00,1.015398975588738
2012-01-26 16:00:00,1.067131709808625
2012-01-26 17:00:00,1.1394235684844134
2012-01-26 18:00:00,1.3719632393353511
2012-01-26 19:00:00,1.418491784156618
2012-01-26 20:00:00,1.361606387165831
2012-01-26 21:00:00,1.2170226698142437
2012-01-26 22:00:00,0.0
2012-01-26 23:00:00,0.0
2012-01-27 00:00:00,-1.3029385849244244
2012-01-27 01:00:00,-1.3390072243207596
2012-01-27 02:00:00,0.0
2012-01-27 03:00:00,0.0
2012-01-27 04:00:00,0.0
2012-01-27 05:00:00,-1.3390072243207563
2012-01-27 06:00:00,0.0
2012-01-27 07:00:00,-0.20464851530608177
2012-01-27 08:00:00,0.0
2012-01-27 09:00:00,0.4832319646096975
2012-01-27 10:00:00,1.1290667163149002
2012-01-27 11:00:00,0.0
2012-01-27 12:00:00,1.0980992130617626
2012-01-27 13:00:00,0.0
2012-01-27 14:00:00,0.9895841351065073
2012-01-27 15:00:00,0.0
2012-01-27 16:00:00,0.917292276430719
2012-01-27 17:00:00,1.077437035350432
2012-01-27 18:00:00,1.1498319472816467
2012-01-27 19:00:00,1.3565052510226336
2012-01-27 20:00:00,1.3823200915048712
2012-01-27 21:00:00,0.0
2012-01-27 22:00:00,0.9380059807697515
2012-01-27 23:00:00,0.0
2012-01-28 00:00:00,-1.3183965732371385
2012-01-28 01:00:00,0.0
2012-01-28 02:00:00,-1.406043366970229
2012-01-28 03:00:00,-1.4782836990183115
2012-01-28 04:00:00,-1.4319097340801692
2012-01-28 05:00:00,-1.3854842425143208
2012-01-28 06:00:00,-1.2101391284204304
2012-01-28 07:00:00,0.0
2012-01-28 08:00:00,0.0
2012-01-28 09:00:00,0.5368711840548167
2012-01-28 10:00:00,0.0
2012-01-28 11:00:00,0.0
2012-01-28 12:00:00,1.4753256545196995
2012-01-28 13:00:00,1.3409957360822067
2012-01-28 14:00:00,0.0
2012-01-28 15:00:00,0.0
2012-01-28 16:00:00,1.1704941249929737
2012-01-28 17:00:00,0.0
2012-01-28 18:00:00,0.0
2012-01-28 19:00:00,0.0
2012-01-28 20:00:00,0.0
2012-01-28 21:00:00,0.0
2012-01-28 22:00:00,0.875916394380349
2012-01-28 23:00:00,0.0
2012-01-29 00:00:00,-1.256564619986282
2012-01-29 01:00:00,-1.3751273903447976
2012-01-29 02:00:00,0.0
2012-01-29 03:00:00,-1.4111960297411326
2012-01-29 04:00:00,0.0
2012-01-29 05:00:00,0.0
2012-01-29 06:00:00,-1.4112990829965548
2012-01-29 07:00:00,-0.31811014952140304
2012-01-29 08:00:00,-0.4263675943381145
2012-01-29 09:00:00,0.5282662372274075
2012-01-29 10:00:00,0.0
2012-01-29 11:00:00,0.0
2012-01-29 12:00:00,1.3513010616240242
2012-01-29 13:00:00,1.2893145284900358
2012-01-29 14:00:00,0.0
2012-01-29 15:00:00,1.1136087280021865
2012-01-29 16:00:00,1.2996198540318464
2012-01-29 17:00:00,1.098150739689472
2012-01-29 18:00:00,0.0
2012-01-29 19:00:00,0.0
2012-01-29 20:00:00,1.1291697695703191
2012-01-29 21:00:00,0.0
2012-01-29 22:00:00,0.7984203463059466
2012-01-29 23:00:00,0.0
2012-01-30 00:00:00,-1.287429069984001
2012-01-30 01:00:00,-1.3493640764902761
2012-01-30 02:00:00,-1.4421635329942701
2012-01-30 03:00:00,-1.4215013552829396
2012-01-30 04:00:00,-1.4061464202256477
2012-01-30 05:00:00,-1.3957380414284186
2012-01-30 06:00:00,0.0
2012-01-30 07:00:00,0.0
2012-01-30 08:00:00,-0.3129059601227898
2012-01-30 09:00:00,0.0
2012-01-30 10:00:00,0.9379544541420428
2012-01-30 11:00:00,1.2479901730673821
2012-01-30 12:00:00,0.0
2012-01-30 13:00:00,0.9947883245051274
2012-01-30 14:00:00,0.0
2012-01-30 15:00:00,0.0
2012-01-30 16:00:00,0.8656110688385413
2012-01-30 17:00:00,0.0
2012-01-30 18:00:00,1.289314528490039
2012-01-30 19:00:00,0.0
2012-01-30 20:00:00,0.0
2012-01-30 21:00:00,1.1498319472816467
2012-01-30 22:00:00,0.9431071169129467
2012-01-30 23:00:00,0.0
2012-01-31 00:00:00,-1.282327933840807
2012-01-31 01:00:00,-1.339058750948469
2012-01-31 02:00:00,0.0
2012-01-31 03:00:00,-1.4731310362474113
2012-01-31 04:00:00,-1.4782836990183148
2012-01-31 05:00:00,-1.411247556368842
2012-01-31 06:00:00,-1.4163486925120363
2012-01-31 07:00:00,0.0
2012-01-31 08:00:00,-0.3129574867504992
2012-01-31 09:00:00,0.0
2012-01-31 10:00:00,1.0516221948682012
2012-01-31 11:00:00,1.2014616282461112
2012-01-31 12:00:00,0.994839851132833
2012-01-31 13:00:00,0.9792788095646997
2012-01-31 14:00:00,1.0619275204100118
2012-01-31 15:00:00,0.0
2012-01-31 16:00:00,1.0929465502908589
2012-01-31 17:00:00,1.2324806581269583
2012-01-31 18:00:00,1.227276468728345
2012-01-31 19:00:00,0.0
2012-01-31 20:00:00,1.4597646129515665
2012-01-31 21:00:00,1.3254346945140802
2012-01-31 22:00:00,0.9844314723356035
2012-01-31 23:00:00,-0.7460387926450416
2012-02-01 00:00:00,-1.308091247695328
2012-02-01 01:00:00,-1.3493125498625702
2012-02-01 02:00:00,0.0
2012-02-01 03:00:00,0.0
2012-02-01 04:00:00,-1.3700262542016066
2012-02-01 05:00:00,-1.3442114137193726
2012-02-01 06:00:00,-1.4164517457674586
2012-02-01 07:00:00,0.0
2012-02-01 08:00:00,-0.3593314516886419
2012-02-01 09:00:00,0.0
2012-02-01 10:00:00,0.9379029275143327
2012-02-01 11:00:00,0.0
2012-02-01 12:00:00,1.2118184804156342
2012-02-01 13:00:00,1.0206031649873544
2012-02-01 14:00:00,1.0464695320972974
2012-02-01 15:00:00,0.0
2012-02-01 16:00:00,0.0
2012-02-01 17:00:00,1.2117669537879219
2012-02-01 18:00:00,1.1652899355943567
2012-02-01 19:00:00,1.3513010616240173
2012-02-01 20:00:00,0.0
2012-02-01 21:00:00,0.0
2012-02-01 22:00:00,0.9120880870320989
2012-02-01 23:00:00,-0.4676404231330593
2012-02-02 00:00:00,0.0
2012-02-02 01:00:00,0.0
2012-02-02 02:00:00,0.0
2012-02-02 03:00:00,0.0
2012-02-02 04:00:00,-1.4008907041993222
2012-02-02 05:00:00,0.0
2012-02-02 06:00:00,-1.349364076490273
2012-02-02 07:00:00,-0.17373253868065358
2012-02-02 08:00:00,0.0
2012-02-02 09:00:00,0.0
2012-02-02 10:00:00,0.0
2012-02-02 11:00:00,0.0
2012-02-02 12:00:00,1.061927520410009
2012-02-02 13:00:00,0.0
2012-02-02 14:00:00,1.046418005469585
2012-02-02 15:00:00,1.0102978394455475
2012-02-02 16:00:00,0.9379029275143365
2012-02-02 17:00:00,0.0
2012-02-02 18:00:00,1.1911563027043006
2012-02-02 19:00:00,1.2789576763205188
2012-02-02 20:00:00,0.0
2012-02-02 21:00:00,1.196257438847495
2012-02-02 22:00:00,0.9844314723356035
2012-02-02 23:00:00,-0.48825107421668024
2012-02-03 00:00:00,0.0
2012-02-03 01:00:00,-1.3699232009461844
2012-02-03 02:00:00,0.0
2012-02-03 03:00:00,0.0
2012-02-03 04:00:00,-1.4319097340801725
2012-02-03 05:00:00,-1.35966940203209
2012-02-03 06:00:00,0.0
2012-02-03 07:00:00,-0.30780482397959236
2012-02-03 08:00:00,0.0
2012-02-03 09:00:00,0.07962388976472962
2012-02-03 10:00:00,1.1446277578830366
2012-02-03 11:00:00,1.3874727542757712
2012-02-03 12:00:00,1.4598161395792757
2012-02-03 13:00:00,1.325537747769496
2012-02-03 14:00:00,0.0
2012-02-03 15:00:00,1.0258073543859676
2012-02-03 16:00:00,0.9947883245051206
2012-02-03 17:00:00,0.0
2012-02-03 18:00:00,1.284161865719132
2012-02-03 19:00:00,1.2996198540318464
2012-02-03 20:00:00,0.0
2012-02-03 21:00:00,0.0
2012-02-03 22:00:00,0.0
2012-02-03 23:00:00,-0.42126645819491704
2012-02-04 00:00:00,-1.3080397210676185
2012-02-04 01:00:00,0.0
2012-02-04 02:00:00,-1.406146420225648
2012-02-04 03:00:00,-1.4885890245601254
2012-02-04 04:00:00,-1.5091996756437396
2012-02-04 05:00:00,-1.416451745767455
2012-02-04 06:00:00,0.0
2012-02-04 07:00:00,0.0
2012-02-04 08:00:00,0.0
2012-02-04 09:00:00,0.6729530078344136
2012-02-04 10:00:00,0.0
2012-02-04 11:00:00,0.0
2012-02-04 12:00:00,0.0
2012-02-04 13:00:00,1.2117669537879219
2012-02-04 14:00:00,0.0
2012-02-04 15:00:00,0.9844314723356035
2012-02-04 16:00:00,1.046418005469585
2012-02-04 17:00:00,1.0619275204100118
2012-02-04 18:00:00,1.1911563027043035
2012-02-04 19:00:00,0.0
2012-02-04 20:00:00,1.3925738904189686
2012-02-04 21:00:00,0.0
2012-02-04 22:00:00,0.8242867134158905
2012-02-04 23:00:00,0.0
2012-02-05 00:00:00,-1.292633259382617
2012-02-05 01:00:00,-1.3390072243207594
2012-02-05 02:00:00,-1.442163532994267
2012-02-05 03:00:00,-1.4061464202256477
2012-02-05 04:00:00,-1.385432715886608
2012-02-05 05:00:00,0.0
2012-02-05 06:00:00,-1.4164002191397456
2012-02-05 07:00:00,-0.21495384084789207
2012-02-05 08:00:00,0.0
2012-02-05 09:00:00,0.7556532453074353
2012-02-05 10:00:00,0.0
2012-02-05 11:00:00,0.0
2012-02-05 12:00:00,1.588993395245855
2012-02-05 13:00:00,0.0
2012-02-05 14:00:00,1.1859521133056874
2012-02-05 15:00:00,0.9586166318533728
2012-02-05 16:00:00,1.284161865719132
2012-02-05 17:00:00,1.2066142910170143
2012-02-05 18:00:00,0.0
2012-02-05 19:00:00,1.6509799283798425
2012-02-05 20:00:00,0.0
2012-02-05 21:00:00,0.0
2012-02-05 22:00:00,0.9431071169129497
2012-02-05 23:00:00,-0.7563956448145612
2012-02-06 00:00:00,-1.2616657561294766
2012-02-06 01:00:00,-1.3287018987789492
2012-02-06 02:00:00,-1.3700262542016066
2012-02-06 03:00:00,-1.3906369052852277
2012-02-06 04:00:00,0.0
2012-02-06 05:00:00,0.0
2012-02-06 06:00:00,0.0
2012-02-06 07:00:00,0.0497384456934831
2012-02-06 08:00:00,-0.2717361845832604
2012-02-06 09:00:00,0.7777581685946136
2012-02-06 10:00:00,0.9689219573951835
2012-02-06 11:00:00,1.4029822692161942
2012-02-06 12:00:00,0.0
2012-02-06 13:00:00,1.2169711431865342
2012-02-06 14:00:00,0.9999409872760266
2012-02-06 15:00:00,0.0
2012-02-06 16:00:00,1.0774885619781451
2012-02-06 17:00:00,1.0050936500469305
2012-02-06 18:00:00,1.2737534869219027
2012-02-06 19:00:00,0.0
2012-02-06 20:00:00,1.3099251795736573
2012-02-06 21:00:00,1.1187613907730927
2012-02-06 22:00:00,0.0
2012-02-06 23:00:00,0.0
2012-02-07 00:00:00,-1.2771237444421903
2012-02-07 01:00:00,-1.375178916972507
2012-02-07 02:00:00,0.0
2012-02-07 03:00:00,-1.3906369052852243
2012-02-07 04:00:00,-1.3802800531157011
2012-02-07 05:00:00,0.0
2012-02-07 06:00:00,0.0
2012-02-07 07:00:00,0.0
2012-02-07 08:00:00,0.0
2012-02-07 09:00:00,0.5901497171059733
2012-02-07 10:00:00,0.0
2012-02-07 11:00:00,0.0
2012-02-07 12:00:00,0.0
2012-02-07 13:00:00,1.1394235684844203
2012-02-07 14:00:00,0.0
2012-02-07 15:00:00,0.9999409872760274
2012-02-07 16:00:00,0.9689219573951804
2012-02-07 17:00:00,0.0
2012-02-07 18:00:00,1.263499688007802
2012-02-07 19:00:00,0.0
2012-02-07 20:00:00,1.1601372728234605
2012-02-07 21:00:00,1.0826412247490482
2012-02-07 22:00:00,0.0
2012-02-07 23:00:00,-0.5914073828901908
2012-02-08 00:00:00,0.0
2012-02-08 01:00:00,-1.3648220648029903
2012-02-08 02:00:00,0.0
2012-02-08 03:00:00,-1.4112990829965517
2012-02-08 04:00:00,0.0
2012-02-08 05:00:00,-1.3751273903447974
2012-02-08 06:00:00,-1.3544652126334702
2012-02-08 07:00:00,-0.08428231297774627
2012-02-08 08:00:00,-0.4108580793976876
2012-02-08 09:00:00,0.0
2012-02-08 10:00:00,0.7880634941364235
2012-02-08 11:00:00,0.0
2012-02-08 12:00:00,1.1652899355943604
2012-02-08 13:00:00,1.0102978394455475
2012-02-08 14:00:00,0.8862732465498682
2012-02-08 15:00:00,0.0
2012-02-08 16:00:00,0.0
2012-02-08 17:00:00,0.0
2012-02-08 18:00:00,1.0774885619781451
2012-02-08 19:00:00,1.371963239335348
2012-02-08 20:00:00,1.3099251795736564
2012-02-08 21:00:00,1.2221238059574382
2012-02-08 22:00:00,0.9688704307674673
2012-02-08 23:00:00,0.0
2012-02-09 00:00:00,-1.3286503721512395
2012-02-09 01:00:00,-1.3596178754043773
2012-02-09 02:00:00,-1.3957895680561279
2012-02-09 03:00:00,-1.4318582074524597
2012-02-09 04:00:00,-1.4318582074524597
2012-02-09 05:00:00,-1.4008907041993222
2012-02-09 06:00:00,0.0
2012-02-09 07:00:00,0.0
2012-02-09 08:00:00,-0.46764042313305587
2012-02-09 09:00:00,0.528214710599698
2012-02-09 10:00:00,1.0154505022164544
2012-02-09 11:00:00,0.0
2012-02-09 12:00:00,1.1600857461957441
2012-02-09 13:00:00,0.0
2012-02-09 14:00:00,0.932801791371142
2012-02-09 15:00:00,0.901782761490292
2012-02-09 16:00:00,0.9482082530561403
2012-02-09 17:00:00,0.9895841351065073
2012-02-09 18:00:00,0.0
2012-02-09 19:00:00,1.3926769436743844
2012-02-09 20:00:00,1.2479901730673812
2012-02-09 21:00:00,1.0619790470377182
2012-02-09 22:00:00,0.881069057151255
2012-02-09 23:00:00,0.0
2012-02-10 00:00:00,-1.323549236008042
2012-02-10 01:00:00,0.0
2012-02-10 02:00:00,-1.369974727573894
2012-02-10 03:00:00,0.0
2012-02-10 04:00:00,-1.4060948935979385
2012-02-10 05:00:00,0.0
2012-02-10 06:00:00,-1.4422150596219798
2012-02-10 07:00:00,-0.41611379542401017
2012-02-10 08:00:00,-0.2768373207264582
2012-02-10 09:00:00,0.4144954432458334
2012-02-10 10:00:00,0.9999409872760274
2012-02-10 11:00:00,1.2169711431865342
2012-02-10 12:00:00,0.0
2012-02-10 13:00:00,0.0
2012-02-10 14:00:00,0.0
2012-02-10 15:00:00,0.901782761490292
2012-02-10 16:00:00,0.9017312348625827
2012-02-10 17:00:00,1.0309600171568742
2012-02-10 18:00:00,1.2841103390914226
2012-02-10 19:00:00,0.0
2012-02-10 20:00:00,0.0
2012-02-10 21:00:00,1.1498319472816467
2012-02-10 22:00:00,0.0
2012-02-10 23:00:00,0.0
2012-02-11 00:00:00,-1.308142774323041
2012-02-11 01:00:00,0.0
2012-02-11 02:00:00,0.0
2012-02-11 03:00:00,-1.4163486925120363
2012-02-11 04:00:00,-1.4112475563688387
2012-02-11 05:00:00,-1.3699232009461813
2012-02-11 06:00:00,0.0
2012-02-11 07:00:00,0.0
2012-02-11 08:00:00,-0.25107400687193343
2012-02-11 09:00:00,0.4592720827249926
2012-02-11 10:00:00,1.909334439713001
2012-02-11 11:00:00,0.0
2012-02-11 12:00:00,0.0
2012-02-11 13:00:00,1.2273279953560543
2012-02-11 14:00:00,1.098150739689472
2012-02-11 15:00:00,0.9741261467937928
2012-02-11 16:00:00,0.0
2012-02-11 17:00:00,1.1291182429426065
2012-02-11 18:00:00,0.0
2012-02-11 19:00:00,0.0
2012-02-11 20:00:00,0.0
2012-02-11 21:00:00,1.1291182429426097
2012-02-11 22:00:00,0.8294393761867905
2012-02-11 23:00:00,0.0
2012-02-12 00:00:00,-1.302887058296715
2012-02-12 01:00:00,-1.4060433669702257
2012-02-12 02:00:00,-1.4525203851637902
2012-02-12 03:00:00,-1.5246576639564537
2012-02-12 04:00:00,0.0
2012-02-12 05:00:00,-1.4421635329942701
2012-02-12 06:00:00,-1.4628257107055973
2012-02-12 07:00:00,0.0
2012-02-12 08:00:00,-0.282041510125071
2012-02-12 09:00:00,0.0
2012-02-12 10:00:00,2.085040240200851
2012-02-12 11:00:00,0.0
2012-02-12 12:00:00,1.8163288766981727
2012-02-12 13:00:00,1.1033034024603758
2012-02-12 14:00:00,1.0671317098086281
2012-02-12 15:00:00,0.9844314723356035
2012-02-12 16:00:00,0.9379544541420459
2012-02-12 17:00:00,0.0
2012-02-12 18:00:00,0.0
2012-02-12 19:00:00,0.0
2012-02-12 20:00:00,0.0
2012-02-12 21:00:00,1.2893145284900358
2012-02-12 22:00:00,0.0
2012-02-12 23:00:00,-0.6841553127664753
2012-02-13 00:00:00,-1.323549236008042
2012-02-13 01:00:00,-1.3493125498625635
2012-02-13 02:00:00,-1.4370623968510727
2012-02-13 03:00:00,-1.4834363617892152
2012-02-13 04:00:00,-1.4988943501019325
2012-02-13 05:00:00,0.0
2012-02-13 06:00:00,-0.9935211855315952
2012-02-13 07:00:00,0.17695768950712387
2012-02-13 08:00:00,0.0
2012-02-13 09:00:00,0.0
2012-02-13 10:00:00,0.9844314723356035
2012-02-13 11:00:00,1.160188799451166
2012-02-13 12:00:00,1.1291182429426097
2012-02-13 13:00:00,0.9999409872760274
2012-02-13 14:00:00,0.953463969082469
2012-02-13 15:00:00,0.0
2012-02-13 16:00:00,1.0155020288441636
2012-02-13 17:00:00,0.0
2012-02-13 18:00:00,0.0
2012-02-13 19:00:00,0.0
2012-02-13 20:00:00,0.0
2012-02-13 21:00:00,0.0
2012-02-13 22:00:00,0.0
2012-02-13 23:00:00,0.0
2012-02-14 00:00:00,-1.215240264563628
2012-02-14 01:00:00,-1.36482206480299
2012-02-14 02:00:00,-1.4318066808247503
2012-02-14 03:00:00,-1.4730795096196985
2012-02-14 04:00:00,0.0
2012-02-14 05:00:00,0.0
2012-02-14 06:00:00,-1.4060948935979385
2012-02-14 07:00:00,-0.3009002558665846
2012-02-14 08:00:00,0.0
2012-02-14 09:00:00,0.565880675455009
2012-02-14 10:00:00,0.7518918014846765
2012-02-14 11:00:00,1.1498319472816467
2012-02-14 12:00:00,0.0
2012-02-14 13:00:00,0.0
2012-02-14 14:00:00,0.8656110688385413
2012-02-14 15:00:00,0.7777066419669065
2012-02-14 16:00:00,0.0
2012-02-14 17:00:00,0.9327502647434296
2012-02-14 18:00:00,0.0
2012-02-14 19:00:00,1.2066142910170181
2012-02-14 20:00:00,1.3099767062013665
2012-02-14 21:00:00,0.0
2012-02-14 22:00:00,0.8087771984754598
2012-02-14 23:00:00,-0.3851462921708722
2012-02-15 00:00:00,0.0
2012-02-15 01:00:00,0.0
2012-02-15 02:00:00,0.0
2012-02-15 03:00:00,0.0
2012-02-15 04:00:00,-1.421604408538362
2012-02-15 05:00:00,0.0
2012-02-15 06:00:00,0.0
2012-02-15 07:00:00,-0.48119192622053747
2012-02-15 08:00:00,0.0
2012-02-15 09:00:00,0.5126536690315656
2012-02-15 10:00:00,0.0
2012-02-15 11:00:00,0.0
2012-02-15 12:00:00,0.0
2012-02-15 13:00:00,1.0464695320972983
2012-02-15 14:00:00,0.0
2012-02-15 15:00:00,0.9224964658293283
2012-02-15 16:00:00,0.9844829989633167
2012-02-15 17:00:00,1.0568263842668182
2012-02-15 18:00:00,0.0
2012-02-15 19:00:00,0.0
2012-02-15 20:00:00,1.2841103390914226
2012-02-15 21:00:00,1.1859521133056912
2012-02-15 22:00:00,0.8759163943803482
2012-02-15 23:00:00,0.0
2012-02-16 00:00:00,-1.2977343955258114
2012-02-16 01:00:00,-1.369974727573894
2012-02-16 02:00:00,-1.4215528819106524
2012-02-16 03:00:00,0.0
2012-02-16 04:00:00,0.0
2012-02-16 05:00:00,-1.3442114137193726
2012-02-16 06:00:00,0.0
2012-02-16 07:00:00,-0.3078048239795958
2012-02-16 08:00:00,0.0
2012-02-16 09:00:00,0.500596438147651
2012-02-16 10:00:00,0.8449488911272106
2012-02-16 11:00:00,0.0
2012-02-16 12:00:00,1.118812917400799
2012-02-16 13:00:00,0.7932676835350397
2012-02-16 14:00:00,0.932801791371136
2012-02-16 15:00:00,0.736433813171959
2012-02-16 16:00:00,0.0
2012-02-16 17:00:00,0.0
2012-02-16 18:00:00,1.2066658176447274
2012-02-16 19:00:00,1.237633320897865
2012-02-16 20:00:00,1.2789576763205197
2012-02-16 21:00:00,0.0
2012-02-16 22:00:00,0.0
2012-02-16 23:00:00,0.0
2012-02-17 00:00:00,-1.3132439104662348
2012-02-17 01:00:00,0.0
2012-02-17 02:00:00,0.0
2012-02-17 03:00:00,0.0
2012-02-17 04:00:00,0.0
2012-02-17 05:00:00,-1.385432715886608
2012-02-17 06:00:00,0.0
2012-02-17 07:00:00,-0.47794574867486656
2012-02-17 08:00:00,0.0
2012-02-17 09:00:00,0.0
2012-02-17 10:00:00,0.8811205837789644
2012-02-17 11:00:00,1.2014616282461112
2012-02-17 12:00:00,0.0
2012-02-17 13:00:00,1.0154505022164504
2012-02-17 14:00:00,1.0929465502908557
2012-02-17 15:00:00,0.767452843052806
2012-02-17 16:00:00,0.8656110688385413
2012-02-17 17:00:00,0.9741261467937967
2012-02-17 18:00:00,0.0
2012-02-17 19:00:00,1.3616579137935374
2012-02-17 20:00:00,1.5270068621118735
2012-02-17 21:00:00,1.3048240434304597
2012-02-17 22:00:00,0.9689219573951804
2012-02-17 23:00:00,-0.570745205178864
2012-02-18 00:00:00,-1.2822764072130939
2012-02-18 01:00:00,-1.318345046609429
2012-02-18 02:00:00,-1.4164002191397456
2012-02-18 03:00:00,0.0
2012-02-18 04:00:00,-1.4164002191397456
2012-02-18 05:00:00,-1.3286503721512362
2012-02-18 06:00:00,0.0
2012-02-18 07:00:00,-0.25622666964283725
2012-02-18 08:00:00,-0.15652264502583552
2012-02-18 09:00:00,0.0
2012-02-18 10:00:00,1.2479901730673781
2012-02-18 11:00:00,1.258295498609189
2012-02-18 12:00:00,1.2480416996950907
2012-02-18 13:00:00,1.0154505022164513
2012-02-18 14:00:00,0.9483113063115621
2012-02-18 15:00:00,0.932801791371139
2012-02-18 16:00:00,0.9586166318533728
2012-02-18 17:00:00,0.0
2012-02-18 18:00:00,0.0
2012-02-18 19:00:00,1.3771674287339635
2012-02-18 20:00:00,1.2790092029482283
2012-02-18 21:00:00,1.1394235684844203
2012-02-18 22:00:00,0.8811205837789644
2012-02-18 23:00:00,-0.7048690171055121
2012-02-19 00:00:00,-1.2616657561294766
2012-02-19 01:00:00,0.0
2012-02-19 02:00:00,0.0
2012-02-19 03:00:00,-1.4061464202256513
2012-02-19 04:00:00,0.0
2012-02-19 05:00:00,0.0
2012-02-19 06:00:00,0.0
2012-02-19 07:00:00,0.0
2012-02-19 08:00:00,-0.35417878891773463
2012-02-19 09:00:00,0.056900646945041634
2012-02-19 10:00:00,0.912088087032102
2012-02-19 11:00:00,0.0
2012-02-19 12:00:00,1.1084560652312827
2012-02-19 13:00:00,1.2686523507787089
2012-02-19 14:00:00,0.8966300987193845
2012-02-19 15:00:00,0.0
2012-02-19 16:00:00,0.0
2012-02-19 17:00:00,0.0
2012-02-19 18:00:00,1.2428375102964744
2012-02-19 19:00:00,1.3720147659630575
2012-02-19 20:00:00,0.0
2012-02-19 21:00:00,1.2169711431865342
2012-02-19 22:00:00,0.9637692946242766
2012-02-19 23:00:00,-0.4057569432544932
2012-02-20 00:00:00,-1.2049864656495266
2012-02-20 01:00:00,0.0
2012-02-20 02:00:00,0.0
2012-02-20 03:00:00,-1.3390072243207596
2012-02-20 04:00:00,0.0
2012-02-20 05:00:00,-1.246207767816762
2012-02-20 06:00:00,-1.2668184189003835
2012-02-20 07:00:00,0.0
2012-02-20 08:00:00,0.0
2012-02-20 09:00:00,0.38182756127829776
2012-02-20 10:00:00,0.6848041322074938
2012-02-20 11:00:00,0.0
2012-02-20 12:00:00,0.0
2012-02-20 13:00:00,1.1032518758326657
2012-02-20 14:00:00,1.056774857639108
2012-02-20 15:00:00,0.0
2012-02-20 16:00:00,0.0
2012-02-20 17:00:00,1.0154505022164475
2012-02-20 18:00:00,1.1704941249929737
2012-02-20 19:00:00,1.1756467877638805
2012-02-20 20:00:00,1.3099251795736573
2012-02-20 21:00:00,1.1291697695703191
2012-02-20 22:00:00,1.0464695320972974
2012-02-20 23:00:00,-0.2905434036970649
2012-02-21 00:00:00,0.0
2012-02-21 01:00:00,-1.107034346374626
2012-02-21 02:00:00,-1.1482556485418614
2012-02-21 03:00:00,-1.1482556485418647
2012-02-21 04:00:00,-1.2874805966117102
2012-02-21 05:00:00,-1.3493125498625635
2012-02-21 06:00:00,0.0
2012-02-21 07:00:00,0.0
2012-02-21 08:00:00,-0.4521309081926358
2012-02-21 09:00:00,0.0
2012-02-21 10:00:00,0.8190825240172704
2012-02-21 11:00:00,0.0
2012-02-21 12:00:00,1.5425679036800037
2012-02-21 13:00:00,0.0
2012-02-21 14:00:00,0.0
2012-02-21 15:00:00,1.1912078293320099
2012-02-21 16:00:00,1.0619790470377213
2012-02-21 17:00:00,1.2582439719814795
2012-02-21 18:00:00,0.0
2012-02-21 19:00:00,0.0
2012-02-21 20:00:00,1.371963239335348
2012-02-21 21:00:00,0.0
2012-02-21 22:00:00,0.8449488911272144
2012-02-21 23:00:00,-0.4006042804835863
2012-02-22 00:00:00,0.0
2012-02-22 01:00:00,-1.287429069984001
2012-02-22 02:00:00,0.0
2012-02-22 03:00:00,-1.3544652126334737
2012-02-22 04:00:00,-1.385432715886608
2012-02-22 05:00:00,0.0
2012-02-22 06:00:00,-1.3287534254066586
2012-02-22 07:00:00,0.0
2012-02-22 08:00:00,0.0
2012-02-22 09:00:00,0.15480123959223308
2012-02-22 10:00:00,0.0
2012-02-22 11:00:00,0.0
2012-02-22 12:00:00,0.0
2012-02-22 13:00:00,0.8656110688385443
2012-02-22 14:00:00,0.7777581685946167
2012-02-22 15:00:00,0.6951094577493013
2012-02-22 16:00:00,0.0
2012-02-22 17:00:00,1.041265342698681
2012-02-22 18:00:00,0.0
2012-02-22 19:00:00,0.0
2012-02-22 20:00:00,0.0
2012-02-22 21:00:00,0.0
2012-02-22 22:00:00,0.0
2012-02-22 23:00:00,-0.6017127084320015
2012-02-23 00:00:00,-1.2977343955258114
2012-02-23 01:00:00,0.0
2012-02-23 02:00:00,0.0
2012-02-23 03:00:00,-1.4627741840778878
2012-02-23 04:00:00,-1.4731310362474113
2012-02-23 05:00:00,-1.411247556368842
2012-02-23 06:00:00,-1.3338545615498525
2012-02-23 07:00:00,-0.4315202571090145
2012-02-23 08:00:00,0.0
2012-02-23 09:00:00,0.0
2012-02-23 10:00:00,0.0
2012-02-23 11:00:00,1.7026611359720103
2012-02-23 12:00:00,1.4443581512665582
2012-02-23 13:00:00,1.2480416996950907
2012-02-23 14:00:00,0.9844314723356035
2012-02-23 15:00:00,0.9069354242611951
2012-02-23 16:00:00,0.8242351867881773
2012-02-23 17:00:00,0.9223934125739096
2012-02-23 18:00:00,0.9792788095646997
2012-02-23 19:00:00,1.2221753325851474
2012-02-23 20:00:00,0.0
2012-02-23 21:00:00,0.8707122049817357
2012-02-23 22:00:00,0.767452843052806
2012-02-23 23:00:00,0.0
2012-02-24 00:00:00,0.0
2012-02-24 01:00:00,-1.4267570713092657
2012-02-24 02:00:00,-1.4782836990183115
2012-02-24 03:00:00,-1.488589024560122
2012-02-24 04:00:00,-1.5091996756437396
2012-02-24 05:00:00,-1.4267055446815562
2012-02-24 06:00:00,0.0
2012-02-24 07:00:00,-0.2853392142984517
2012-02-24 08:00:00,-0.38514629217087565
2012-02-24 09:00:00,0.05159340429100966
2012-02-24 10:00:00,0.746739138713769
2012-02-24 11:00:00,0.0
2012-02-24 12:00:00,0.9431071169129459
2012-02-24 13:00:00,0.886273246549872
2012-02-24 14:00:00,0.9017312348625827
2012-02-24 15:00:00,0.7209242982315321
2012-02-24 16:00:00,0.0
2012-02-24 17:00:00,1.067080183180912
2012-02-24 18:00:00,1.098150739689469
2012-02-24 19:00:00,1.1549846100525498
2012-02-24 20:00:00,1.2325321847546675
2012-02-24 21:00:00,1.1446277578830297
2012-02-24 22:00:00,0.0
2012-02-24 23:00:00,-0.6584435255396605
2012-02-25 00:00:00,0.0
2012-02-25 01:00:00,-1.4060948935979385
2012-02-25 02:00:00,-1.467978373476501
2012-02-25 03:00:00,-1.4576215213069843
2012-02-25 04:00:00,0.0
2012-02-25 05:00:00,0.0
2012-02-25 06:00:00,-1.246207767816759
2012-02-25 07:00:00,0.0
2012-02-25 08:00:00,-0.4418771092785345
2012-02-25 09:00:00,0.23750147706525468
2012-02-25 10:00:00,1.0206031649873581
2012-02-25 11:00:00,1.263499688007802
2012-02-25 12:00:00,1.299671380659556
2012-02-25 13:00:00,1.2066142910170181
2012-02-25 14:00:00,0.0
2012-02-25 15:00:00,0.8966300987193883
2012-02-25 16:00:00,1.061927520410009
2012-02-25 17:00:00,0.0
2012-02-25 18:00:00,1.2530913092105758
2012-02-25 19:00:00,0.0
2012-02-25 20:00:00,0.0
2012-02-25 21:00:00,1.0671317098086281
2012-02-25 22:00:00,0.8397962283563106
2012-02-25 23:00:00,0.0
2012-02-26 00:00:00,0.0
2012-02-26 01:00:00,-1.3699747275738938
2012-02-26 02:00:00,-1.4473677223928831
2012-02-26 03:00:00,0.0
2012-02-26 04:00:00,0.0
2012-02-26 05:00:00,-1.3648220648029903
2012-02-26 06:00:00,-1.4009422308270316
2012-02-26 07:00:00,0.0
2012-02-26 08:00:00,-0.5089132519280041
2012-02-26 09:00:00,0.36126843682238236
2012-02-26 10:00:00,0.0
2012-02-26 11:00:00,1.087793887519952
2012-02-26 12:00:00,0.0
2012-02-26 13:00:00,0.9947883245051236
2012-02-26 14:00:00,0.8656625954662545
2012-02-26 15:00:00,0.0
2012-02-26 16:00:00,0.0
2012-02-26 17:00:00,1.1136602546298922
2012-02-26 18:00:00,1.0929465502908589
2012-02-26 19:00:00,1.2065627643893049
2012-02-26 20:00:00,1.1498319472816498
2012-02-26 21:00:00,1.0206031649873544
2012-02-26 22:00:00,0.9069354242611989
2012-02-26 23:00:00,-0.694512164935992
2012-02-27 00:00:00,0.0
2012-02-27 01:00:00,-1.3854327158866113
2012-02-27 02:00:00,-1.4267055446815562
2012-02-27 03:00:00,0.0
2012-02-27 04:00:00,0.0
2012-02-27 05:00:00,0.0
2012-02-27 06:00:00,0.0
2012-02-27 07:00:00,0.0
2012-02-27 08:00:00,-0.5140143880712016
2012-02-27 09:00:00,0.3663695729655802
2012-02-27 10:00:00,0.0
2012-02-27 11:00:00,0.9121396136598121
2012-02-27 12:00:00,1.0619790470377175
2012-02-27 13:00:00,0.0
2012-02-27 14:00:00,0.8242867134158867
2012-02-27 15:00:00,0.0
2012-02-27 16:00:00,0.9379544541420459
2012-02-27 17:00:00,0.0
2012-02-27 18:00:00,0.0
2012-02-27 19:00:00,1.2583470252368982
2012-02-27 20:00:00,0.0
2012-02-27 21:00:00,1.1136602546298953
2012-02-27 22:00:00,0.0
2012-02-27 23:00:00,0.0
2012-02-28 00:00:00,0.0
2012-02-28 01:00:00,-1.3442114137193726
2012-02-28 02:00:00,0.0
2012-02-28 03:00:00,-1.426757071309269
2012-02-28 04:00:00,-1.4111960297411292
2012-02-28 05:00:00,-1.3545167392611832
2012-02-28 06:00:00,-1.369974727573894
2012-02-28 07:00:00,-0.4109611326531098
2012-02-28 08:00:00,-0.23561601855921935
2012-02-28 09:00:00,0.06694833934830842
2012-02-28 10:00:00,0.0
2012-02-28 11:00:00,1.134322432341219
2012-02-28 12:00:00,0.0
2012-02-28 13:00:00,0.0
2012-02-28 14:00:00,1.0154505022164544
2012-02-28 15:00:00,0.0
2012-02-28 16:00:00,0.8966300987193883
2012-02-28 17:00:00,0.0
2012-02-28 18:00:00,1.1033549290880844
2012-02-28 19:00:00,1.2789576763205188
2012-02-28 20:00:00,0.0
2012-02-28 21:00:00,0.0
2012-02-28 22:00:00,1.072284372579532
2012-02-28 23:00:00,-0.28013502489983544
2012-02-29 00:00:00,0.0
2012-02-29 01:00:00,-1.3700262542016066
2012-02-29 02:00:00,-1.4422150596219798
2012-02-29 03:00:00,0.0
2012-02-29 04:00:00,-1.4216044085383652
2012-02-29 05:00:00,0.0
2012-02-29 06:00:00,0.0
2012-02-29 07:00:00,0.0
2012-02-29 08:00:00,-0.3542303155454474
2012-02-29 09:00:00,0.0
2012-02-29 10:00:00,0.0
2012-02-29 11:00:00,0.9431586435406553
2012-02-29 12:00:00,0.9534639690824698
2012-02-29 13:00:00,1.046418005469588
2012-02-29 14:00:00,0.9224964658293283
2012-02-29 15:00:00,0.7829108313655204
2012-02-29 16:00:00,0.0
2012-02-29 17:00:00,0.0
2012-02-29 18:00:00,0.0
2012-02-29 19:00:00,1.2014616282461112
2012-02-29 20:00:00,1.0413168693263943
2012-02-29 21:00:00,0.8552026900413119
2012-02-29 22:00:00,0.7467906653414752
2012-02-29 23:00:00,-0.4263675943381145
2012-03-01 00:00:00,0.0
2012-03-01 01:00:00,-1.3751273903448042
2012-03-01 02:00:00,0.0
2012-03-01 03:00:00,0.0
2012-03-01 04:00:00,-1.457673047934694
2012-03-01 05:00:00,-1.375127390344801
2012-03-01 06:00:00,-1.4215528819106524
2012-03-01 07:00:00,0.0
2012-03-01 08:00:00,0.0
2012-03-01 09:00:00,-0.03095225329888339
2012-03-01 10:00:00,0.0
2012-03-01 11:00:00,1.046418005469588
2012-03-01 12:00:00,0.8862217199221588
2012-03-01 13:00:00,0.9689734840228891
2012-03-01 14:00:00,0.0
2012-03-01 15:00:00,0.7932676835350397
2012-03-01 16:00:00,0.9121396136598152
2012-03-01 17:00:00,0.9327502647434296
2012-03-01 18:00:00,0.0
2012-03-01 19:00:00,1.3151808955999797
2012-03-01 20:00:00,1.247990173067385
2012-03-01 21:00:00,0.953463969082469
2012-03-01 22:00:00,0.0
2012-03-01 23:00:00,-0.5398292285534354
2012-03-02 00:00:00,-1.282327933840807
2012-03-02 01:00:00,0.0
2012-03-02 02:00:00,-1.4319097340801725
2012-03-02 03:00:00,0.0
2012-03-02 04:00:00,0.0
2012-03-02 05:00:00,0.0
2012-03-02 06:00:00,-1.4370623968510763
2012-03-02 07:00:00,-0.23046335578831592
2012-03-02 08:00:00,-0.45733509759124863
2012-03-02 09:00:00,-0.866198888462538
2012-03-02 10:00:00,0.8604068794399319
2012-03-02 11:00:00,1.1549330834248466
2012-03-02 12:00:00,0.9689219573951804
2012-03-02 13:00:00,0.8397962283563106
2012-03-02 14:00:00,0.0
2012-03-02 15:00:00,0.7674013164250997
2012-03-02 16:00:00,0.8914259093207689
2012-03-02 17:00:00,0.0
2012-03-02 18:00:00,1.1084560652312827
2012-03-02 19:00:00,1.2169711431865342
2012-03-02 20:00:00,1.2221753325851474
2012-03-02 21:00:00,0.9792788095647005
2012-03-02 22:00:00,0.8707637316094451
2012-03-02 23:00:00,0.0
2012-03-03 00:00:00,-1.2668184189003835
2012-03-03 01:00:00,-1.3493125498625667
2012-03-03 02:00:00,-1.4267055446815529
2012-03-03 03:00:00,-1.4319097340801725
2012-03-03 04:00:00,-1.4215528819106493
2012-03-03 05:00:00,-1.3390072243207563
2012-03-03 06:00:00,0.0
2012-03-03 07:00:00,-0.2871941728959779
2012-03-03 08:00:00,0.017019037098238123
2012-03-03 09:00:00,0.24775527597935212
2012-03-03 10:00:00,1.3254862211417866
2012-03-03 11:00:00,1.2582439719814826
2012-03-03 12:00:00,1.2582954986091919
2012-03-03 13:00:00,1.0980992130617626
2012-03-03 14:00:00,1.1342709057135165
2012-03-03 15:00:00,0.0
2012-03-03 16:00:00,0.0
2012-03-03 17:00:00,1.1394235684844165
2012-03-03 18:00:00,1.3048240434304597
2012-03-03 19:00:00,1.3823200915048675
2012-03-03 20:00:00,0.0
2012-03-03 21:00:00,0.0
2012-03-03 22:00:00,0.0
2012-03-03 23:00:00,-0.3318162324920097
2012-03-04 00:00:00,-1.1895284773368096
2012-03-04 01:00:00,0.0
2012-03-04 02:00:00,-1.3699747275738938
2012-03-04 03:00:00,-1.3906369052852243
2012-03-04 04:00:00,-1.3493125498625667
2012-03-04 05:00:00,0.0
2012-03-04 06:00:00,0.0
2012-03-04 07:00:00,-0.3626806824897285
2012-03-04 08:00:00,0.0
2012-03-04 09:00:00,0.0
2012-03-04 10:00:00,1.1807479239070742
2012-03-04 11:00:00,1.3461483988531173
2012-03-04 12:00:00,0.0
2012-03-04 13:00:00,1.2427859836687718
2012-03-04 14:00:00,0.8191340506449837
2012-03-04 15:00:00,0.9533609158270441
2012-03-04 16:00:00,0.0
2012-03-04 17:00:00,1.0154505022164544
2012-03-04 18:00:00,0.0
2012-03-04 19:00:00,1.1446277578830297
2012-03-04 20:00:00,1.041265342698682
2012-03-04 21:00:00,0.0
2012-03-04 22:00:00,0.0
2012-03-04 23:00:00,0.0
2012-03-05 00:00:00,-1.3287018987789492
2012-03-05 01:00:00,0.0
2012-03-05 02:00:00,-1.457621521306981
2012-03-05 03:00:00,-1.4576215213069843
2012-03-05 04:00:00,-1.4267055446815562
2012-03-05 05:00:00,0.0
2012-03-05 06:00:00,0.0
2012-03-05 07:00:00,0.0
2012-03-05 08:00:00,0.0
2012-03-05 09:00:00,0.02402665846666811
2012-03-05 10:00:00,0.6124092202762798
2012-03-05 11:00:00,0.0
2012-03-05 12:00:00,0.8293878495590812
2012-03-05 13:00:00,0.0
2012-03-05 14:00:00,0.0
2012-03-05 15:00:00,0.0
2012-03-05 16:00:00,0.8913743826930626
2012-03-05 17:00:00,0.0
2012-03-05 18:00:00,0.0
2012-03-05 19:00:00,0.0
2012-03-05 20:00:00,1.0206546916150636
2012-03-05 21:00:00,1.0206031649873581
2012-03-05 22:00:00,0.7880634941364273
2012-03-05 23:00:00,-0.5913558562624814
2012-03-06 00:00:00,0.0
2012-03-06 01:00:00,0.0
2012-03-06 02:00:00,-1.4627741840778878
2012-03-06 03:00:00,0.0
2012-03-06 04:00:00,0.0
2012-03-06 05:00:00,0.0
2012-03-06 06:00:00,0.0
2012-03-06 07:00:00,-0.24586981747331718
2012-03-06 08:00:00,0.0
2012-03-06 09:00:00,0.0
2012-03-06 10:00:00,0.0
2012-03-06 11:00:00,0.8656625954662507
2012-03-06 12:00:00,0.963820821251983
2012-03-06 13:00:00,0.8656110688385413
2012-03-06 14:00:00,0.0
2012-03-06 15:00:00,0.8036245357045559
2012-03-06 16:00:00,0.0
2012-03-06 17:00:00,0.917292276430719
2012-03-06 18:00:00,0.9792788095647005
2012-03-06 19:00:00,0.0
2012-03-06 20:00:00,0.8811205837789644
2012-03-06 21:00:00,0.932801791371139
2012-03-06 22:00:00,0.6951094577493044
2012-03-06 23:00:00,0.0
2012-03-07 00:00:00,-1.3544652126334702
2012-03-07 01:00:00,0.0
2012-03-07 02:00:00,0.0
2012-03-07 03:00:00,0.0
2012-03-07 04:00:00,-1.473131036247408
2012-03-07 05:00:00,-1.3699747275738972
2012-03-07 06:00:00,0.0
2012-03-07 07:00:00,0.09971927457125934
2012-03-07 08:00:00,0.0
2012-03-07 09:00:00,0.1391886713963904
2012-03-07 10:00:00,0.6899567949783976
2012-03-07 11:00:00,1.1446277578830335
2012-03-07 12:00:00,1.030908490529165
2012-03-07 13:00:00,0.0
2012-03-07 14:00:00,0.0
2012-03-07 15:00:00,0.0
2012-03-07 16:00:00,0.0
2012-03-07 17:00:00,0.0
2012-03-07 18:00:00,1.0154505022164544
2012-03-07 19:00:00,0.0
2012-03-07 20:00:00,1.2066142910170181
2012-03-07 21:00:00,0.0
2012-03-07 22:00:00,0.8965785720916789
2012-03-07 23:00:00,-0.6326286850574296
2012-03-08 00:00:00,-1.308091247695328
2012-03-08 01:00:00,-1.3338545615498525
2012-03-08 02:00:00,0.0
2012-03-08 03:00:00,-1.416451745767455
2012-03-08 04:00:00,0.0
2012-03-08 05:00:00,0.0
2012-03-08 06:00:00,-1.4009422308270347
2012-03-08 07:00:00,0.0
2012-03-08 08:00:00,0.0
2012-03-08 09:00:00,0.0
2012-03-08 10:00:00,0.0
2012-03-08 11:00:00,0.0
2012-03-08 12:00:00,0.0
2012-03-08 13:00:00,1.067131709808625
2012-03-08 14:00:00,0.8965785720916789
2012-03-08 15:00:00,0.0
2012-03-08 16:00:00,0.912088087032102
2012-03-08 17:00:00,1.041265342698681
2012-03-08 18:00:00,0.0
2012-03-08 19:00:00,1.0516221948682012
2012-03-08 20:00:00,0.0
2012-03-08 21:00:00,0.0
2012-03-08 22:00:00,0.8190825240172704
2012-03-08 23:00:00,0.0
2012-03-09 00:00:00,-1.2771752710698998
2012-03-09 01:00:00,0.0
2012-03-09 02:00:00,-1.3906369052852243
2012-03-09 03:00:00,-1.437062396851076
2012-03-09 04:00:00,0.0
2012-03-09 05:00:00,-1.3596694020320834
2012-03-09 06:00:00,-1.3493125498625667
2012-03-09 07:00:00,-0.13245970988570535
2012-03-09 08:00:00,-0.4263675943381145
2012-03-09 09:00:00,0.0
2012-03-09 10:00:00,0.0
2012-03-09 11:00:00,1.0980992130617626
2012-03-09 12:00:00,0.0
2012-03-09 13:00:00,0.0
2012-03-09 14:00:00,0.891425909320775
2012-03-09 15:00:00,0.9121396136598121
2012-03-09 16:00:00,0.9637692946242735
2012-03-09 17:00:00,0.0
2012-03-09 18:00:00,0.0
2012-03-09 19:00:00,0.0
2012-03-09 20:00:00,1.3357915466835966
2012-03-09 21:00:00,0.0
2012-03-09 22:00:00,0.0
2012-03-09 23:00:00,0.0
2012-03-10 00:00:00,-1.230749779504048
2012-03-10 01:00:00,0.0
2012-03-10 02:00:00,-1.3751789169725137
2012-03-10 03:00:00,-1.4319097340801725
2012-03-10 04:00:00,0.0
2012-03-10 05:00:00,0.0
2012-03-10 06:00:00,-0.9162312439680212
2012-03-10 07:00:00,0.0
2012-03-10 08:00:00,-0.22015803024650527
2012-03-10 09:00:00,0.39754318272955574
2012-03-10 10:00:00,0.0
2012-03-10 11:00:00,0.0
2012-03-10 12:00:00,1.3719632393353511
2012-03-10 13:00:00,0.0
2012-03-10 14:00:00,1.1807479239070742
2012-03-10 15:00:00,0.0
2012-03-10 16:00:00,1.041265342698685
2012-03-10 17:00:00,1.232480658126962
2012-03-10 18:00:00,0.0
2012-03-10 19:00:00,0.0
2012-03-10 20:00:00,0.0
2012-03-10 21:00:00,1.1239140535439927
2012-03-10 22:00:00,0.0
2012-03-10 23:00:00,-0.4057569432544932
2012-03-11 00:00:00,-1.2359024422749552
2012-03-11 01:00:00,0.0
2012-03-11 02:00:00,0.0
2012-03-11 03:00:00,0.0
2012-03-11 04:00:00,-1.4009422308270316
2012-03-11 05:00:00,-1.3493125498625667
2012-03-11 06:00:00,0.0
2012-03-11 07:00:00,-0.13251123651341473
2012-03-11 08:00:00,-0.4572835709635392
2012-03-11 09:00:00,0.0
2012-03-11 10:00:00,1.0413168693263974
2012-03-11 11:00:00,1.1652899355943636
2012-03-11 12:00:00,0.0
2012-03-11 13:00:00,0.0
2012-03-11 14:00:00,0.9275976019725258
2012-03-11 15:00:00,0.0
2012-03-11 16:00:00,1.0568263842668144
2012-03-11 17:00:00,1.1394750951121297
2012-03-11 18:00:00,0.0
2012-03-11 19:00:00,0.0
2012-03-11 20:00:00,0.0
2012-03-11 21:00:00,1.1291697695703191
2012-03-11 22:00:00,0.0
2012-03-11 23:00:00,-0.5398292285534354
2012-03-12 00:00:00,0.0
2012-03-12 01:00:00,-1.3441598870916633
2012-03-12 02:00:00,0.0
2012-03-12 03:00:00,0.0
2012-03-12 04:00:00,-1.3958410946838373
2012-03-12 05:00:00,-1.3493125498625635
2012-03-12 06:00:00,-1.3493125498625635
2012-03-12 07:00:00,0.0
2012-03-12 08:00:00,-0.4418771092785345
2012-03-12 09:00:00,0.05499416171981256
2012-03-12 10:00:00,0.0
2012-03-12 11:00:00,0.9844314723356073
2012-03-12 12:00:00,1.0050936500469312
2012-03-12 13:00:00,0.9741261467937967
2012-03-12 14:00:00,0.0
2012-03-12 15:00:00,0.0
2012-03-12 16:00:00,0.0
2012-03-12 17:00:00,1.149831947281646
2012-03-12 18:00:00,0.0
2012-03-12 19:00:00,0.0
2012-03-12 20:00:00,1.227276468728345
2012-03-12 21:00:00,0.0
2012-03-12 22:00:00,0.0
2012-03-12 23:00:00,0.0
2012-03-13 00:00:00,-1.297785922153521
2012-03-13 01:00:00,0.0
2012-03-13 02:00:00,-1.3648220648029903
2012-03-13 03:00:00,-1.4009937574547444
2012-03-13 04:00:00,-1.380331579743414
2012-03-13 05:00:00,-1.282276407213094
2012-03-13 06:00:00,0.0
2012-03-13 07:00:00,0.0
2012-03-13 08:00:00,-0.47279308590396274
2012-03-13 09:00:00,0.061950256460526286
2012-03-13 10:00:00,0.5453215509991046
2012-03-13 11:00:00,1.1652899355943567
2012-03-13 12:00:00,0.0
2012-03-13 13:00:00,0.9379029275143327
2012-03-13 14:00:00,0.912088087032102
2012-03-13 15:00:00,0.8345920389576943
2012-03-13 16:00:00,0.0
2012-03-13 17:00:00,1.0568263842668175
2012-03-13 18:00:00,1.098150739689472
2012-03-13 19:00:00,1.196257438847498
2012-03-13 20:00:00,1.139475095112126
2012-03-13 21:00:00,0.0
2012-03-13 22:00:00,0.0
2012-03-13 23:00:00,-0.6171706967447121
2012-03-14 00:00:00,-1.3080912476953315
2012-03-14 01:00:00,0.0
2012-03-14 02:00:00,0.0
2012-03-14 03:00:00,-1.4060948935979385
2012-03-14 04:00:00,0.0
2012-03-14 05:00:00,-1.3545682658888925
2012-03-14 06:00:00,-1.3493125498625667
2012-03-14 07:00:00,-0.17198063333854963
2012-03-14 08:00:00,-0.5552872168661463
2012-03-14 09:00:00,0.05679759368962286
2012-03-14 10:00:00,0.49874147955012443
2012-03-14 11:00:00,0.901782761490292
2012-03-14 12:00:00,1.0102978394455475
2012-03-14 13:00:00,0.0
2012-03-14 14:00:00,0.8087256718477542
2012-03-14 15:00:00,0.0
2012-03-14 16:00:00,0.9379544541420428
2012-03-14 17:00:00,0.932801791371139
2012-03-14 18:00:00,1.0361126799277782
2012-03-14 19:00:00,1.1394235684844172
2012-03-14 20:00:00,0.0
2012-03-14 21:00:00,0.0
2012-03-14 22:00:00,0.7157201088329219
2012-03-14 23:00:00,-0.6275275489142352
2012-03-15 00:00:00,0.0
2012-03-15 01:00:00,0.0
2012-03-15 02:00:00,0.0
2012-03-15 03:00:00,-1.4008907041993222
2012-03-15 04:00:00,-1.3854842425143175
2012-03-15 05:00:00,-1.3029385849244244
2012-03-15 06:00:00,0.0
2012-03-15 07:00:00,0.0
2012-03-15 08:00:00,-0.46764042313305587
2012-03-15 09:00:00,0.0
2012-03-15 10:00:00,0.5452184977436858
2012-03-15 11:00:00,0.0
2012-03-15 12:00:00,1.1343224323412229
2012-03-15 13:00:00,0.0
2012-03-15 14:00:00,0.7570959908832889
2012-03-15 15:00:00,0.746739138713769
2012-03-15 16:00:00,0.6950579311215951
2012-03-15 17:00:00,0.0
2012-03-15 18:00:00,1.0309600171568742
2012-03-15 19:00:00,1.0361126799277782
2012-03-15 20:00:00,1.0723358992072414
2012-03-15 21:00:00,0.8759679210080575
2012-03-15 22:00:00,0.0
2012-03-15 23:00:00,0.0
2012-03-16 00:00:00,-1.3080912476953315
2012-03-16 01:00:00,0.0
2012-03-16 02:00:00,0.0
2012-03-16 03:00:00,-1.3957895680561279
2012-03-16 04:00:00,0.0
2012-03-16 05:00:00,0.0
2012-03-16 06:00:00,-1.302887058296715
2012-03-16 07:00:00,-0.3214078536947837
2012-03-16 08:00:00,-0.35927992506092865
2012-03-16 09:00:00,0.04654379477552464
2012-03-16 10:00:00,0.0
2012-03-16 11:00:00,0.0
2012-03-16 12:00:00,0.0
2012-03-16 13:00:00,0.0
2012-03-16 14:00:00,0.689905268350692
2012-03-16 15:00:00,0.7054147832911151
2012-03-16 16:00:00,0.7519433281123821
2012-03-16 17:00:00,0.7674013164250966
2012-03-16 18:00:00,0.0
2012-03-16 19:00:00,0.0
2012-03-16 20:00:00,0.0
2012-03-16 21:00:00,0.937954454142042
2012-03-16 22:00:00,0.0
2012-03-16 23:00:00,0.0
2012-03-17 00:00:00,-1.3131923838385222
2012-03-17 01:00:00,0.0
2012-03-17 02:00:00,0.0
2012-03-17 03:00:00,-1.4473677223928831
2012-03-17 04:00:00,0.0
2012-03-17 05:00:00,-1.3596694020320867
2012-03-17 06:00:00,-1.1895284773368127
2012-03-17 07:00:00,0.0
2012-03-17 08:00:00,-0.5346765657825285
2012-03-17 09:00:00,0.0
2012-03-17 10:00:00,0.0
2012-03-17 11:00:00,1.335740020055888
2012-03-17 12:00:00,1.144679284510743
2012-03-17 13:00:00,1.1239140535439964
2012-03-17 14:00:00,0.7570959908832889
2012-03-17 15:00:00,0.0
2012-03-17 16:00:00,0.0
2012-03-17 17:00:00,0.891425909320772
2012-03-17 18:00:00,1.0464695320972974
2012-03-17 19:00:00,0.0
2012-03-17 20:00:00,0.9586166318533698
2012-03-17 21:00:00,0.8139298612463705
2012-03-17 22:00:00,0.6899052683506882
2012-03-17 23:00:00,-0.4676404231330589
2012-03-18 00:00:00,-1.313192383838522
2012-03-18 01:00:00,-1.3905853786575149
2012-03-18 02:00:00,0.0
2012-03-18 03:00:00,-1.4473677223928831
2012-03-18 04:00:00,0.0
2012-03-18 05:00:00,0.0
2012-03-18 06:00:00,0.0
2012-03-18 07:00:00,-0.36453564108725467
2012-03-18 08:00:00,-0.2974479718100757
2012-03-18 09:00:00,0.015524764894674614
2012-03-18 10:00:00,0.7209242982315383
2012-03-18 11:00:00,0.8811205837789644
2012-03-18 12:00:00,1.046418005469585
2012-03-18 13:00:00,1.0102463128178374
2012-03-18 14:00:00,0.0
2012-03-18 15:00:00,0.0
2012-03-18 16:00:00,0.7984203463059436
2012-03-18 17:00:00,0.8656625954662507
2012-03-18 18:00:00,0.9999925139037368
2012-03-18 19:00:00,0.0
2012-03-18 20:00:00,0.0
2012-03-18 21:00:00,0.8914774359484814
2012-03-18 22:00:00,0.0
2012-03-18 23:00:00,0.0
2012-03-19 00:00:00,-1.4009422308270347
2012-03-19 01:00:00,-1.3957895680561248
2012-03-19 02:00:00,-1.5040985395005468
2012-03-19 03:00:00,0.0
2012-03-19 04:00:00,-1.5040470128728394
2012-03-19 05:00:00,-1.3183965732371385
2012-03-19 06:00:00,-1.339058750948469
2012-03-19 07:00:00,-0.22525916638969928
2012-03-19 08:00:00,-0.22010650361879586
2012-03-19 09:00:00,0.0
2012-03-19 10:00:00,0.571084864853626
2012-03-19 11:00:00,1.072284372579529
2012-03-19 12:00:00,0.0
2012-03-19 13:00:00,0.0
2012-03-19 14:00:00,0.7932676835350397
2012-03-19 15:00:00,0.7158231620883376
2012-03-19 16:00:00,0.767452843052809
2012-03-19 17:00:00,0.9121396136598121
2012-03-19 18:00:00,0.0
2012-03-19 19:00:00,0.0
2012-03-19 20:00:00,0.9068838976334895
2012-03-19 21:00:00,0.0
2012-03-19 22:00:00,0.6743957534102681
2012-03-19 23:00:00,-0.4676404231330593
2012-03-20 00:00:00,-1.3596694020320867
2012-03-20 01:00:00,-1.4473161957651772
2012-03-20 02:00:00,-1.4473677223928831
2012-03-20 03:00:00,0.0
2012-03-20 04:00:00,0.0
2012-03-20 05:00:00,-1.4421635329942701
2012-03-20 06:00:00,-1.4215013552829396
2012-03-20 07:00:00,0.0
2012-03-20 08:00:00,-0.5655925424079605
2012-03-20 09:00:00,0.041339605376912204
2012-03-20 10:00:00,0.0
2012-03-20 11:00:00,0.8396931751008887
2012-03-20 12:00:00,0.6640904278684575
2012-03-20 13:00:00,0.782962357993226
2012-03-20 14:00:00,0.7106189726897275
2012-03-20 15:00:00,0.6589377650975536
2012-03-20 16:00:00,0.803624535704553
2012-03-20 17:00:00,0.7158231620883376
2012-03-20 18:00:00,1.0361642065554906
2012-03-20 19:00:00,0.0
2012-03-20 20:00:00,0.8604584060676345
2012-03-20 21:00:00,0.8397447017285982
2012-03-20 22:00:00,0.560728012684112
2012-03-20 23:00:00,0.0
2012-03-21 00:00:00,-1.375127390344801
2012-03-21 01:00:00,0.0
2012-03-21 02:00:00,0.0
2012-03-21 03:00:00,-1.5195050011855502
2012-03-21 04:00:00,0.0
2012-03-21 05:00:00,-1.4215528819106493
2012-03-21 06:00:00,-1.4267055446815562
2012-03-21 07:00:00,-0.30600139200978205
2012-03-21 08:00:00,-0.4625392869898653
2012-03-21 09:00:00,-0.22010650361879586
2012-03-21 10:00:00,0.498689952922415
2012-03-21 11:00:00,0.7932676835350367
2012-03-21 12:00:00,0.576237527624529
2012-03-21 13:00:00,0.7106189726897283
2012-03-21 14:00:00,0.5504226871423014
2012-03-21 15:00:00,0.5194551838891646
2012-03-21 16:00:00,0.5555753499132051
2012-03-21 17:00:00,0.7054147832911121
2012-03-21 18:00:00,0.0
2012-03-21 19:00:00,0.8553057432967306
2012-03-21 20:00:00,0.8914774359484814
2012-03-21 21:00:00,0.891425909320775
2012-03-21 22:00:00,0.0
2012-03-21 23:00:00,0.0
2012-03-22 00:00:00,-1.3080912476953315
2012-03-22 01:00:00,-1.4473677223928867
2012-03-22 02:00:00,-1.457673047934694
2012-03-22 03:00:00,-1.4679268468487916
2012-03-22 04:00:00,-1.4988943501019325
2012-03-22 05:00:00,-1.4730795096196987
2012-03-22 06:00:00,0.0
2012-03-22 07:00:00,-0.21495384084788902
2012-03-22 08:00:00,-0.25107400687193343
2012-03-22 09:00:00,0.06519643400619758
2012-03-22 10:00:00,0.2939231344066599
2012-03-22 11:00:00,0.7725539791959997
2012-03-22 12:00:00,0.7880634941364235
2012-03-22 13:00:00,0.0
2012-03-22 14:00:00,0.6433767235294212
2012-03-22 15:00:00,0.0
2012-03-22 16:00:00,0.6227145458180935
2012-03-22 17:00:00,0.0
2012-03-22 18:00:00,0.0
2012-03-22 19:00:00,0.8759679210080544
2012-03-22 20:00:00,0.0
2012-03-22 21:00:00,0.9999409872760304
2012-03-22 22:00:00,0.726076961002442
2012-03-22 23:00:00,0.0
2012-03-23 00:00:00,-1.4473677223928867
2012-03-23 01:00:00,0.0
2012-03-23 02:00:00,-1.5143523384146467
2012-03-23 03:00:00,-1.524657663956457
2012-03-23 04:00:00,-1.5195050011855502
2012-03-23 05:00:00,0.0
2012-03-23 06:00:00,-1.0708626537228785
2012-03-23 07:00:00,-0.12215438434389506
2012-03-23 08:00:00,-0.3129059601227898
2012-03-23 09:00:00,0.17015617464952493
2012-03-23 10:00:00,0.617613409674896
2012-03-23 11:00:00,0.0
2012-03-23 12:00:00,0.7880634941364273
2012-03-23 13:00:00,0.8191340506449799
2012-03-23 14:00:00,0.0
2012-03-23 15:00:00,0.7571475175109953
2012-03-23 16:00:00,0.9172407498030096
2012-03-23 17:00:00,0.0
2012-03-23 18:00:00,1.2117669537879219
2012-03-23 19:00:00,1.098150739689472
2012-03-23 20:00:00,1.149728894026231
2012-03-23 21:00:00,1.1342709057135165
2012-03-23 22:00:00,0.0
2012-03-23 23:00:00,0.0
2012-03-24 00:00:00,-1.282276407213094
2012-03-24 01:00:00,0.0
2012-03-24 02:00:00,-1.3080397210676218
2012-03-24 03:00:00,-1.4164002191397491
2012-03-24 04:00:00,-1.400942230827035
2012-03-24 05:00:00,0.0
2012-03-24 06:00:00,-1.0399982037251567
2012-03-24 07:00:00,0.0
2012-03-24 08:00:00,0.0
2012-03-24 09:00:00,-0.05862205237864372
2012-03-24 10:00:00,0.0
2012-03-24 11:00:00,0.0
2012-03-24 12:00:00,0.0
2012-03-24 13:00:00,0.9947367978774142
2012-03-24 14:00:00,0.860406879439925
2012-03-24 15:00:00,0.0
2012-03-24 16:00:00,0.0
2012-03-24 17:00:00,1.0722843725795281
2012-03-24 18:00:00,1.2066658176447274
2012-03-24 19:00:00,0.0
2012-03-24 20:00:00,0.0
2012-03-24 21:00:00,0.0
2012-03-24 22:00:00,0.0
2012-03-24 23:00:00,-0.5243197136130119
2012-03-25 00:00:00,-1.1843758145659058
2012-03-25 01:00:00,-1.7308672280480615
2012-03-25 02:00:00,-2.5610642536962334
2012-03-25 03:00:00,-1.3802800531157011
2012-03-25 04:00:00,0.0
2012-03-25 05:00:00,0.0
2012-03-25 06:00:00,0.0
2012-03-25 07:00:00,-0.34907765277454367
2012-03-25 08:00:00,-0.11705324820070064
2012-03-25 09:00:00,0.0
2012-03-25 10:00:00,0.9069354242611951
2012-03-25 11:00:00,0.0
2012-03-25 12:00:00,1.0774885619781451
2012-03-25 13:00:00,0.0
2012-03-25 14:00:00,0.0
2012-03-25 15:00:00,0.0
2012-03-25 16:00:00,0.9172922764307152
2012-03-25 17:00:00,0.9896356617342167
2012-03-25 18:00:00,1.1342709057135134
2012-03-25 19:00:00,0.0
2012-03-25 20:00:00,1.1291182429426065
2012-03-25 21:00:00,1.253142835838285
2012-03-25 22:00:00,1.1239655801717028
2012-03-25 23:00:00,-0.5397777019257229
2012-03-26 00:00:00,-1.163765163482288
2012-03-26 01:00:00,0.0
2012-03-26 02:00:00,0.0
2012-03-26 03:00:00,-1.3596694020320867
2012-03-26 04:00:00,-1.3802800531157045
2012-03-26 05:00:00,-1.3544652126334702
2012-03-26 06:00:00,0.0
2012-03-26 07:00:00,-0.3387208006050205
2012-03-26 08:00:00,-0.4470297720494414
2012-03-26 09:00:00,-0.0172461703282767
2012-03-26 10:00:00,0.0
2012-03-26 11:00:00,0.0
2012-03-26 12:00:00,0.0
2012-03-26 13:00:00,0.8811205837789644
2012-03-26 14:00:00,0.7829108313655204
2012-03-26 15:00:00,0.0
2012-03-26 16:00:00,0.9689734840228899
2012-03-26 17:00:00,0.0
2012-03-26 18:00:00,1.1446792845107392
2012-03-26 19:00:00,0.0
2012-03-26 20:00:00,0.9275976019725228
2012-03-26 21:00:00,0.9431071169129459
2012-03-26 22:00:00,0.777809695222326
2012-03-26 23:00:00,-0.2561751430151309
2012-03-27 00:00:00,-1.1070343463746293
2012-03-27 01:00:00,0.0
2012-03-27 02:00:00,-1.3287018987789456
2012-03-27 03:00:00,0.0
2012-03-27 04:00:00,0.0
2012-03-27 05:00:00,-1.3080912476953281
2012-03-27 06:00:00,-1.297837448781227
2012-03-27 07:00:00,-0.30265216120868893
2012-03-27 08:00:00,-0.40060428048358976
2012-03-27 09:00:00,-0.0431125374382168
2012-03-27 10:00:00,0.0
2012-03-27 11:00:00,0.0
2012-03-27 12:00:00,0.875916394380352
2012-03-27 13:00:00,0.0
2012-03-27 14:00:00,0.9585651052256634
2012-03-27 15:00:00,0.7674013164250966
2012-03-27 16:00:00,0.9689219573951804
2012-03-27 17:00:00,0.9275976019725258
2012-03-27 18:00:00,1.072284372579532
2012-03-27 19:00:00,1.0464695320973012
2012-03-27 20:00:00,0.9637692946242735
2012-03-27 21:00:00,0.8191340506449837
2012-03-27 22:00:00,1.0257558277582581
2012-03-27 23:00:00,0.0
2012-03-28 00:00:00,-1.1792231517950023
2012-03-28 01:00:00,0.0
2012-03-28 02:00:00,0.0
2012-03-28 03:00:00,0.0
2012-03-28 04:00:00,0.0
2012-03-28 05:00:00,-1.2822764072130972
2012-03-28 06:00:00,-1.2668184189003835
2012-03-28 07:00:00,-0.35423031554544404
2012-03-28 08:00:00,0.0
2012-03-28 09:00:00,0.0
2012-03-28 10:00:00,0.0
2012-03-28 11:00:00,0.0
2012-03-28 12:00:00,0.8552542166690212
2012-03-28 13:00:00,0.8397962283563075
2012-03-28 14:00:00,0.0
2012-03-28 15:00:00,0.9017312348625827
2012-03-28 16:00:00,0.8760194476357669
2012-03-28 17:00:00,0.9689734840228929
2012-03-28 18:00:00,0.0
2012-03-28 19:00:00,1.2169711431865373
2012-03-28 20:00:00,0.0
2012-03-28 21:00:00,1.2117669537879219
2012-03-28 22:00:00,0.0
2012-03-28 23:00:00,-0.30775329735188295
2012-03-29 00:00:00,0.0
2012-03-29 01:00:00,0.0
2012-03-29 02:00:00,0.0
2012-03-29 03:00:00,-1.3802800531157045
2012-03-29 04:00:00,-1.3493125498625667
2012-03-29 05:00:00,0.0
2012-03-29 06:00:00,0.0
2012-03-29 07:00:00,0.0
2012-03-29 08:00:00,-0.45218243482034176
2012-03-29 09:00:00,-0.15317341422474506
2012-03-29 10:00:00,0.0
2012-03-29 11:00:00,0.7932676835350367
2012-03-29 12:00:00,0.9379544541420459
2012-03-29 13:00:00,0.9792788095646997
2012-03-29 14:00:00,1.0516221948682043
2012-03-29 15:00:00,0.0
2012-03-29 16:00:00,0.0
2012-03-29 17:00:00,0.0
2012-03-29 18:00:00,0.0
2012-03-29 19:00:00,1.232429131499252
2012-03-29 20:00:00,1.0671832364363376
2012-03-29 21:00:00,0.0
2012-03-29 22:00:00,0.9689734840228899
2012-03-29 23:00:00,0.0
2012-03-30 00:00:00,-0.8904164034857944
2012-03-30 01:00:00,0.0
2012-03-30 02:00:00,-1.081219505892395
2012-03-30 03:00:00,0.0
2012-03-30 04:00:00,0.0
2012-03-30 05:00:00,0.0
2012-03-30 06:00:00,0.0
2012-03-30 07:00:00,-0.44182558265082517
2012-03-30 08:00:00,0.0
2012-03-30 09:00:00,-0.8886129715159757
2012-03-30 10:00:00,0.44025875710035467
2012-03-30 11:00:00,1.051570668240492
2012-03-30 12:00:00,0.0
2012-03-30 13:00:00,0.0
2012-03-30 14:00:00,0.8294393761867905
2012-03-30 15:00:00,0.8139298612463705
2012-03-30 16:00:00,0.7829623579932329
2012-03-30 17:00:00,0.0
2012-03-30 18:00:00,0.0
2012-03-30 19:00:00,1.1136602546298953
2012-03-30 20:00:00,1.2170226698142437
2012-03-30 21:00:00,1.0774370353504388
2012-03-30 22:00:00,0.0
2012-03-30 23:00:00,0.0
2012-03-31 00:00:00,0.0
2012-03-31 01:00:00,0.0
2012-03-31 02:00:00,-1.2719710816712868
2012-03-31 03:00:00,-1.287429069984001
2012-03-31 04:00:00,-1.3339060881775622
2012-03-31 05:00:00,0.0
2012-03-31 06:00:00,-1.1069828197469165
2012-03-31 07:00:00,-0.10494449068907662
2012-03-31 08:00:00,-0.4521824348203452
2012-03-31 09:00:00,0.12903792573771172
2012-03-31 10:00:00,0.0
2012-03-31 11:00:00,0.0
2012-03-31 12:00:00,1.1446277578830328
2012-03-31 13:00:00,0.0
2012-03-31 14:00:00,0.9793303361924098
2012-03-31 15:00:00,1.0309600171568742
2012-03-31 16:00:00,1.0464695320972983
2012-03-31 17:00:00,1.2582439719814826
2012-03-31 18:00:00,0.0
2012-03-31 19:00:00,1.3461483988531173
2012-03-31 20:00:00,1.0206031649873581
2012-03-31 21:00:00,1.1497804206539366
2012-03-31 22:00:00,0.9327502647434296
2012-03-31 23:00:00,0.0
2012-04-01 00:00:00,-1.0502520026392541
2012-04-01 01:00:00,-1.292633259382614
2012-04-01 02:00:00,0.0
2012-04-01 03:00:00,0.0
2012-04-01 04:00:00,0.0
2012-04-01 05:00:00,0.0
2012-04-01 06:00:00,-1.246207767816762
2012-04-01 07:00:00,-0.024150738441291345
2012-04-01 08:00:00,-0.33351661120640774
2012-04-01 09:00:00,0.04133960537691182
2012-04-01 10:00:00,0.0
2012-04-01 11:00:00,1.124017106799416
2012-04-01 12:00:00,1.3978296064452913
2012-04-01 13:00:00,1.067131709808625
2012-04-01 14:00:00,0.9947367978774142
2012-04-01 15:00:00,1.010246312817838
2012-04-01 16:00:00,0.9896356617342206
2012-04-01 17:00:00,1.0361126799277782
2012-04-01 18:00:00,0.0
2012-04-01 19:00:00,0.0
2012-04-01 20:00:00,1.0257558277582581
2012-04-01 21:00:00,1.0516221948682012
2012-04-01 22:00:00,0.9379544541420459
2012-04-01 23:00:00,-0.14276503542751562
2012-04-02 00:00:00,0.0
2012-04-02 01:00:00,0.0
2012-04-02 02:00:00,-1.3183450466094258
2012-04-02 03:00:00,-1.3338545615498525
2012-04-02 04:00:00,-1.302887058296715
2012-04-02 05:00:00,-1.2565130933585726
2012-04-02 06:00:00,0.0
2012-04-02 07:00:00,0.0
2012-04-02 08:00:00,0.0
2012-04-02 09:00:00,0.0
2012-04-02 10:00:00,0.571084864853626
2012-04-02 11:00:00,1.067131709808625
2012-04-02 12:00:00,0.0
2012-04-02 13:00:00,0.901782761490292
2012-04-02 14:00:00,0.0
2012-04-02 15:00:00,0.0
2012-04-02 16:00:00,0.0
2012-04-02 17:00:00,0.0
2012-04-02 18:00:00,1.0877938875199558
2012-04-02 19:00:00,1.0929465502908557
2012-04-02 20:00:00,0.0
2012-04-02 21:00:00,1.0723358992072414
2012-04-02 22:00:00,0.0
2012-04-02 23:00:00,0.0
2012-04-03 00:00:00,0.0
2012-04-03 01:00:00,0.0
2012-04-03 02:00:00,0.0
2012-04-03 03:00:00,-1.3390072243207565
2012-04-03 04:00:00,-1.6638826120263015
2012-04-03 05:00:00,-1.287429069984004
2012-04-03 06:00:00,0.0
2012-04-03 07:00:00,0.0
2012-04-03 08:00:00,0.0
2012-04-03 09:00:00,0.1392917246518092
2012-04-03 10:00:00,0.6021554213621824
2012-04-03 11:00:00,0.0
2012-04-03 12:00:00,1.0206031649873544
2012-04-03 13:00:00,0.0
2012-04-03 14:00:00,0.0
2012-04-03 15:00:00,0.8346435655854038
2012-04-03 16:00:00,0.9431071169129467
2012-04-03 17:00:00,0.0
2012-04-03 18:00:00,0.0
2012-04-03 19:00:00,0.9483113063115621
2012-04-03 20:00:00,1.0206031649873573
2012-04-03 21:00:00,1.0206546916150636
2012-04-03 22:00:00,0.9121396136598152
2012-04-03 23:00:00,0.0
2012-04-04 00:00:00,-1.1069828197469198
2012-04-04 01:00:00,-1.2822764072130972
2012-04-04 02:00:00,-1.2926332593826173
2012-04-04 03:00:00,0.0
2012-04-04 04:00:00,-1.3235492360080456
2012-04-04 05:00:00,0.0
2012-04-04 06:00:00,-1.2822764072130939
2012-04-04 07:00:00,-0.321510906950199
2012-04-04 08:00:00,0.0
2012-04-04 09:00:00,0.04468883617799845
2012-04-04 10:00:00,0.6433767235294212
2012-04-04 11:00:00,0.0
2012-04-04 12:00:00,0.0
2012-04-04 13:00:00,0.767452843052806
2012-04-04 14:00:00,0.7002621205202082
2012-04-04 15:00:00,0.6485293863003281
2012-04-04 16:00:00,0.0
2012-04-04 17:00:00,0.8862732465498682
2012-04-04 18:00:00,1.0568263842668175
2012-04-04 19:00:00,0.0
2012-04-04 20:00:00,0.0
2012-04-04 21:00:00,0.9740746201660835
2012-04-04 22:00:00,0.0
2012-04-04 23:00:00,-0.5192185774698178
2012-04-05 00:00:00,-1.2410551050458587
2012-04-05 01:00:00,0.0
2012-04-05 02:00:00,-1.4009422308270316
2012-04-05 03:00:00,0.0
2012-04-05 04:00:00,0.0
2012-04-05 05:00:00,-1.359617875404374
2012-04-05 06:00:00,0.0
2012-04-05 07:00:00,0.0
2012-04-05 08:00:00,-0.44697824542173203
2012-04-05 09:00:00,0.015524764894677669
2012-04-05 10:00:00,0.0
2012-04-05 11:00:00,0.9379544541420428
2012-04-05 12:00:00,0.0
2012-04-05 13:00:00,0.7002621205202082
2012-04-05 14:00:00,0.6899567949783976
2012-04-05 15:00:00,0.0
2012-04-05 16:00:00,0.7364338131719582
2012-04-05 17:00:00,0.0
2012-04-05 18:00:00,1.0102978394455444
2012-04-05 19:00:00,0.8965785720916789
2012-04-05 20:00:00,0.0
2012-04-05 21:00:00,0.9586166318533728
2012-04-05 22:00:00,0.8191340506449799
2012-04-05 23:00:00,-0.7254281415614237
2012-04-06 00:00:00,0.0
2012-04-06 01:00:00,-1.4267055446815593
2012-04-06 02:00:00,0.0
2012-04-06 03:00:00,-1.411247556368842
2012-04-06 04:00:00,0.0
2012-04-06 05:00:00,0.0
2012-04-06 06:00:00,-1.4060948935979352
2012-04-06 07:00:00,-0.3335681378341171
2012-04-06 08:00:00,0.0
2012-04-06 09:00:00,0.03613541597829557
2012-04-06 10:00:00,0.0
2012-04-06 11:00:00,1.3668621031921537
2012-04-06 12:00:00,1.030908490529165
2012-04-06 13:00:00,0.0
2012-04-06 14:00:00,0.0
2012-04-06 15:00:00,0.0
2012-04-06 16:00:00,0.9482597796838528
2012-04-06 17:00:00,0.9276491286002322
2012-04-06 18:00:00,1.0361126799277782
2012-04-06 19:00:00,0.8242867134158837
2012-04-06 20:00:00,1.0413168693263906
2012-04-06 21:00:00,0.0
2012-04-06 22:00:00,0.0
2012-04-06 23:00:00,-0.606865371202905
2012-04-07 00:00:00,0.0
2012-04-07 01:00:00,-1.3751789169725102
2012-04-07 02:00:00,0.0
2012-04-07 03:00:00,-1.3802800531157042
2012-04-07 04:00:00,-1.437062396851076
2012-04-07 05:00:00,-1.4009422308270316
2012-04-07 06:00:00,0.0
2012-04-07 07:00:00,-0.07572889277804644
2012-04-07 08:00:00,0.0
2012-04-07 09:00:00,0.09276317983053875
2012-04-07 10:00:00,0.8501015538981175
2012-04-07 11:00:00,1.2789576763205197
2012-04-07 12:00:00,1.1549330834248404
2012-04-07 13:00:00,1.0050936500469312
2012-04-07 14:00:00,0.0
2012-04-07 15:00:00,0.7157716354606283
2012-04-07 16:00:00,0.9327502647434258
2012-04-07 17:00:00,0.9431586435406591
2012-04-07 18:00:00,0.9844314723356035
2012-04-07 19:00:00,0.0
2012-04-07 20:00:00,0.0
2012-04-07 21:00:00,0.7415864759428651
2012-04-07 22:00:00,0.7002105938924988
2012-04-07 23:00:00,0.0
2012-04-08 00:00:00,0.0
2012-04-08 01:00:00,0.0
2012-04-08 02:00:00,0.0
2012-04-08 03:00:00,-1.4370108702233666
2012-04-08 04:00:00,-1.4267570713092654
2012-04-08 05:00:00,-1.385432715886608
2012-04-08 06:00:00,-1.2719710816712868
2012-04-08 07:00:00,0.0
2012-04-08 08:00:00,-0.6171706967447121
2012-04-08 09:00:00,0.13419058850861554
2012-04-08 10:00:00,0.7157716354606314
2012-04-08 11:00:00,1.2531943624659976
2012-04-08 12:00:00,1.067131709808625
2012-04-08 13:00:00,0.0
2012-04-08 14:00:00,0.0
2012-04-08 15:00:00,0.6847526055797843
2012-04-08 16:00:00,0.8035730090768504
2012-04-08 17:00:00,0.8191340506449837
2012-04-08 18:00:00,0.0
2012-04-08 19:00:00,0.0
2012-04-08 20:00:00,0.0
2012-04-08 21:00:00,-0.8853152673425966
2012-04-08 22:00:00,-0.962605208906167
2012-04-08 23:00:00,0.0
2012-04-09 00:00:00,0.0
2012-04-09 01:00:00,-1.3957895680561279
2012-04-09 02:00:00,-1.4834363617892186
2012-04-09 03:00:00,0.0
2012-04-09 04:00:00,0.0
2012-04-09 05:00:00,-1.4112475563688387
2012-04-09 06:00:00,-1.3957380414284186
2012-04-09 07:00:00,0.0
2012-04-09 08:00:00,0.0
2012-04-09 09:00:00,0.0
2012-04-09 10:00:00,0.4868388285493311
2012-04-09 11:00:00,0.0
2012-04-09 12:00:00,0.7880634941364273
2012-04-09 13:00:00,0.6847526055797882
2012-04-09 14:00:00,0.5917470425649559
2012-04-09 15:00:00,0.5917470425649559
2012-04-09 16:00:00,0.7364338131719621
2012-04-09 17:00:00,0.0
2012-04-09 18:00:00,0.0
2012-04-09 19:00:00,0.0
2012-04-09 20:00:00,0.0
2012-04-09 21:00:00,0.0
2012-04-09 22:00:00,0.0
2012-04-09 23:00:00,-0.4830984114457768
2012-04-10 00:00:00,-1.1895284773368096
2012-04-10 01:00:00,-1.3544652126334702
2012-04-10 02:00:00,0.0
2012-04-10 03:00:00,0.0
2012-04-10 04:00:00,-1.3596694020320867
2012-04-10 05:00:00,0.0
2012-04-10 06:00:00,-1.3596694020320867
2012-04-10 07:00:00,-0.3472742208047234
2012-04-10 08:00:00,-0.45733509759124863
2012-04-10 09:00:00,-0.15307036096932325
2012-04-10 10:00:00,0.3196349216334753
2012-04-10 11:00:00,0.9741776734215091
2012-04-10 12:00:00,0.0
2012-04-10 13:00:00,0.6692430906393613
2012-04-10 14:00:00,0.6020523681067635
2012-04-10 15:00:00,0.0
2012-04-10 16:00:00,0.7003136471479169
2012-04-10 17:00:00,0.6899567949784007
2012-04-10 18:00:00,0.6744472800379775
2012-04-10 19:00:00,0.7364338131719582
2012-04-10 20:00:00,0.0
2012-04-10 21:00:00,0.7312296237733458
2012-04-10 22:00:00,0.5297605094309714
2012-04-10 23:00:00,-0.3747894400013525
2012-04-11 00:00:00,0.0
2012-04-11 01:00:00,0.0
2012-04-11 02:00:00,0.0
2012-04-11 03:00:00,0.0
2012-04-11 04:00:00,-1.4215528819106493
2012-04-11 05:00:00,-1.3905853786575115
2012-04-11 06:00:00,0.0
2012-04-11 07:00:00,-0.11009715345997699
2012-04-11 08:00:00,0.0
2012-04-11 09:00:00,0.0
2012-04-11 10:00:00,0.22513508641507987
2012-04-11 11:00:00,0.0
2012-04-11 12:00:00,0.6537851023266507
2012-04-11 13:00:00,0.5503711605145927
2012-04-11 14:00:00,0.5607795393118153
2012-04-11 15:00:00,0.6589377650975536
2012-04-11 16:00:00,0.5969512319635691
2012-04-11 17:00:00,0.0
2012-04-11 18:00:00,0.8501015538981175
2012-04-11 19:00:00,0.0
2012-04-11 20:00:00,0.8449488911272106
2012-04-11 21:00:00,0.7932676835350367
2012-04-11 22:00:00,0.0
2012-04-11 23:00:00,-0.6841553127664758
2012-04-12 00:00:00,-1.215291791191334
2012-04-12 01:00:00,-1.3235492360080454
2012-04-12 02:00:00,-1.3905853786575115
2012-04-12 03:00:00,0.0
2012-04-12 04:00:00,-1.4164002191397456
2012-04-12 05:00:00,-1.3648735914306964
2012-04-12 06:00:00,-1.385432715886608
2012-04-12 07:00:00,0.0
2012-04-12 08:00:00,-0.43667291987992174
2012-04-12 09:00:00,0.0
2012-04-12 10:00:00,0.45401636669867074
2012-04-12 11:00:00,0.0
2012-04-12 12:00:00,0.576237527624529
2012-04-12 13:00:00,0.0
2012-04-12 14:00:00,0.5658806754550127
2012-04-12 15:00:00,0.5143025211182569
2012-04-12 16:00:00,0.5865943797940529
2012-04-12 17:00:00,0.6072050308776704
2012-04-12 18:00:00,0.0
2012-04-12 19:00:00,0.6073080841330853
2012-04-12 20:00:00,0.6072565575053798
2012-04-12 21:00:00,0.565880675455009
2012-04-12 22:00:00,0.0
2012-04-12 23:00:00,-0.6532393361410476
2012-04-13 00:00:00,0.0
2012-04-13 01:00:00,-1.385432715886608
2012-04-13 02:00:00,-1.4370623968510763
2012-04-13 03:00:00,-1.457621521306981
2012-04-13 04:00:00,0.0
2012-04-13 05:00:00,-1.411247556368842
2012-04-13 06:00:00,-1.4473677223928831
2012-04-13 07:00:00,0.0
2012-04-13 08:00:00,0.0
2012-04-13 09:00:00,-0.2922953090391723
2012-04-13 10:00:00,0.0
2012-04-13 11:00:00,0.8449488911272144
2012-04-13 12:00:00,0.8139298612463667
2012-04-13 13:00:00,0.6124607469039892
2012-04-13 14:00:00,0.48843615400831375
2012-04-13 15:00:00,0.5038941423210282
2012-04-13 16:00:00,0.5969512319635691
2012-04-13 17:00:00,0.0
2012-04-13 18:00:00,0.8345920389576974
2012-04-13 19:00:00,0.7106189726897245
2012-04-13 20:00:00,0.0
2012-04-13 21:00:00,0.7105159194343088
2012-04-13 22:00:00,0.4831804379819912
2012-04-13 23:00:00,-0.5295239030116217
2012-04-14 00:00:00,0.0
2012-04-14 01:00:00,-1.4009422308270316
2012-04-14 02:00:00,-1.4782836990183148
2012-04-14 03:00:00,0.0
2012-04-14 04:00:00,-1.44736772239288
2012-04-14 05:00:00,-1.3700262542016068
2012-04-14 06:00:00,0.0
2012-04-14 07:00:00,0.0
2012-04-14 08:00:00,-0.5089132519280041
2012-04-14 09:00:00,0.0
2012-04-14 10:00:00,0.7829623579932329
2012-04-14 11:00:00,1.0568263842668182
2012-04-14 12:00:00,0.8242867134158837
2012-04-14 13:00:00,0.0
2012-04-14 14:00:00,0.0
2012-04-14 15:00:00,0.6589377650975536
2012-04-14 16:00:00,0.6382240607585143
2012-04-14 17:00:00,0.0
2012-04-14 18:00:00,0.0
2012-04-14 19:00:00,0.7157201088329258
2012-04-14 20:00:00,0.7829108313655196
2012-04-14 21:00:00,0.5865943797940529
2012-04-14 22:00:00,0.5814417170231453
2012-04-14 23:00:00,-0.5707452051788605
2012-04-15 00:00:00,-1.2410551050458587
2012-04-15 01:00:00,-1.3544652126334702
2012-04-15 02:00:00,-1.457673047934694
2012-04-15 03:00:00,-1.4679783734765044
2012-04-15 04:00:00,-1.4834363617892186
2012-04-15 05:00:00,-1.421604408538362
2012-04-15 06:00:00,-1.457621521306981
2012-04-15 07:00:00,-0.38844399634425286
2012-04-15 08:00:00,-0.6893079755373792
2012-04-15 09:00:00,-0.06356860863870958
2012-04-15 10:00:00,0.0
2012-04-15 11:00:00,0.0
2012-04-15 12:00:00,0.7829108313655196
2012-04-15 13:00:00,0.0
2012-04-15 14:00:00,0.5349131722018752
2012-04-15 15:00:00,0.0
2012-04-15 16:00:00,0.571084864853626
2012-04-15 17:00:00,0.0
2012-04-15 18:00:00,0.0
2012-04-15 19:00:00,0.0
2012-04-15 20:00:00,0.560728012684109
2012-04-15 21:00:00,0.0
2012-04-15 22:00:00,0.4470602719579471
2012-04-15 23:00:00,-0.49345526361529307
2012-04-16 00:00:00,0.0
2012-04-16 01:00:00,0.0
2012-04-16 02:00:00,0.0
2012-04-16 03:00:00,-1.4525203851637902
2012-04-16 04:00:00,0.0
2012-04-16 05:00:00,-1.4112990829965515
2012-04-16 06:00:00,-1.0658130442073903
2012-04-16 07:00:00,0.0
2012-04-16 08:00:00,0.0
2012-04-16 09:00:00,-0.1530703609693263
2012-04-16 10:00:00,0.09616393725933821
2012-04-16 11:00:00,0.48328349123740993
2012-04-16 12:00:00,0.4263980942466198
2012-04-16 13:00:00,0.4780793018387937
2012-04-16 14:00:00,0.27836209283852703
2012-04-16 15:00:00,0.0
2012-04-16 16:00:00,0.0
2012-04-16 17:00:00,0.5814417170231461
2012-04-16 18:00:00,0.0
2012-04-16 19:00:00,0.5349131722018752
2012-04-16 20:00:00,0.0
2012-04-16 21:00:00,0.0
2012-04-16 22:00:00,0.3902264015948656
2012-04-16 23:00:00,0.0
2012-04-17 00:00:00,-1.3390072243207563
2012-04-17 01:00:00,-1.4473677223928831
2012-04-17 02:00:00,0.0
2012-04-17 03:00:00,0.0
2012-04-17 04:00:00,0.0
2012-04-17 05:00:00,0.0
2012-04-17 06:00:00,-1.411247556368842
2012-04-17 07:00:00,-0.3420700314061106
2012-04-17 08:00:00,-0.4109611326531098
2012-04-17 09:00:00,-0.2871426462682685
2012-04-17 10:00:00,0.21993089701646973
2012-04-17 11:00:00,0.0
2012-04-17 12:00:00,0.6382755873862268
2012-04-17 13:00:00,0.4522129347288536
2012-04-17 14:00:00,0.6382240607585112
2012-04-17 15:00:00,0.0
2012-04-17 16:00:00,0.576237527624529
2012-04-17 17:00:00,0.0
2012-04-17 18:00:00,0.8294393761867905
2012-04-17 19:00:00,0.7157716354606314
2012-04-17 20:00:00,0.0
2012-04-17 21:00:00,0.5349131722018752
2012-04-17 22:00:00,0.0
2012-04-17 23:00:00,0.0
2012-04-18 00:00:00,0.0
2012-04-18 01:00:00,-1.380331579743417
2012-04-18 02:00:00,-1.4370623968510794
2012-04-18 03:00:00,0.0
2012-04-18 04:00:00,-1.4370108702233633
2012-04-18 05:00:00,0.0
2012-04-18 06:00:00,-1.3853811892588985
2012-04-18 07:00:00,0.0
2012-04-18 08:00:00,-0.519167050842105
2012-04-18 09:00:00,0.0
2012-04-18 10:00:00,0.26295563115352233
2012-04-18 11:00:00,0.891425909320772
2012-04-18 12:00:00,0.0
2012-04-18 13:00:00,0.0
2012-04-18 14:00:00,0.540065834972779
2012-04-18 15:00:00,0.617613409674896
2012-04-18 16:00:00,0.4470087453302404
2012-04-18 17:00:00,0.638327114013933
2012-04-18 18:00:00,0.0
2012-04-18 19:00:00,0.0
2012-04-18 20:00:00,0.0
2012-04-18 21:00:00,0.5711363914813353
2012-04-18 22:00:00,0.38332183348185783
2012-04-18 23:00:00,0.0
2012-04-19 00:00:00,-1.3596694020320867
2012-04-19 01:00:00,0.0
2012-04-19 02:00:00,-1.473131036247408
2012-04-19 03:00:00,-1.473131036247408
2012-04-19 04:00:00,0.0
2012-04-19 05:00:00,-1.4060948935979385
2012-04-19 06:00:00,-1.4318582074524633
2012-04-19 07:00:00,-0.34387346337593083
2012-04-19 08:00:00,0.0
2012-04-19 09:00:00,0.0
2012-04-19 10:00:00,0.1270799138847664
2012-04-19 11:00:00,0.7777581685946167
2012-04-19 12:00:00,0.0
2012-04-19 13:00:00,0.5452184977436858
2012-04-19 14:00:00,0.0
2012-04-19 15:00:00,0.6279702618444161
2012-04-19 16:00:00,0.0
2012-04-19 17:00:00,0.0
2012-04-19 18:00:00,0.0
2012-04-19 19:00:00,0.0
2012-04-19 20:00:00,0.7106189726897245
2012-04-19 21:00:00,0.0
2012-04-19 22:00:00,0.0
2012-04-19 23:00:00,0.0
2012-04-20 00:00:00,-1.3286503721512364
2012-04-20 01:00:00,-1.421552881910656
2012-04-20 02:00:00,0.0
2012-04-20 03:00:00,0.0
2012-04-20 04:00:00,-1.452520385163787
2012-04-20 05:00:00,-1.4009422308270316
2012-04-20 06:00:00,0.0
2012-04-20 07:00:00,-0.1255551417726911
2012-04-20 08:00:00,0.0
2012-04-20 09:00:00,-0.04481291615261481
2012-04-20 10:00:00,0.0
2012-04-20 11:00:00,0.0
2012-04-20 12:00:00,0.0
2012-04-20 13:00:00,0.5711363914813353
2012-04-20 14:00:00,0.6434282501571306
2012-04-20 15:00:00,0.0
2012-04-20 16:00:00,0.0
2012-04-20 17:00:00,0.0
2012-04-20 18:00:00,0.8139298612463667
2012-04-20 19:00:00,0.8449488911272106
2012-04-20 20:00:00,0.6744472800379745
2012-04-20 21:00:00,0.6899567949783976
2012-04-20 22:00:00,0.0
2012-04-20 23:00:00,-0.41096113265310635
2012-04-21 00:00:00,-1.2410551050458587
2012-04-21 01:00:00,-1.3905853786575149
2012-04-21 02:00:00,-1.3905853786575149
2012-04-21 03:00:00,0.0
2012-04-21 04:00:00,-1.4060948935979352
2012-04-21 05:00:00,0.0
2012-04-21 06:00:00,-1.1895284773368127
2012-04-21 07:00:00,-0.2749823621289282
2012-04-21 08:00:00,-0.5604398796370532
2012-04-21 09:00:00,-0.022347306471470735
2012-04-21 10:00:00,0.9362540754276445
2012-04-21 11:00:00,0.9379029275143327
2012-04-21 12:00:00,0.0
2012-04-21 13:00:00,1.2066142910170181
2012-04-21 14:00:00,0.0
2012-04-21 15:00:00,0.8087771984754636
2012-04-21 16:00:00,0.0
2012-04-21 17:00:00,0.7209242982315321
2012-04-21 18:00:00,0.0
2012-04-21 19:00:00,0.9379029275143327
2012-04-21 20:00:00,0.746739138713769
2012-04-21 21:00:00,0.0
2012-04-21 22:00:00,0.0
2012-04-21 23:00:00,-0.33872080060502396
2012-04-22 00:00:00,-1.246207767816762
2012-04-22 01:00:00,-1.3545167392611832
2012-04-22 02:00:00,0.0
2012-04-22 03:00:00,-1.4422150596219763
2012-04-22 04:00:00,0.0
2012-04-22 05:00:00,-1.3750758637170881
2012-04-22 06:00:00,-1.2410551050458587
2012-04-22 07:00:00,-0.22015803024650527
2012-04-22 08:00:00,0.0
2012-04-22 09:00:00,0.06535101388932575
2012-04-22 10:00:00,0.8087771984754636
2012-04-22 11:00:00,0.7726055058237128
2012-04-22 12:00:00,0.7312296237733458
2012-04-22 13:00:00,0.0
2012-04-22 14:00:00,0.6124092202762836
2012-04-22 15:00:00,0.0
2012-04-22 16:00:00,0.6072565575053768
2012-04-22 17:00:00,0.7157716354606314
2012-04-22 18:00:00,0.0
2012-04-22 19:00:00,0.0
2012-04-22 20:00:00,0.617613409674896
2012-04-22 21:00:00,0.6124092202762836
2012-04-22 22:00:00,0.0
2012-04-22 23:00:00,0.0
2012-04-23 00:00:00,-1.339058750948469
2012-04-23 01:00:00,-1.4267055446815562
2012-04-23 02:00:00,-1.4215528819106524
2012-04-23 03:00:00,-1.483436361789215
2012-04-23 04:00:00,-1.4525203851637902
2012-04-23 05:00:00,-1.3905853786575149
2012-04-23 06:00:00,0.0
2012-04-23 07:00:00,-0.29569606646797175
2012-04-23 08:00:00,-0.49855639975848404
2012-04-23 09:00:00,0.0
2012-04-23 10:00:00,0.340348625972512
2012-04-23 11:00:00,0.6744472800379775
2012-04-23 12:00:00,0.0
2012-04-23 13:00:00,0.0
2012-04-23 14:00:00,0.0
2012-04-23 15:00:00,0.5555753499132059
2012-04-23 16:00:00,0.5401173616004914
2012-04-23 17:00:00,0.0
2012-04-23 18:00:00,0.0
2012-04-23 19:00:00,0.6640904278684575
2012-04-23 20:00:00,0.7157716354606314
2012-04-23 21:00:00,0.529708982803259
2012-04-23 22:00:00,0.39537906436577247
2012-04-23 23:00:00,0.0
2012-04-24 00:00:00,0.0
2012-04-24 01:00:00,-1.4060433669702257
2012-04-24 02:00:00,-1.473131036247408
2012-04-24 03:00:00,0.0
2012-04-24 04:00:00,-1.4834363617892186
2012-04-24 05:00:00,-1.447316195765174
2012-04-24 06:00:00,-1.447316195765174
2012-04-24 07:00:00,-0.3541787889177381
2012-04-24 08:00:00,0.0
2012-04-24 09:00:00,-0.22531069301740564
2012-04-24 10:00:00,0.0
2012-04-24 11:00:00,0.0
2012-04-24 12:00:00,0.5607795393118221
2012-04-24 13:00:00,0.0
2012-04-24 14:00:00,0.0
2012-04-24 15:00:00,0.4367549464161395
2012-04-24 16:00:00,0.42644962087433225
2012-04-24 17:00:00,0.0
2012-04-24 18:00:00,0.6486324395557438
2012-04-24 19:00:00,0.6279187352167067
2012-04-24 20:00:00,0.0
2012-04-24 21:00:00,0.0
2012-04-24 22:00:00,0.4367034197884301
2012-04-24 23:00:00,-0.6532393361410472
2012-04-25 00:00:00,0.0
2012-04-25 01:00:00,-1.4781806457628925
2012-04-25 02:00:00,0.0
2012-04-25 03:00:00,-1.4782321723906056
2012-04-25 04:00:00,-1.4267055446815562
2012-04-25 05:00:00,-1.4061464202256446
2012-04-25 06:00:00,-1.4628257107056009
2012-04-25 07:00:00,0.0
2012-04-25 08:00:00,0.0
2012-04-25 09:00:00,-0.10669639603118058
2012-04-25 10:00:00,0.7053632566634026
2012-04-25 11:00:00,1.1653414622220668
2012-04-25 12:00:00,0.8242867134158867
2012-04-25 13:00:00,0.0
2012-04-25 14:00:00,0.0
2012-04-25 15:00:00,0.0
2012-04-25 16:00:00,0.0
2012-04-25 17:00:00,0.0
2012-04-25 18:00:00,0.0
2012-04-25 19:00:00,0.0
2012-04-25 20:00:00,0.6485809129280306
2012-04-25 21:00:00,0.6279187352167067
2012-04-25 22:00:00,0.0
2012-04-25 23:00:00,-0.7151228160196134
2012-04-26 00:00:00,-1.3648220648029903
2012-04-26 01:00:00,0.0
2012-04-26 02:00:00,-1.3906369052852243
2012-04-26 03:00:00,-1.442163532994267
2012-04-26 04:00:00,-1.4576215213069843
2012-04-26 05:00:00,-1.3648220648029903
2012-04-26 06:00:00,-1.4111960297411326
2012-04-26 07:00:00,0.0
2012-04-26 08:00:00,0.0
2012-04-26 09:00:00,0.0
2012-04-26 10:00:00,0.0
2012-04-26 11:00:00,0.5814417170231453
2012-04-26 12:00:00,0.0
2012-04-26 13:00:00,0.0
2012-04-26 14:00:00,0.5142509944905482
2012-04-26 15:00:00,0.0
2012-04-26 16:00:00,0.0
2012-04-26 17:00:00,0.6847526055797843
2012-04-26 18:00:00,0.0
2012-04-26 19:00:00,0.7157201088329219
2012-04-26 20:00:00,0.5555238232854958
2012-04-26 21:00:00,0.0
2012-04-26 22:00:00,0.0
2012-04-26 23:00:00,-0.606865371202905
2012-04-27 00:00:00,-1.36482206480299
2012-04-27 01:00:00,-1.4215528819106493
2012-04-27 02:00:00,0.0
2012-04-27 03:00:00,-1.4266540180538467
2012-04-27 04:00:00,0.0
2012-04-27 05:00:00,0.0
2012-04-27 06:00:00,-1.4111960297411326
2012-04-27 07:00:00,0.0
2012-04-27 08:00:00,0.0
2012-04-27 09:00:00,0.0
2012-04-27 10:00:00,0.0
2012-04-27 11:00:00,0.6073080841330892
2012-04-27 12:00:00,0.617613409674893
2012-04-27 13:00:00,0.0
2012-04-27 14:00:00,0.0
2012-04-27 15:00:00,0.4729266390678899
2012-04-27 16:00:00,0.5555753499132051
2012-04-27 17:00:00,0.6072050308776696
2012-04-27 18:00:00,0.0
2012-04-27 19:00:00,0.617613409674896
2012-04-27 20:00:00,0.0
2012-04-27 21:00:00,0.0
2012-04-27 22:00:00,0.5452700243713945
2012-04-27 23:00:00,-0.46248776036215206
2012-04-28 00:00:00,-1.3390072243207563
2012-04-28 01:00:00,-1.4318582074524597
2012-04-28 02:00:00,-1.4215528819106524
2012-04-28 03:00:00,-1.4216044085383621
2012-04-28 04:00:00,-1.4576730479346904
2012-04-28 05:00:00,0.0
2012-04-28 06:00:00,-1.225648643360854
2012-04-28 07:00:00,-0.31635824417929526
2012-04-28 08:00:00,0.0
2012-04-28 09:00:00,-0.041257578840690624
2012-04-28 10:00:00,0.7261284876301514
2012-04-28 11:00:00,1.0929980769185652
2012-04-28 12:00:00,0.8966300987193883
2012-04-28 13:00:00,0.0
2012-04-28 14:00:00,0.7106704993174376
2012-04-28 15:00:00,0.6537335756989374
2012-04-28 16:00:00,0.6485809129280335
2012-04-28 17:00:00,0.6640904278684605
2012-04-28 18:00:00,0.8501015538981181
2012-04-28 19:00:00,0.8139298612463705
2012-04-28 20:00:00,0.0
2012-04-28 21:00:00,0.736433813171959
2012-04-28 22:00:00,0.5900981904782638
2012-04-28 23:00:00,0.0
2012-04-29 00:00:00,-1.323549236008042
2012-04-29 01:00:00,0.0
2012-04-29 02:00:00,-1.4524688585360774
2012-04-29 03:00:00,0.0
2012-04-29 04:00:00,-1.4782836990183117
2012-04-29 05:00:00,-1.4060948935979385
2012-04-29 06:00:00,-1.4164002191397456
2012-04-29 07:00:00,0.0
2012-04-29 08:00:00,-0.4521824348203452
2012-04-29 09:00:00,-0.17883367482385107
2012-04-29 10:00:00,0.3834248867372766
2012-04-29 11:00:00,0.0
2012-04-29 12:00:00,0.0
2012-04-29 13:00:00,0.0
2012-04-29 14:00:00,0.0
2012-04-29 15:00:00,0.46772244966927745
2012-04-29 16:00:00,0.0
2012-04-29 17:00:00,0.0
2012-04-29 18:00:00,0.6588862384698443
2012-04-29 19:00:00,0.6848041322074938
2012-04-29 20:00:00,0.0
2012-04-29 21:00:00,0.5814932436508546
2012-04-29 22:00:00,0.4935888167792206
2012-04-29 23:00:00,0.0
2012-04-30 00:00:00,-1.3287018987789456
2012-04-30 01:00:00,-1.4627741840778878
2012-04-30 02:00:00,0.0
2012-04-30 03:00:00,0.0
2012-04-30 04:00:00,-1.4679783734765044
2012-04-30 05:00:00,-1.4267055446815562
2012-04-30 06:00:00,-1.4164517457674586
2012-04-30 07:00:00,-0.2768373207264582
2012-04-30 08:00:00,-0.44182558265082517
2012-04-30 09:00:00,-0.16342721313884329
2012-04-30 10:00:00,0.3026826611172007
2012-04-30 11:00:00,0.6743957534102644
2012-04-30 12:00:00,0.5917470425649559
2012-04-30 13:00:00,0.0
2012-04-30 14:00:00,0.0
2012-04-30 15:00:00,0.5194036572614551
2012-04-30 16:00:00,0.0
2012-04-30 17:00:00,0.6124607469039922
2012-04-30 18:00:00,0.7623001802819022
2012-04-30 19:00:00,0.0
2012-04-30 20:00:00,0.5659837287104316
2012-04-30 21:00:00,0.6176134096748991
2012-04-30 22:00:00,0.0
2012-04-30 23:00:00,0.0
2012-05-01 00:00:00,0.0
2012-05-01 01:00:00,0.0
2012-05-01 02:00:00,-1.4524688585360808
2012-05-01 03:00:00,0.0
2012-05-01 04:00:00,0.0
2012-05-01 05:00:00,-1.447316195765174
2012-05-01 06:00:00,-1.421604408538362
2012-05-01 07:00:00,-0.2098011780769852
2012-05-01 08:00:00,0.0
2012-05-01 09:00:00,0.0
2012-05-01 10:00:00,0.5849970543350702
2012-05-01 11:00:00,0.0
2012-05-01 12:00:00,0.726076961002442
2012-05-01 13:00:00,0.0
2012-05-01 14:00:00,0.5762890542522392
2012-05-01 15:00:00,0.0
2012-05-01 16:00:00,0.7002621205202113
2012-05-01 17:00:00,0.0
2012-05-01 18:00:00,0.7467906653414791
2012-05-01 19:00:00,0.0
2012-05-01 20:00:00,0.0
2012-05-01 21:00:00,0.6537335756989404
2012-05-01 22:00:00,0.0
2012-05-01 23:00:00,0.0
2012-05-02 00:00:00,-1.3442114137193693
2012-05-02 01:00:00,-1.4318582074524564
2012-05-02 02:00:00,-1.4319097340801725
2012-05-02 03:00:00,-1.4421635329942701
2012-05-02 04:00:00,0.0
2012-05-02 05:00:00,-1.4009422308270316
2012-05-02 06:00:00,-1.411247556368842
2012-05-02 07:00:00,-0.4830984114457734
2012-05-02 08:00:00,-0.30780482397959236
2012-05-02 09:00:00,-0.2871426462682654
2012-05-02 10:00:00,0.44365951452915414
2012-05-02 11:00:00,0.6072050308776665
2012-05-02 12:00:00,0.5452700243713983
2012-05-02 13:00:00,0.37816917071095096
2012-05-02 14:00:00,0.48843615400831375
2012-05-02 15:00:00,0.3936786856513744
2012-05-02 16:00:00,0.0
2012-05-02 17:00:00,0.6899052683506912
2012-05-02 18:00:00,0.5762375276245321
2012-05-02 19:00:00,0.0
2012-05-02 20:00:00,0.6950579311215951
2012-05-02 21:00:00,0.0
2012-05-02 22:00:00,0.4729266390678937
2012-05-02 23:00:00,0.0
2012-05-03 00:00:00,-1.3183965732371385
2012-05-03 01:00:00,0.0
2012-05-03 02:00:00,-1.36482206480299
2012-05-03 03:00:00,0.0
2012-05-03 04:00:00,0.0
2012-05-03 05:00:00,-1.3544652126334702
2012-05-03 06:00:00,0.0
2012-05-03 07:00:00,0.0
2012-05-03 08:00:00,-0.4624877603621555
2012-05-03 09:00:00,0.0
2012-05-03 10:00:00,0.0
2012-05-03 11:00:00,0.8656625954662507
2012-05-03 12:00:00,0.0
2012-05-03 13:00:00,0.0
2012-05-03 14:00:00,0.0
2012-05-03 15:00:00,0.0
2012-05-03 16:00:00,0.0
2012-05-03 17:00:00,0.7105674460620189
2012-05-03 18:00:00,0.0
2012-05-03 19:00:00,0.8139298612463667
2012-05-03 20:00:00,0.6588862384698443
2012-05-03 21:00:00,0.0
2012-05-03 22:00:00,0.0
2012-05-03 23:00:00,-0.5552356902384404
2012-05-04 00:00:00,0.0
2012-05-04 01:00:00,0.0
2012-05-04 02:00:00,-1.4009422308270316
2012-05-04 03:00:00,0.0
2012-05-04 04:00:00,0.0
2012-05-04 05:00:00,0.0
2012-05-04 06:00:00,-1.3390072243207563
2012-05-04 07:00:00,0.0
2012-05-04 08:00:00,-0.4470297720494414
2012-05-04 09:00:00,0.0
2012-05-04 10:00:00,0.0
2012-05-04 11:00:00,0.8810690571512557
2012-05-04 12:00:00,0.0
2012-05-04 13:00:00,0.6692430906393613
2012-05-04 14:00:00,0.6175618830471866
2012-05-04 15:00:00,0.6278672085889974
2012-05-04 16:00:00,0.0
2012-05-04 17:00:00,0.7467906653414752
2012-05-04 18:00:00,0.0
2012-05-04 19:00:00,0.8087771984754636
2012-05-04 20:00:00,0.6279187352167067
2012-05-04 21:00:00,0.0
2012-05-04 22:00:00,0.5452184977436858
2012-05-04 23:00:00,-0.38514629217087565
2012-05-05 00:00:00,-1.308091247695328
2012-05-05 01:00:00,0.0
2012-05-05 02:00:00,0.0
2012-05-05 03:00:00,0.0
2012-05-05 04:00:00,-1.411247556368842
2012-05-05 05:00:00,-1.364873591430703
2012-05-05 06:00:00,0.0
2012-05-05 07:00:00,-0.1530703609693263
2012-05-05 08:00:00,-0.30090025586658115
2012-05-05 09:00:00,-0.0533663363523177
2012-05-05 10:00:00,0.6107088415618852
2012-05-05 11:00:00,0.917292276430716
2012-05-05 12:00:00,0.0
2012-05-05 13:00:00,0.8966816253470976
2012-05-05 14:00:00,0.0
2012-05-05 15:00:00,0.6279187352167067
2012-05-05 16:00:00,0.0
2012-05-05 17:00:00,0.8449488911272144
2012-05-05 18:00:00,0.9741261467937928
2012-05-05 19:00:00,0.0
2012-05-05 20:00:00,0.7467906653414791
2012-05-05 21:00:00,0.0
2012-05-05 22:00:00,0.4471117985856595
2012-05-05 23:00:00,-0.5604398796370498
2012-05-06 00:00:00,0.0
2012-05-06 01:00:00,-1.3389556976930468
2012-05-06 02:00:00,-1.4215528819106524
2012-05-06 03:00:00,-1.385432715886608
2012-05-06 04:00:00,0.0
2012-05-06 05:00:00,0.0
2012-05-06 06:00:00,-1.3442114137193726
2012-05-06 07:00:00,-0.41606226879630076
2012-05-06 08:00:00,-0.1839863375947545
2012-05-06 09:00:00,0.0
2012-05-06 10:00:00,0.0
2012-05-06 11:00:00,0.0
2012-05-06 12:00:00,0.0
2012-05-06 13:00:00,0.8759679210080575
2012-05-06 14:00:00,0.7519433281123821
2012-05-06 15:00:00,0.5917470425649559
2012-05-06 16:00:00,0.6072565575053768
2012-05-06 17:00:00,0.6951094577493044
2012-05-06 18:00:00,0.0
2012-05-06 19:00:00,0.0
2012-05-06 20:00:00,0.6848041322074976
2012-05-06 21:00:00,0.607256557505376
2012-05-06 22:00:00,0.5917470425649559
2012-05-06 23:00:00,-0.5758978679497674
2012-05-07 00:00:00,0.0
2012-05-07 01:00:00,-1.3545167392611832
2012-05-07 02:00:00,-1.3699747275738972
2012-05-07 03:00:00,0.0
2012-05-07 04:00:00,0.0
2012-05-07 05:00:00,-1.3183965732371352
2012-05-07 06:00:00,-1.297734395525808
2012-05-07 07:00:00,-0.31290596012279326
2012-05-07 08:00:00,-0.3129059601227898
2012-05-07 09:00:00,-0.2098011780769852
2012-05-07 10:00:00,0.45401636669867074
2012-05-07 11:00:00,0.7985233995613585
2012-05-07 12:00:00,0.0
2012-05-07 13:00:00,0.7777581685946197
2012-05-07 14:00:00,0.8759679210080575
2012-05-07 15:00:00,0.8707637316094451
2012-05-07 16:00:00,0.6589377650975506
2012-05-07 17:00:00,0.8242351867881743
2012-05-07 18:00:00,0.0
2012-05-07 19:00:00,0.0
2012-05-07 20:00:00,0.7777581685946128
2012-05-07 21:00:00,0.0
2012-05-07 22:00:00,0.0
2012-05-07 23:00:00,-0.36963677723044874
2012-05-08 00:00:00,0.0
2012-05-08 01:00:00,0.0
2012-05-08 02:00:00,-1.302938584924428
2012-05-08 03:00:00,-1.3390587509484655
2012-05-08 04:00:00,0.0
2012-05-08 05:00:00,-1.246207767816762
2012-05-08 06:00:00,0.0
2012-05-08 07:00:00,-0.02239883309918356
2012-05-08 08:00:00,-0.19949585253517835
2012-05-08 09:00:00,-0.13245970988570535
2012-05-08 10:00:00,0.0
2012-05-08 11:00:00,0.875916394380352
2012-05-08 12:00:00,0.7674013164250966
2012-05-08 13:00:00,0.7519433281123821
2012-05-08 14:00:00,0.0
2012-05-08 15:00:00,0.6692430906393613
2012-05-08 16:00:00,0.772605505823709
2012-05-08 17:00:00,0.8811205837789613
2012-05-08 18:00:00,0.8552542166690212
2012-05-08 19:00:00,1.0051451766746367
2012-05-08 20:00:00,0.0
2012-05-08 21:00:00,0.7829108313655235
2012-05-08 22:00:00,0.0
2012-05-08 23:00:00,-0.30605291863748496
2012-05-09 00:00:00,0.0
2012-05-09 01:00:00,-1.2925817327549043
2012-05-09 02:00:00,-1.3028870582967116
2012-05-09 03:00:00,-1.3493125498625667
2012-05-09 04:00:00,0.0
2012-05-09 05:00:00,0.0
2012-05-09 06:00:00,-1.158560974083675
2012-05-09 07:00:00,0.0
2012-05-09 08:00:00,-0.47279308590396274
2012-05-09 09:00:00,0.0
2012-05-09 10:00:00,0.5642318233683238
2012-05-09 11:00:00,0.0
2012-05-09 12:00:00,0.0
2012-05-09 13:00:00,0.0
2012-05-09 14:00:00,0.8345405123299849
2012-05-09 15:00:00,0.0
2012-05-09 16:00:00,0.9121396136598083
2012-05-09 17:00:00,0.9431586435406591
2012-05-09 18:00:00,0.932801791371142
2012-05-09 19:00:00,1.041265342698685
2012-05-09 20:00:00,0.0
2012-05-09 21:00:00,0.6692430906393644
2012-05-09 22:00:00,0.6278672085890004
2012-05-09 23:00:00,0.0
2012-05-10 00:00:00,-1.1224923346873399
2012-05-10 01:00:00,0.0
2012-05-10 02:00:00,-1.2822764072130972
2012-05-10 03:00:00,0.0
2012-05-10 04:00:00,0.0
2012-05-10 05:00:00,0.0
2012-05-10 06:00:00,0.0
2012-05-10 07:00:00,0.0
2012-05-10 08:00:00,-0.2562266696428403
2012-05-10 09:00:00,0.0
2012-05-10 10:00:00,0.7623001802818992
2012-05-10 11:00:00,1.0102978394455435
2012-05-10 12:00:00,0.0
2012-05-10 13:00:00,1.061927520410009
2012-05-10 14:00:00,0.9689219573951804
2012-05-10 15:00:00,0.9431586435406553
2012-05-10 16:00:00,0.0
2012-05-10 17:00:00,1.0929980769185683
2012-05-10 18:00:00,0.0
2012-05-10 19:00:00,1.196257438847498
2012-05-10 20:00:00,1.0154505022164504
2012-05-10 21:00:00,0.8965785720916789
2012-05-10 22:00:00,0.8553057432967306
2012-05-10 23:00:00,0.0
2012-05-11 00:00:00,0.0
2012-05-11 01:00:00,0.0
2012-05-11 02:00:00,-1.1998338028786202
2012-05-11 03:00:00,-1.2255971167331476
2012-05-11 04:00:00,-1.230749779504048
2012-05-11 05:00:00,-1.1895284773368127
2012-05-11 06:00:00,0.0
2012-05-11 07:00:00,-0.10149220663256776
2012-05-11 08:00:00,0.0
2012-05-11 09:00:00,0.1065723160565646
2012-05-11 10:00:00,0.0
2012-05-11 11:00:00,0.0
2012-05-11 12:00:00,0.0
2012-05-11 13:00:00,0.0
2012-05-11 14:00:00,0.0
2012-05-11 15:00:00,0.0
2012-05-11 16:00:00,1.3099767062013628
2012-05-11 17:00:00,0.0
2012-05-11 18:00:00,1.2376848475255713
2012-05-11 19:00:00,0.0
2012-05-11 20:00:00,0.9379544541420428
2012-05-11 21:00:00,0.9120880870320989
2012-05-11 22:00:00,0.8242351867881743
2012-05-11 23:00:00,0.0
2012-05-12 00:00:00,-1.0089791738443097
2012-05-12 01:00:00,0.0
2012-05-12 02:00:00,-1.2049864656495302
2012-05-12 03:00:00,-1.2359024422749552
2012-05-12 04:00:00,0.0
2012-05-12 05:00:00,0.0
2012-05-12 06:00:00,-1.0141833632429225
2012-05-12 07:00:00,0.0
2012-05-12 08:00:00,0.0
2012-05-12 09:00:00,0.2735701164615859
2012-05-12 10:00:00,1.0516737214959075
2012-05-12 11:00:00,1.5580258919927175
2012-05-12 12:00:00,0.0
2012-05-12 13:00:00,0.0
2012-05-12 14:00:00,1.5786365430763387
2012-05-12 15:00:00,1.392625417046675
2012-05-12 16:00:00,1.1601372728234567
2012-05-12 17:00:00,0.0
2012-05-12 18:00:00,0.0
2012-05-12 19:00:00,1.3461483988531173
2012-05-12 20:00:00,1.3823200915048675
2012-05-12 21:00:00,1.222123805957441
2012-05-12 22:00:00,0.9379544541420459
2012-05-12 23:00:00,0.0
2012-05-13 00:00:00,-0.962605208906167
2012-05-13 01:00:00,0.0
2012-05-13 02:00:00,-1.117288145288727
2012-05-13 03:00:00,-1.2204444539622377
2012-05-13 04:00:00,-1.1637136368545817
2012-05-13 05:00:00,-1.1276449974582468
2012-05-13 06:00:00,0.0
2012-05-13 07:00:00,0.0
2012-05-13 08:00:00,-0.3232628122923064
2012-05-13 09:00:00,0.01887399569576812
2012-05-13 10:00:00,0.0
2012-05-13 11:00:00,0.0
2012-05-13 12:00:00,0.0
2012-05-13 13:00:00,1.154984610052553
2012-05-13 14:00:00,0.963820821251986
2012-05-13 15:00:00,1.0826412247490482
2012-05-13 16:00:00,0.0
2012-05-13 17:00:00,1.6097070995848912
2012-05-13 18:00:00,0.0
2012-05-13 19:00:00,1.232429131499245
2012-05-13 20:00:00,0.9121396136598083
2012-05-13 21:00:00,0.8087256718477511
2012-05-13 22:00:00,0.8397962283563075
2012-05-13 23:00:00,0.0
2012-05-14 00:00:00,-0.9832673866174978
2012-05-14 01:00:00,-1.179223151794999
2012-05-14 02:00:00,0.0
2012-05-14 03:00:00,-1.2410551050458587
2012-05-14 04:00:00,-1.1843242879381963
2012-05-14 05:00:00,0.0
2012-05-14 06:00:00,-1.1586125007113843
2012-05-14 07:00:00,-0.07912965020684246
2012-05-14 08:00:00,0.0
2012-05-14 09:00:00,0.0033129541276314305
2012-05-14 10:00:00,0.0
2012-05-14 11:00:00,0.0
2012-05-14 12:00:00,1.0309600171568714
2012-05-14 13:00:00,0.875916394380352
2012-05-14 14:00:00,0.9379029275143365
2012-05-14 15:00:00,0.7933192101627461
2012-05-14 16:00:00,0.0
2012-05-14 17:00:00,0.9689734840228899
2012-05-14 18:00:00,0.0
2012-05-14 19:00:00,0.9431586435406553
2012-05-14 20:00:00,0.0
2012-05-14 21:00:00,0.7519433281123821
2012-05-14 22:00:00,0.0
2012-05-14 23:00:00,-0.14101313008540478
2012-05-15 00:00:00,-0.7563956448145578
2012-05-15 01:00:00,-0.8698572790298824
2012-05-15 02:00:00,0.0
2012-05-15 03:00:00,-0.962605208906167
2012-05-15 04:00:00,-0.9162312439680281
2012-05-15 05:00:00,-0.8595519534880721
2012-05-15 06:00:00,-0.9265365695098389
2012-05-15 07:00:00,0.0
2012-05-15 08:00:00,-0.30775329735188295
2012-05-15 09:00:00,-0.0018397086432754316
2012-05-15 10:00:00,0.48838462738060434
2012-05-15 11:00:00,0.0
2012-05-15 12:00:00,0.0
2012-05-15 13:00:00,0.0
2012-05-15 14:00:00,0.917292276430719
2012-05-15 15:00:00,0.9482597796838528
2012-05-15 16:00:00,1.0206546916150636
2012-05-15 17:00:00,1.4288486363261381
2012-05-15 18:00:00,0.0
2012-05-15 19:00:00,1.2996198540318495
2012-05-15 20:00:00,0.0
2012-05-15 21:00:00,1.1291697695703191
2012-05-15 22:00:00,0.0
2012-05-15 23:00:00,-0.23901677598801577
2012-05-16 00:00:00,-1.0554561920378673
2012-05-16 01:00:00,-1.168917826253195
2012-05-16 02:00:00,-1.1895284773368096
2012-05-16 03:00:00,-1.2307497795040514
2012-05-16 04:00:00,-1.1998338028786202
2012-05-16 05:00:00,-1.1173396719164366
2012-05-16 06:00:00,0.0
2012-05-16 07:00:00,0.0
2012-05-16 08:00:00,0.0
2012-05-16 09:00:00,0.0
2012-05-16 10:00:00,0.5555753499132021
2012-05-16 11:00:00,1.1911047760765943
2012-05-16 12:00:00,1.0825896981213388
2012-05-16 13:00:00,0.0
2012-05-16 14:00:00,1.2273279953560543
2012-05-16 15:00:00,0.0
2012-05-16 16:00:00,0.0
2012-05-16 17:00:00,0.0
2012-05-16 18:00:00,0.0
2012-05-16 19:00:00,0.0
2012-05-16 20:00:00,0.0
2012-05-16 21:00:00,0.0
2012-05-16 22:00:00,0.9895841351065036
2012-05-16 23:00:00,-0.12555514177269414
2012-05-17 00:00:00,0.0
2012-05-17 01:00:00,-1.0812195058923917
2012-05-17 02:00:00,-1.1895284773368096
2012-05-17 03:00:00,-1.1586125007113812
2012-05-17 04:00:00,-1.1483071751695741
2012-05-17 05:00:00,-1.1431029857709578
2012-05-17 06:00:00,0.0
2012-05-17 07:00:00,-0.2699842792411533
2012-05-17 08:00:00,-0.00869275012857725
2012-05-17 09:00:00,0.0
2012-05-17 10:00:00,0.9895841351065073
2012-05-17 11:00:00,1.098150739689472
2012-05-17 12:00:00,1.0465210587250038
2012-05-17 13:00:00,1.0309600171568742
2012-05-17 14:00:00,0.0
2012-05-17 15:00:00,0.9120880870321028
2012-05-17 16:00:00,0.0
2012-05-17 17:00:00,0.9792788095646997
2012-05-17 18:00:00,0.0
2012-05-17 19:00:00,1.0206546916150636
2012-05-17 20:00:00,0.0
2012-05-17 21:00:00,0.7932676835350397
2012-05-17 22:00:00,0.0
2012-05-17 23:00:00,0.0
2012-05-18 00:00:00,-1.091576358061915
2012-05-18 01:00:00,-1.215291791191334
2012-05-18 02:00:00,-1.2359024422749518
2012-05-18 03:00:00,-1.2668184189003835
2012-05-18 04:00:00,-1.2616657561294766
2012-05-18 05:00:00,-1.2204444539622377
2012-05-18 06:00:00,0.0
2012-05-18 07:00:00,-0.22531069301740905
2012-05-18 08:00:00,0.0
2012-05-18 09:00:00,0.029076267982152754
2012-05-18 10:00:00,0.0
2012-05-18 11:00:00,0.0
2012-05-18 12:00:00,0.7984203463059436
2012-05-18 13:00:00,0.8862732465498682
2012-05-18 14:00:00,0.8345920389576943
2012-05-18 15:00:00,0.0
2012-05-18 16:00:00,0.0
2012-05-18 17:00:00,0.9482597796838497
2012-05-18 18:00:00,1.0929465502908589
2012-05-18 19:00:00,1.0929465502908589
2012-05-18 20:00:00,0.8501015538981144
2012-05-18 21:00:00,0.0
2012-05-18 22:00:00,0.0
2012-05-18 23:00:00,0.0
2012-05-19 00:00:00,-1.1431029857709578
2012-05-19 01:00:00,0.0
2012-05-19 02:00:00,-1.2822764072131005
2012-05-19 03:00:00,-1.323549236008042
2012-05-19 04:00:00,0.0
2012-05-19 05:00:00,-1.2616657561294762
2012-05-19 06:00:00,-1.0760668431214884
2012-05-19 07:00:00,0.0
2012-05-19 08:00:00,-0.349077652774544
2012-05-19 09:00:00,0.0
2012-05-19 10:00:00,1.0102978394455475
2012-05-19 11:00:00,0.0
2012-05-19 12:00:00,1.0050421234192217
2012-05-19 13:00:00,0.0
2012-05-19 14:00:00,0.8190825240172704
2012-05-19 15:00:00,0.7312811504010552
2012-05-19 16:00:00,0.0
2012-05-19 17:00:00,0.0
2012-05-19 18:00:00,0.8863247731775814
2012-05-19 19:00:00,0.8448973644995011
2012-05-19 20:00:00,0.0
2012-05-19 21:00:00,0.6537851023266468
2012-05-19 22:00:00,0.0
2012-05-19 23:00:00,-0.4057569432544932
2012-05-20 00:00:00,0.0
2012-05-20 01:00:00,0.0
2012-05-20 02:00:00,-1.3132439104662348
2012-05-20 03:00:00,-1.3751789169725102
2012-05-20 04:00:00,-1.3545167392611799
2012-05-20 05:00:00,-1.3080397210676187
2012-05-20 06:00:00,0.0
2012-05-20 07:00:00,-0.18743862165126027
2012-05-20 08:00:00,0.0
2012-05-20 09:00:00,-0.058570525750934334
2012-05-20 10:00:00,0.0
2012-05-20 11:00:00,0.0
2012-05-20 12:00:00,0.9069869508889083
2012-05-20 13:00:00,0.9947883245051236
2012-05-20 14:00:00,0.6485809129280335
2012-05-20 15:00:00,0.0
2012-05-20 16:00:00,0.6537851023266468
2012-05-20 17:00:00,0.7312811504010552
2012-05-20 18:00:00,0.7415864759428621
2012-05-20 19:00:00,0.7623001802819022
2012-05-20 20:00:00,0.5297605094309714
2012-05-20 21:00:00,0.591747042564949
2012-05-20 22:00:00,0.0
2012-05-20 23:00:00,-0.42121493156720763
2012-05-21 00:00:00,0.0
2012-05-21 01:00:00,-1.3493125498625635
2012-05-21 02:00:00,-1.3390587509484655
2012-05-21 03:00:00,0.0
2012-05-21 04:00:00,-1.3647705381752775
2012-05-21 05:00:00,-1.3338545615498525
2012-05-21 06:00:00,-1.143102985770961
2012-05-21 07:00:00,-0.37478944000135556
2012-05-21 08:00:00,-0.3130090133782086
2012-05-21 09:00:00,-0.1222059109716075
2012-05-21 10:00:00,0.0
2012-05-21 11:00:00,0.7312811504010513
2012-05-21 12:00:00,0.0
2012-05-21 13:00:00,0.6589377650975506
2012-05-21 14:00:00,0.5556268765409146
2012-05-21 15:00:00,0.6382240607585143
2012-05-21 16:00:00,0.648632439555743
2012-05-21 17:00:00,0.0
2012-05-21 18:00:00,0.0
2012-05-21 19:00:00,0.0
2012-05-21 20:00:00,0.0
2012-05-21 21:00:00,0.7829623579932291
2012-05-21 22:00:00,0.0
2012-05-21 23:00:00,0.0
2012-05-22 00:00:00,0.0
2012-05-22 01:00:00,-1.2565130933585726
2012-05-22 02:00:00,-1.261717282757189
2012-05-22 03:00:00,0.0
2012-05-22 04:00:00,-1.2925817327549045
2012-05-22 05:00:00,0.0
2012-05-22 06:00:00,0.0
2012-05-22 07:00:00,0.0
2012-05-22 08:00:00,-0.2201065036187993
2012-05-22 09:00:00,0.0273758892677578
2012-05-22 10:00:00,0.6021554213621824
2012-05-22 11:00:00,0.0
2012-05-22 12:00:00,0.8191340506449799
2012-05-22 13:00:00,0.7571475175109923
2012-05-22 14:00:00,0.8397447017286012
2012-05-22 15:00:00,0.0
2012-05-22 16:00:00,0.891425909320772
2012-05-22 17:00:00,0.0
2012-05-22 18:00:00,0.0
2012-05-22 19:00:00,0.9947883245051206
2012-05-22 20:00:00,0.7519433281123821
2012-05-22 21:00:00,0.5504226871423021
2012-05-22 22:00:00,0.5917470425649559
2012-05-22 23:00:00,0.0
2012-05-23 00:00:00,0.0
2012-05-23 01:00:00,0.0
2012-05-23 02:00:00,-0.7047659638500933
2012-05-23 03:00:00,-0.8027696097527035
2012-05-23 04:00:00,-0.7357849937309403
2012-05-23 05:00:00,-0.8131264619222202
2012-05-23 06:00:00,0.0
2012-05-23 07:00:00,0.0
2012-05-23 08:00:00,-0.1736810120529442
2012-05-23 09:00:00,-0.012093507557369836
2012-05-23 10:00:00,0.0
2012-05-23 11:00:00,0.0
2012-05-23 12:00:00,1.0051451766746435
2012-05-23 13:00:00,0.8810690571512557
2012-05-23 14:00:00,0.0
2012-05-23 15:00:00,0.0
2012-05-23 16:00:00,1.0309600171568742
2012-05-23 17:00:00,0.0
2012-05-23 18:00:00,1.1860036399333966
2012-05-23 19:00:00,0.0
2012-05-23 20:00:00,1.041265342698681
2012-05-23 21:00:00,0.0
2012-05-23 22:00:00,0.0
2012-05-23 23:00:00,-0.47794574867486656
2012-05-24 00:00:00,0.0
2012-05-24 01:00:00,0.0
2012-05-24 02:00:00,0.0
2012-05-24 03:00:00,0.0
2012-05-24 04:00:00,0.0
2012-05-24 05:00:00,-1.246207767816762
2012-05-24 06:00:00,-1.2359024422749552
2012-05-24 07:00:00,0.0
2012-05-24 08:00:00,0.0
2012-05-24 09:00:00,0.02392360521124895
2012-05-24 10:00:00,0.9224964658293283
2012-05-24 11:00:00,0.9172922764307152
2012-05-24 12:00:00,0.0
2012-05-24 13:00:00,0.0
2012-05-24 14:00:00,0.0
2012-05-24 15:00:00,0.0
2012-05-24 16:00:00,1.222123805957441
2012-05-24 17:00:00,1.3409957360822098
2012-05-24 18:00:00,1.418491784156618
2012-05-24 19:00:00,0.0
2012-05-24 20:00:00,1.0516737214959107
2012-05-24 21:00:00,0.0
2012-05-24 22:00:00,0.7674528430528021
2012-05-24 23:00:00,0.0
2012-05-25 00:00:00,0.0
2012-05-25 01:00:00,-1.174070489024095
2012-05-25 02:00:00,-1.2307497795040483
2012-05-25 03:00:00,0.0
2012-05-25 04:00:00,-1.2049864656495235
2012-05-25 05:00:00,0.0
2012-05-25 06:00:00,-1.096729020832815
2012-05-25 07:00:00,0.0
2012-05-25 08:00:00,-0.1942916631365617
2012-05-25 09:00:00,0.018822469068054914
2012-05-25 10:00:00,0.7363822865442496
2012-05-25 11:00:00,0.9895841351065073
2012-05-25 12:00:00,0.7880634941364273
2012-05-25 13:00:00,0.0
2012-05-25 14:00:00,0.8449488911272175
2012-05-25 15:00:00,0.8397447017286012
2012-05-25 16:00:00,0.8553057432967306
2012-05-25 17:00:00,0.922444939201619
2012-05-25 18:00:00,0.0
2012-05-25 19:00:00,0.0
2012-05-25 20:00:00,0.0
2012-05-25 21:00:00,0.7260769610024389
2012-05-25 22:00:00,0.0
2012-05-25 23:00:00,-0.23041182916060654
2012-05-26 00:00:00,-1.0606088548087742
2012-05-26 01:00:00,0.0
2012-05-26 02:00:00,-1.287429069984001
2012-05-26 03:00:00,-1.2616657561294762
2012-05-26 04:00:00,0.0
2012-05-26 05:00:00,0.0
2012-05-26 06:00:00,0.0
2012-05-26 07:00:00,0.11347688416957886
2012-05-26 08:00:00,-0.2974479718100757
2012-05-26 09:00:00,0.0
2012-05-26 10:00:00,0.9483113063115621
2012-05-26 11:00:00,1.0928950236631465
2012-05-26 12:00:00,0.0
2012-05-26 13:00:00,0.798471872933653
2012-05-26 14:00:00,0.8708152582371576
2012-05-26 15:00:00,0.7467906653414783
2012-05-26 16:00:00,0.7674013164250966
2012-05-26 17:00:00,0.6795999428088806
2012-05-26 18:00:00,0.0
2012-05-26 19:00:00,0.891425909320775
2012-05-26 20:00:00,0.6899567949783976
2012-05-26 21:00:00,0.0
2012-05-26 22:00:00,0.5762375276245358
2012-05-26 23:00:00,-0.343821936748218
2012-05-27 00:00:00,-1.143102985770961
2012-05-27 01:00:00,-1.2513604305876658
2012-05-27 02:00:00,-1.318396573237135
2012-05-27 03:00:00,0.0
2012-05-27 04:00:00,-1.282327933840807
2012-05-27 05:00:00,-1.2565130933585726
2012-05-27 06:00:00,0.0
2012-05-27 07:00:00,-0.16682797056764237
2012-05-27 08:00:00,-0.5088617253002978
2012-05-27 09:00:00,0.07560481280342664
2012-05-27 10:00:00,0.7829623579932329
2012-05-27 11:00:00,1.0258073543859676
2012-05-27 12:00:00,0.0
2012-05-27 13:00:00,0.0
2012-05-27 14:00:00,0.0
2012-05-27 15:00:00,0.6950579311215951
2012-05-27 16:00:00,0.0
2012-05-27 17:00:00,0.0
2012-05-27 18:00:00,0.0
2012-05-27 19:00:00,0.0
2012-05-27 20:00:00,0.0
2012-05-27 21:00:00,0.6899567949784007
2012-05-27 22:00:00,0.5813901903954358
2012-05-27 23:00:00,-0.33866927397731456
2012-05-28 00:00:00,-1.1173396719164366
2012-05-28 01:00:00,-1.2462077678167656
2012-05-28 02:00:00,0.0
2012-05-28 03:00:00,0.0
2012-05-28 04:00:00,-1.287429069984001
2012-05-28 05:00:00,-1.246207767816762
2012-05-28 06:00:00,0.0
2012-05-28 07:00:00,0.0
2012-05-28 08:00:00,-0.22010650361879586
2012-05-28 09:00:00,0.022274753124564145
2012-05-28 10:00:00,0.4263980942466229
2012-05-28 11:00:00,0.7623001802819022
2012-05-28 12:00:00,0.0
2012-05-28 13:00:00,0.7622486536541928
2012-05-28 14:00:00,0.0
2012-05-28 15:00:00,0.0
2012-05-28 16:00:00,0.8707637316094482
2012-05-28 17:00:00,0.8811205837789644
2012-05-28 18:00:00,1.0877423608922427
2012-05-28 19:00:00,0.0
2012-05-28 20:00:00,0.8190825240172743
2012-05-28 21:00:00,0.0
2012-05-28 22:00:00,0.0
2012-05-28 23:00:00,-0.39029895494177946
2012-05-29 00:00:00,0.0
2012-05-29 01:00:00,0.0
2012-05-29 02:00:00,-1.2513604305876658
2012-05-29 03:00:00,-1.3339060881775622
2012-05-29 04:00:00,-1.2874290699840043
2012-05-29 05:00:00,-1.230749779504048
2012-05-29 06:00:00,-1.241055105045862
2012-05-29 07:00:00,0.0
2012-05-29 08:00:00,0.0
2012-05-29 09:00:00,0.0
2012-05-29 10:00:00,0.0
2012-05-29 11:00:00,1.0464695320972983
2012-05-29 12:00:00,0.0
2012-05-29 13:00:00,0.0
2012-05-29 14:00:00,0.7570959908832897
2012-05-29 15:00:00,0.7002621205202082
2012-05-29 16:00:00,0.7881150207641299
2012-05-29 17:00:00,0.0
2012-05-29 18:00:00,1.0413168693263906
2012-05-29 19:00:00,0.9482082530561433
2012-05-29 20:00:00,1.1136087280021858
2012-05-29 21:00:00,0.0
2012-05-29 22:00:00,0.0
2012-05-29 23:00:00,-0.40920922731099896
2012-05-30 00:00:00,-1.0709141803505815
2012-05-30 01:00:00,-1.2049864656495266
2012-05-30 02:00:00,-1.2359024422749518
2012-05-30 03:00:00,-1.2513604305876689
2012-05-30 04:00:00,-1.2307497795040483
2012-05-30 05:00:00,0.0
2012-05-30 06:00:00,0.0
2012-05-30 07:00:00,0.0
2012-05-30 08:00:00,-0.2201580302465087
2012-05-30 09:00:00,0.008568670153957453
2012-05-30 10:00:00,0.8604584060676375
2012-05-30 11:00:00,0.9534639690824629
2012-05-30 12:00:00,1.0309600171568714
2012-05-30 13:00:00,0.0
2012-05-30 14:00:00,0.9689219573951766
2012-05-30 15:00:00,0.0
2012-05-30 16:00:00,1.0877938875199589
2012-05-30 17:00:00,1.1188129174008021
2012-05-30 18:00:00,0.0
2012-05-30 19:00:00,0.0
2012-05-30 20:00:00,0.0
2012-05-30 21:00:00,0.9792788095646997
2012-05-30 22:00:00,0.9172407498030057
2012-05-30 23:00:00,0.0
2012-05-31 00:00:00,-1.0502520026392574
2012-05-31 01:00:00,-1.13284918685686
2012-05-31 02:00:00,0.0
2012-05-31 03:00:00,-1.2255971167331412
2012-05-31 04:00:00,0.0
2012-05-31 05:00:00,-1.158560974083675
2012-05-31 06:00:00,-1.1431545123986668
2012-05-31 07:00:00,0.0
2012-05-31 08:00:00,-0.013896939527190065
2012-05-31 09:00:00,0.0
2012-05-31 10:00:00,0.0
2012-05-31 11:00:00,1.3565052510226336
2012-05-31 12:00:00,1.2583470252368982
2012-05-31 13:00:00,1.2376848475255713
2012-05-31 14:00:00,1.3461483988531173
2012-05-31 15:00:00,1.2738050135496128
2012-05-31 16:00:00,0.0
2012-05-31 17:00:00,1.5528217025941042
2012-05-31 18:00:00,0.0
2012-05-31 19:00:00,1.3409957360822067
2012-05-31 20:00:00,1.568331217534528
2012-05-31 21:00:00,0.0
2012-05-31 22:00:00,1.1240171067994122
2012-05-31 23:00:00,0.21498434075639739
2012-06-01 00:00:00,0.0
2012-06-01 01:00:00,0.0
2012-06-01 02:00:00,-1.0347940143265435
2012-06-01 03:00:00,-1.0760668431214884
2012-06-01 04:00:00,-1.0605573281810614
2012-06-01 05:00:00,0.0
2012-06-01 06:00:00,0.0
2012-06-01 07:00:00,0.03258007866637443
2012-06-01 08:00:00,0.0
2012-06-01 09:00:00,0.2734670632061709
2012-06-01 10:00:00,0.9069354242611989
2012-06-01 11:00:00,0.0
2012-06-01 12:00:00,1.351301061624021
2012-06-01 13:00:00,1.6458272656089397
2012-06-01 14:00:00,1.3978296064452882
2012-06-01 15:00:00,1.418491784156618
2012-06-01 16:00:00,2.0282063698377764
2012-06-01 17:00:00,1.9610156473051787
2012-06-01 18:00:00,0.0
2012-06-01 19:00:00,0.0
2012-06-01 20:00:00,0.0
2012-06-01 21:00:00,0.0
2012-06-01 22:00:00,0.9792788095646967
2012-06-01 23:00:00,0.1065207894288552
2012-06-02 00:00:00,-0.8491435746908461
2012-06-02 01:00:00,-1.0141833632429225
2012-06-02 02:00:00,-1.0296413515556366
2012-06-02 03:00:00,0.0
2012-06-02 04:00:00,-1.0348455409542494
2012-06-02 05:00:00,0.0
2012-06-02 06:00:00,-0.8234317874640308
2012-06-02 07:00:00,0.21153205669989197
2012-06-02 08:00:00,-0.12730704711480498
2012-06-02 09:00:00,0.2580090748934565
2012-06-02 10:00:00,1.2479901730673812
2012-06-02 11:00:00,1.2066142910170181
2012-06-02 12:00:00,0.0
2012-06-02 13:00:00,1.3719632393353511
2012-06-02 14:00:00,1.4598161395792757
2012-06-02 15:00:00,0.0
2012-06-02 16:00:00,1.3151293689722727
2012-06-02 17:00:00,0.0
2012-06-02 18:00:00,1.4029822692161982
2012-06-02 19:00:00,0.0
2012-06-02 20:00:00,0.0
2012-06-02 21:00:00,1.098150739689469
2012-06-02 22:00:00,0.9483628329392685
2012-06-02 23:00:00,-0.17703024285403082
2012-06-03 00:00:00,0.0
2012-06-03 01:00:00,0.0
2012-06-03 02:00:00,-1.0503035292669636
2012-06-03 03:00:00,-1.0760668431214884
2012-06-03 04:00:00,0.0
2012-06-03 05:00:00,-1.003826511073406
2012-06-03 06:00:00,-0.9780631972188811
2012-06-03 07:00:00,0.0
2012-06-03 08:00:00,-0.19434318976427112
2012-06-03 09:00:00,0.0
2012-06-03 10:00:00,1.139475095112126
2012-06-03 11:00:00,1.1756467877638774
2012-06-03 12:00:00,0.0
2012-06-03 13:00:00,0.0
2012-06-03 14:00:00,0.0
2012-06-03 15:00:00,1.1187613907730896
2012-06-03 16:00:00,1.4598676662069852
2012-06-03 17:00:00,0.0
2012-06-03 18:00:00,1.2324806581269583
2012-06-03 19:00:00,1.0206031649873544
2012-06-03 20:00:00,0.9379544541420459
2012-06-03 21:00:00,0.922444939201619
2012-06-03 22:00:00,0.0
2012-06-03 23:00:00,-0.07912965020684246
2012-06-04 00:00:00,0.0
2012-06-04 01:00:00,-1.1276449974582434
2012-06-04 02:00:00,0.0
2012-06-04 03:00:00,-1.2152917911913372
2012-06-04 04:00:00,0.0
2012-06-04 05:00:00,-1.112187009145533
2012-06-04 06:00:00,0.0
2012-06-04 07:00:00,0.0
2012-06-04 08:00:00,0.0
2012-06-04 09:00:00,0.0
2012-06-04 10:00:00,0.7312811504010552
2012-06-04 11:00:00,1.098150739689472
2012-06-04 12:00:00,1.1136087280021865
2012-06-04 13:00:00,1.1084045386035726
2012-06-04 14:00:00,1.3720147659630606
2012-06-04 15:00:00,0.0
2012-06-04 16:00:00,0.0
2012-06-04 17:00:00,1.3668105765644443
2012-06-04 18:00:00,1.5114973471714503
2012-06-04 19:00:00,1.2014616282461112
2012-06-04 20:00:00,0.0
2012-06-04 21:00:00,0.9431586435406591
2012-06-04 22:00:00,0.8759679210080613
2012-06-04 23:00:00,-0.24401485887579408
2012-06-05 00:00:00,-1.0141833632429225
2012-06-05 01:00:00,0.0
2012-06-05 02:00:00,0.0
2012-06-05 03:00:00,0.0
2012-06-05 04:00:00,-1.158560974083675
2012-06-05 05:00:00,-1.1224923346873434
2012-06-05 06:00:00,0.0
2012-06-05 07:00:00,-0.22015803024650527
2012-06-05 08:00:00,-0.2923468356668817
2012-06-05 09:00:00,0.2459518440095384
2012-06-05 10:00:00,0.0
2012-06-05 11:00:00,1.1394750951121297
2012-06-05 12:00:00,0.0
2012-06-05 13:00:00,1.0516221948682012
2012-06-05 14:00:00,1.2944671912609427
2012-06-05 15:00:00,0.0
2012-06-05 16:00:00,0.0
2012-06-05 17:00:00,1.2169711431865342
2012-06-05 18:00:00,1.1394750951121266
2012-06-05 19:00:00,1.0619790470377213
2012-06-05 20:00:00,0.0
2012-06-05 21:00:00,0.9844829989633137
2012-06-05 22:00:00,0.0
2012-06-05 23:00:00,0.0
2012-06-06 00:00:00,-0.952248356736647
2012-06-06 01:00:00,0.0
2012-06-06 02:00:00,-1.1121870091455293
2012-06-06 03:00:00,0.0
2012-06-06 04:00:00,-1.1276965240859531
2012-06-06 05:00:00,-1.0399982037251567
2012-06-06 06:00:00,0.0
2012-06-06 07:00:00,-0.027603022497796757
2012-06-06 08:00:00,0.0
2012-06-06 09:00:00,0.0
2012-06-06 10:00:00,0.6848041322074976
2012-06-06 11:00:00,0.0
2012-06-06 12:00:00,0.0
2012-06-06 13:00:00,0.0
2012-06-06 14:00:00,0.0
2012-06-06 15:00:00,1.2014616282461112
2012-06-06 16:00:00,1.4236959735552313
2012-06-06 17:00:00,1.3254862211417897
2012-06-06 18:00:00,1.5114458205437402
2012-06-06 19:00:00,0.0
2012-06-06 20:00:00,0.0
2012-06-06 21:00:00,0.0
2012-06-06 22:00:00,0.8811205837789682
2012-06-06 23:00:00,-0.2750338887566414
2012-06-07 00:00:00,0.0
2012-06-07 01:00:00,-1.0709141803505848
2012-06-07 02:00:00,-1.0657099909519716
2012-06-07 03:00:00,0.0
2012-06-07 04:00:00,0.0
2012-06-07 05:00:00,0.0
2012-06-07 06:00:00,-1.04515086649606
2012-06-07 07:00:00,0.0
2012-06-07 08:00:00,-0.1891905269933677
2012-06-07 09:00:00,0.2477037493516458
2012-06-07 10:00:00,0.0
2012-06-07 11:00:00,1.2014616282461112
2012-06-07 12:00:00,1.304824043430459
2012-06-07 13:00:00,0.0
2012-06-07 14:00:00,0.0
2012-06-07 15:00:00,0.0
2012-06-07 16:00:00,1.3099767062013665
2012-06-07 17:00:00,1.434001299097038
2012-06-07 18:00:00,0.0
2012-06-07 19:00:00,1.1601372728234567
2012-06-07 20:00:00,1.0670801831809158
2012-06-07 21:00:00,0.0
2012-06-07 22:00:00,0.7984203463059436
2012-06-07 23:00:00,0.0
2012-06-08 00:00:00,0.0
2012-06-08 01:00:00,0.0
2012-06-08 02:00:00,-1.1534083113127716
2012-06-08 03:00:00,-1.1740704890240985
2012-06-08 04:00:00,-1.1843758145659058
2012-06-08 05:00:00,-1.1276449974582503
2012-06-08 06:00:00,0.0
2012-06-08 07:00:00,0.0
2012-06-08 08:00:00,0.0
2012-06-08 09:00:00,0.15474971296452367
2012-06-08 10:00:00,0.545218497743682
2012-06-08 11:00:00,1.1755952611361704
2012-06-08 12:00:00,1.1911563027043044
2012-06-08 13:00:00,0.9534639690824659
2012-06-08 14:00:00,1.2686523507787089
2012-06-08 15:00:00,0.0
2012-06-08 16:00:00,1.1704941249929737
2012-06-08 17:00:00,1.1601372728234536
2012-06-08 18:00:00,1.2738050135496128
2012-06-08 19:00:00,0.0
2012-06-08 20:00:00,0.932801791371142
2012-06-08 21:00:00,0.0
2012-06-08 22:00:00,0.0
2012-06-08 23:00:00,-0.27498236212893507
2012-06-09 00:00:00,-1.0399466770974473
2012-06-09 01:00:00,-1.1380018496277635
2012-06-09 02:00:00,-1.1688662996254857
2012-06-09 03:00:00,-1.2462077678167625
2012-06-09 04:00:00,-1.1894769507091032
2012-06-09 05:00:00,0.0
2012-06-09 06:00:00,0.0
2012-06-09 07:00:00,0.0
2012-06-09 08:00:00,0.0
2012-06-09 09:00:00,0.17891570136006577
2012-06-09 10:00:00,0.8655595422108281
2012-06-09 11:00:00,0.0
2012-06-09 12:00:00,0.0
2012-06-09 13:00:00,0.0
2012-06-09 14:00:00,0.9637692946242766
2012-06-09 15:00:00,0.9224449392016228
2012-06-09 16:00:00,0.0
2012-06-09 17:00:00,0.0
2012-06-09 18:00:00,1.1394750951121297
2012-06-09 19:00:00,0.0
2012-06-09 20:00:00,1.0102978394455435
2012-06-09 21:00:00,0.9483113063115659
2012-06-09 22:00:00,0.7518918014846765
2012-06-09 23:00:00,0.0
2012-06-10 00:00:00,-1.0038265110734024
2012-06-10 01:00:00,-1.1327976602291505
2012-06-10 02:00:00,-1.1483071751695741
2012-06-10 03:00:00,-1.1946811401077193
2012-06-10 04:00:00,0.0
2012-06-10 05:00:00,-1.1070343463746293
2012-06-10 06:00:00,-1.1069828197469165
2012-06-10 07:00:00,0.0
2012-06-10 08:00:00,0.0
2012-06-10 09:00:00,0.31999560802743793
2012-06-10 10:00:00,1.1187613907730904
2012-06-10 11:00:00,1.1343224323412229
2012-06-10 12:00:00,1.2686008241509987
2012-06-10 13:00:00,1.0361126799277782
2012-06-10 14:00:00,0.0
2012-06-10 15:00:00,0.9844314723356005
2012-06-10 16:00:00,0.0
2012-06-10 17:00:00,1.222123805957441
2012-06-10 18:00:00,1.222123805957435
2012-06-10 19:00:00,0.0
2012-06-10 20:00:00,1.1032518758326666
2012-06-10 21:00:00,0.9586166318533698
2012-06-10 22:00:00,0.8450004177549237
2012-06-10 23:00:00,-0.4401252039364271
2012-06-11 00:00:00,-1.0296928781833459
2012-06-11 01:00:00,-1.1586125007113843
2012-06-11 02:00:00,0.0
2012-06-11 03:00:00,-1.215291791191334
2012-06-11 04:00:00,-1.204986465649527
2012-06-11 05:00:00,-1.1843758145659058
2012-06-11 06:00:00,0.0
2012-06-11 07:00:00,0.0
2012-06-11 08:00:00,-0.27173618458326415
2012-06-11 09:00:00,0.2889250515188812
2012-06-11 10:00:00,0.0
2012-06-11 11:00:00,0.8966300987193883
2012-06-11 12:00:00,0.8914774359484883
2012-06-11 13:00:00,0.9017827614902951
2012-06-11 14:00:00,1.077437035350435
2012-06-11 15:00:00,0.0
2012-06-11 16:00:00,0.0
2012-06-11 17:00:00,0.0
2012-06-11 18:00:00,1.1136602546298922
2012-06-11 19:00:00,0.0
2012-06-11 20:00:00,0.9121396136598121
2012-06-11 21:00:00,0.7829108313655196
2012-06-11 22:00:00,0.6951094577493044
2012-06-11 23:00:00,-0.42636759433811106
2012-06-12 00:00:00,0.0
2012-06-12 01:00:00,-1.2410551050458587
2012-06-12 02:00:00,-1.256564619986282
2012-06-12 03:00:00,-1.3029385849244244
2012-06-12 04:00:00,-1.2668184189003835
2012-06-12 05:00:00,-1.1843758145659058
2012-06-12 06:00:00,-1.2307497795040483
2012-06-12 07:00:00,0.0
2012-06-12 08:00:00,0.0
2012-06-12 09:00:00,0.0
2012-06-12 10:00:00,0.0
2012-06-12 11:00:00,0.0
2012-06-12 12:00:00,0.9431071169129497
2012-06-12 13:00:00,0.8656625954662507
2012-06-12 14:00:00,0.9482597796838536
2012-06-12 15:00:00,0.9637692946242766
2012-06-12 16:00:00,0.9792788095646997
2012-06-12 17:00:00,1.139526621739836
2012-06-12 18:00:00,0.0
2012-06-12 19:00:00,0.9224964658293314
2012-06-12 20:00:00,0.8087256718477542
2012-06-12 21:00:00,0.0
2012-06-12 22:00:00,0.0
2012-06-12 23:00:00,0.0
2012-06-13 00:00:00,-1.1224923346873434
2012-06-13 01:00:00,-1.2410551050458587
2012-06-13 02:00:00,0.0
2012-06-13 03:00:00,-1.3339060881775622
2012-06-13 04:00:00,-1.302938584924428
2012-06-13 05:00:00,-1.2565130933585698
2012-06-13 06:00:00,-1.1276965240859531
2012-06-13 07:00:00,-0.25622666964283686
2012-06-13 08:00:00,-0.39024742831406967
2012-06-13 09:00:00,0.0
2012-06-13 10:00:00,0.6382240607585173
2012-06-13 11:00:00,0.9275976019725258
2012-06-13 12:00:00,0.8604584060676375
2012-06-13 13:00:00,0.772605505823709
2012-06-13 14:00:00,0.0
2012-06-13 15:00:00,0.8345920389576943
2012-06-13 16:00:00,0.0
2012-06-13 17:00:00,0.932801791371142
2012-06-13 18:00:00,1.098150739689472
2012-06-13 19:00:00,0.9172407498030057
2012-06-13 20:00:00,0.0
2012-06-13 21:00:00,0.6640904278684575
2012-06-13 22:00:00,0.6692946172670706
2012-06-13 23:00:00,0.0
2012-06-14 00:00:00,0.0
2012-06-14 01:00:00,0.0
2012-06-14 02:00:00,-1.2977343955258114
2012-06-14 03:00:00,0.0
2012-06-14 04:00:00,0.0
2012-06-14 05:00:00,-1.235902442274955
2012-06-14 06:00:00,0.0
2012-06-14 07:00:00,0.0
2012-06-14 08:00:00,0.0
2012-06-14 09:00:00,0.0
2012-06-14 10:00:00,0.7605482749397944
2012-06-14 11:00:00,0.994839851132833
2012-06-14 12:00:00,0.9483113063115591
2012-06-14 13:00:00,0.8552542166690212
2012-06-14 14:00:00,1.041265342698682
2012-06-14 15:00:00,0.922444939201619
2012-06-14 16:00:00,0.0
2012-06-14 17:00:00,0.0
2012-06-14 18:00:00,1.1239655801717028
2012-06-14 19:00:00,0.0
2012-06-14 20:00:00,0.9999409872760274
2012-06-14 21:00:00,0.8087256718477542
2012-06-14 22:00:00,0.767452843052806
2012-06-14 23:00:00,0.0
2012-06-15 00:00:00,-1.101830156976013
2012-06-15 01:00:00,0.0
2012-06-15 02:00:00,0.0
2012-06-15 03:00:00,-1.277123744442187
2012-06-15 04:00:00,0.0
2012-06-15 05:00:00,0.0
2012-06-15 06:00:00,-1.1431029857709643
2012-06-15 07:00:00,-0.18403786422246388
2012-06-15 08:00:00,0.0
2012-06-15 09:00:00,0.24255108658074237
2012-06-15 10:00:00,0.9379544541420428
2012-06-15 11:00:00,0.0
2012-06-15 12:00:00,1.0515706682404948
2012-06-15 13:00:00,0.0
2012-06-15 14:00:00,0.0
2012-06-15 15:00:00,1.0102463128178343
2012-06-15 16:00:00,0.0
2012-06-15 17:00:00,0.0
2012-06-15 18:00:00,1.3564537243949273
2012-06-15 19:00:00,0.0
2012-06-15 20:00:00,0.0
2012-06-15 21:00:00,0.0
2012-06-15 22:00:00,0.0
2012-06-15 23:00:00,-0.17182605345541763
2012-06-16 00:00:00,-1.0141833632429225
2012-06-16 01:00:00,-1.107034346374626
2012-06-16 02:00:00,-1.168917826253195
2012-06-16 03:00:00,-1.2049864656495235
2012-06-16 04:00:00,-1.1637651634822848
2012-06-16 05:00:00,-1.1224923346873399
2012-06-16 06:00:00,-0.8388382491490355
2012-06-16 07:00:00,-0.1065933427757618
2012-06-16 08:00:00,0.0
2012-06-16 09:00:00,0.283720862120265
2012-06-16 10:00:00,1.1084045386035735
2012-06-16 11:00:00,1.2582954986091919
2012-06-16 12:00:00,0.0
2012-06-16 13:00:00,0.0
2012-06-16 14:00:00,0.0
2012-06-16 15:00:00,1.0980992130617588
2012-06-16 16:00:00,1.3151808955999797
2012-06-16 17:00:00,1.4598161395792788
2012-06-16 18:00:00,1.599350247415372
2012-06-16 19:00:00,1.237633320897865
2012-06-16 20:00:00,0.0
2012-06-16 21:00:00,0.0
2012-06-16 22:00:00,0.0
2012-06-16 23:00:00,-0.14791769819842288
2012-06-17 00:00:00,0.0
2012-06-17 01:00:00,0.0
2012-06-17 02:00:00,-1.1895284773368127
2012-06-17 03:00:00,-1.2152917911913372
2012-06-17 04:00:00,-1.225545590105435
2012-06-17 05:00:00,0.0
2012-06-17 06:00:00,-1.137950323000054
2012-06-17 07:00:00,-0.2647285632148338
2012-06-17 08:00:00,0.0
2012-06-17 09:00:00,0.0
2012-06-17 10:00:00,0.8345920389576943
2012-06-17 11:00:00,1.2789576763205226
2012-06-17 12:00:00,1.2324806581269583
2012-06-17 13:00:00,1.263499688007802
2012-06-17 14:00:00,1.2790092029482283
2012-06-17 15:00:00,1.1291697695703191
2012-06-17 16:00:00,1.392625417046675
2012-06-17 17:00:00,1.4081864586148074
2012-06-17 18:00:00,0.0
2012-06-17 19:00:00,1.3719632393353511
2012-06-17 20:00:00,0.0
2012-06-17 21:00:00,0.9482597796838497
2012-06-17 22:00:00,0.0
2012-06-17 23:00:00,0.0
2012-06-18 00:00:00,0.0
2012-06-18 01:00:00,-1.1689178262531916
2012-06-18 02:00:00,0.0
2012-06-18 03:00:00,-1.297734395525808
2012-06-18 04:00:00,-1.261717282757189
2012-06-18 05:00:00,-1.2307497795040483
2012-06-18 06:00:00,0.0
2012-06-18 07:00:00,-0.2578755217295255
2012-06-18 08:00:00,-0.2974479718100757
2012-06-18 09:00:00,0.046337688264690514
2012-06-18 10:00:00,0.4816346391507217
2012-06-18 11:00:00,0.0
2012-06-18 12:00:00,0.901782761490292
2012-06-18 13:00:00,0.8448973644995043
2012-06-18 14:00:00,1.010349366073256
2012-06-18 15:00:00,0.0
2012-06-18 16:00:00,1.0206546916150636
2012-06-18 17:00:00,1.0206031649873544
2012-06-18 18:00:00,1.0826927513767546
2012-06-18 19:00:00,0.0
2012-06-18 20:00:00,0.8139298612463667
2012-06-18 21:00:00,0.7467906653414752
2012-06-18 22:00:00,0.0
2012-06-18 23:00:00,-0.4297683517669071
2012-06-19 00:00:00,0.0
2012-06-19 01:00:00,0.0
2012-06-19 02:00:00,-1.204986465649527
2012-06-19 03:00:00,-1.256564619986282
2012-06-19 04:00:00,0.0
2012-06-19 05:00:00,0.0
2012-06-19 06:00:00,0.0
2012-06-19 07:00:00,0.0
2012-06-19 08:00:00,0.0
2012-06-19 09:00:00,0.0
2012-06-19 10:00:00,0.49188843806481913
2012-06-19 11:00:00,1.0516221948682012
2012-06-19 12:00:00,0.0
2012-06-19 13:00:00,0.0
2012-06-19 14:00:00,1.0980992130617626
2012-06-19 15:00:00,0.9844829989633129
2012-06-19 16:00:00,0.0
2012-06-19 17:00:00,0.0
2012-06-19 18:00:00,1.1860036399333997
2012-06-19 19:00:00,0.0
2012-06-19 20:00:00,0.8811205837789644
2012-06-19 21:00:00,0.8294393761867943
2012-06-19 22:00:00,0.6847526055797882
2012-06-19 23:00:00,0.0
2012-06-20 00:00:00,-1.158560974083675
2012-06-20 01:00:00,-1.1482556485418647
2012-06-20 02:00:00,0.0
2012-06-20 03:00:00,-1.2513604305876689
2012-06-20 04:00:00,0.0
2012-06-20 05:00:00,-1.2359024422749583
2012-06-20 06:00:00,0.0
2012-06-20 07:00:00,-0.11530134285859324
2012-06-20 08:00:00,-0.3438734633759274
2012-06-20 09:00:00,0.0
2012-06-20 10:00:00,0.8190309973895611
2012-06-20 11:00:00,0.0
2012-06-20 12:00:00,0.9224964658293283
2012-06-20 13:00:00,1.046418005469585
2012-06-20 14:00:00,1.0154505022164544
2012-06-20 15:00:00,0.0
2012-06-20 16:00:00,0.0
2012-06-20 17:00:00,0.0
2012-06-20 18:00:00,1.129169769570322
2012-06-20 19:00:00,1.077437035350435
2012-06-20 20:00:00,1.0051451766746407
2012-06-20 21:00:00,0.850050027270408
2012-06-20 22:00:00,0.0
2012-06-20 23:00:00,0.0
2012-06-21 00:00:00,-1.0244886887847362
2012-06-21 01:00:00,-1.1173396719164366
2012-06-21 02:00:00,0.0
2012-06-21 03:00:00,0.0
2012-06-21 04:00:00,0.0
2012-06-21 05:00:00,-1.1637651634822912
2012-06-21 06:00:00,-1.1276449974582503
2012-06-21 07:00:00,-0.07578041940575583
2012-06-21 08:00:00,-0.15312188759703263
2012-06-21 09:00:00,0.3458104485096721
2012-06-21 10:00:00,0.6124092202762836
2012-06-21 11:00:00,0.0
2012-06-21 12:00:00,1.1342709057135134
2012-06-21 13:00:00,1.041265342698682
2012-06-21 14:00:00,1.030908490529165
2012-06-21 15:00:00,1.0206031649873504
2012-06-21 16:00:00,1.0257558277582581
2012-06-21 17:00:00,0.0
2012-06-21 18:00:00,0.0
2012-06-21 19:00:00,1.0413168693263943
2012-06-21 20:00:00,0.9327502647434296
2012-06-21 21:00:00,0.8707637316094451
2012-06-21 22:00:00,0.0
2012-06-21 23:00:00,0.0
2012-06-22 00:00:00,0.0
2012-06-22 01:00:00,0.0
2012-06-22 02:00:00,-1.1946811401077164
2012-06-22 03:00:00,0.0
2012-06-22 04:00:00,-1.2925817327549045
2012-06-22 05:00:00,-1.282327933840807
2012-06-22 06:00:00,0.0
2012-06-22 07:00:00,0.09441203191723081
2012-06-22 08:00:00,0.0
2012-06-22 09:00:00,0.09616393725933821
2012-06-22 10:00:00,0.3782206973386638
2012-06-22 11:00:00,0.9999409872760274
2012-06-22 12:00:00,0.8242351867881773
2012-06-22 13:00:00,0.9741261467937967
2012-06-22 14:00:00,0.9741261467937928
2012-06-22 15:00:00,0.932801791371139
2012-06-22 16:00:00,0.974177673421503
2012-06-22 17:00:00,1.077437035350435
2012-06-22 18:00:00,1.092946550290855
2012-06-22 19:00:00,1.082641224749049
2012-06-22 20:00:00,1.1911047760765912
2012-06-22 21:00:00,1.0413683959541038
2012-06-22 22:00:00,0.0
2012-06-22 23:00:00,0.0
2012-06-23 00:00:00,0.0
2012-06-23 01:00:00,-1.2049864656495235
2012-06-23 02:00:00,0.0
2012-06-23 03:00:00,-1.2668184189003835
2012-06-23 04:00:00,-1.3338545615498525
2012-06-23 05:00:00,0.0
2012-06-23 06:00:00,-1.086423695291008
2012-06-23 07:00:00,0.0
2012-06-23 08:00:00,0.0
2012-06-23 09:00:00,0.0
2012-06-23 10:00:00,0.9844314723356035
2012-06-23 11:00:00,0.0
2012-06-23 12:00:00,1.2583470252368982
2012-06-23 13:00:00,0.0
2012-06-23 14:00:00,0.0
2012-06-23 15:00:00,0.0
2012-06-23 16:00:00,1.284161865719132
2012-06-23 17:00:00,1.573483880305435
2012-06-23 18:00:00,1.4494592874097565
2012-06-23 19:00:00,0.8656110688385443
2012-06-23 20:00:00,0.9017312348625827
2012-06-23 21:00:00,0.8397447017285974
2012-06-23 22:00:00,0.0
2012-06-23 23:00:00,-0.5758978679497674
2012-06-24 00:00:00,-1.1018816836037224
2012-06-24 01:00:00,0.0
2012-06-24 02:00:00,-1.1946811401077193
2012-06-24 03:00:00,-1.2719710816712904
2012-06-24 04:00:00,0.0
2012-06-24 05:00:00,-1.2565130933585726
2012-06-24 06:00:00,0.0
2012-06-24 07:00:00,0.0
2012-06-24 08:00:00,0.0
2012-06-24 09:00:00,0.19607406838717786
2012-06-24 10:00:00,0.0
2012-06-24 11:00:00,1.0361126799277742
2012-06-24 12:00:00,1.0980992130617626
2012-06-24 13:00:00,1.1963089654752104
2012-06-24 14:00:00,0.0
2012-06-24 15:00:00,1.3823200915048675
2012-06-24 16:00:00,0.0
2012-06-24 17:00:00,1.8628574215194464
2012-06-24 18:00:00,1.723323313683341
2012-06-24 19:00:00,0.0
2012-06-24 20:00:00,0.0
2012-06-24 21:00:00,0.0
2012-06-24 22:00:00,0.8811205837789644
2012-06-24 23:00:00,-0.13065627791588855
2012-06-25 00:00:00,-1.0192844993861199
2012-06-25 01:00:00,-1.091576358061915
2012-06-25 02:00:00,0.0
2012-06-25 03:00:00,0.0
2012-06-25 04:00:00,0.0
2012-06-25 05:00:00,0.0
2012-06-25 06:00:00,-0.9316892322807389
2012-06-25 07:00:00,0.13398448199778104
2012-06-25 08:00:00,0.0
2012-06-25 09:00:00,0.0
2012-06-25 10:00:00,0.7674013164250966
2012-06-25 11:00:00,0.0
2012-06-25 12:00:00,1.5270068621118704
2012-06-25 13:00:00,1.5528732292218137
2012-06-25 14:00:00,2.2142690224951496
2012-06-25 15:00:00,0.0
2012-06-25 16:00:00,0.0
2012-06-25 17:00:00,2.1366699211653195
2012-06-25 18:00:00,2.338190562135406
2012-06-25 19:00:00,0.0
2012-06-25 20:00:00,1.8266342022399802
2012-06-25 21:00:00,0.0
2012-06-25 22:00:00,1.371963239335348
2012-06-25 23:00:00,0.0862192981114906
2012-06-26 00:00:00,-0.854347764089459
2012-06-26 01:00:00,-0.9419945578225495
2012-06-26 02:00:00,-0.9522998833643568
2012-06-26 03:00:00,-1.0450993398683506
2012-06-26 04:00:00,0.0
2012-06-26 05:00:00,-1.0502520026392574
2012-06-26 06:00:00,-0.7873631480676991
2012-06-26 07:00:00,0.0
2012-06-26 08:00:00,-0.11179753217437804
2012-06-26 09:00:00,0.0
2012-06-26 10:00:00,0.7726055058237098
2012-06-26 11:00:00,1.4132875947580088
2012-06-26 12:00:00,1.5218541993409667
2012-06-26 13:00:00,1.5425679036800037
2012-06-26 14:00:00,2.555220718045913
2012-06-26 15:00:00,2.710315867450146
2012-06-26 16:00:00,0.0
2012-06-26 17:00:00,2.5035910370814487
2012-06-26 18:00:00,2.756792885643703
2012-06-26 19:00:00,2.100549755141278
2012-06-26 20:00:00,0.0
2012-06-26 21:00:00,0.0
2012-06-26 22:00:00,0.0
2012-06-26 23:00:00,0.5798443915641596
2012-06-27 00:00:00,0.0
2012-06-27 01:00:00,0.0
2012-06-27 02:00:00,-0.28204151012507445
2012-06-27 03:00:00,-0.5449818913243392
2012-06-27 04:00:00,-0.8440424385476517
2012-06-27 05:00:00,-0.8182791246931274
2012-06-27 06:00:00,-0.8336855863781317
2012-06-27 07:00:00,0.2375014770652543
2012-06-27 08:00:00,-0.08093308217665925
2012-06-27 09:00:00,0.30438303983159876
2012-06-27 10:00:00,0.8190825240172704
2012-06-27 11:00:00,0.0
2012-06-27 12:00:00,1.6871516210315942
2012-06-27 13:00:00,1.6045029101862789
2012-06-27 14:00:00,2.0488685475491035
2012-06-27 15:00:00,2.0695307252604342
2012-06-27 16:00:00,0.0
2012-06-27 17:00:00,1.9041817769420981
2012-06-27 18:00:00,2.03335903260868
2012-06-27 19:00:00,1.5734838803054312
2012-06-27 20:00:00,0.0
2012-06-27 21:00:00,1.165238408966651
2012-06-27 22:00:00,1.0413168693263943
2012-06-27 23:00:00,0.0
2012-06-28 00:00:00,-0.9626567355338764
2012-06-28 01:00:00,0.0
2012-06-28 02:00:00,-1.0193360260138293
2012-06-28 03:00:00,-1.0605573281810647
2012-06-28 04:00:00,-1.174070489024099
2012-06-28 05:00:00,0.0
2012-06-28 06:00:00,-1.0296413515556366
2012-06-28 07:00:00,0.12888334585458358
2012-06-28 08:00:00,-0.12210285771618871
2012-06-28 09:00:00,0.0
2012-06-28 10:00:00,0.7622486536541928
2012-06-28 11:00:00,0.0
2012-06-28 12:00:00,1.0878454141476646
2012-06-28 13:00:00,1.1497288940262271
2012-06-28 14:00:00,0.0
2012-06-28 15:00:00,1.3357915466836003
2012-06-28 16:00:00,1.2738050135496128
2012-06-28 17:00:00,1.7543423435641918
2012-06-28 18:00:00,0.0
2012-06-28 19:00:00,0.0
2012-06-28 20:00:00,0.0
2012-06-28 21:00:00,1.0619275204100118
2012-06-28 22:00:00,0.0
2012-06-28 23:00:00,0.0
2012-06-29 00:00:00,-1.03479401432654
2012-06-29 01:00:00,-1.0708626537228785
2012-06-29 02:00:00,-1.0812195058923917
2012-06-29 03:00:00,0.0
2012-06-29 04:00:00,-1.2101391284204304
2012-06-29 05:00:00,-1.1946296134800105
2012-06-29 06:00:00,-1.1121870091455326
2012-06-29 07:00:00,0.09106280111614073
2012-06-29 08:00:00,-0.2665835218123604
2012-06-29 09:00:00,0.0
2012-06-29 10:00:00,0.6485809129280374
2012-06-29 11:00:00,0.9999409872760274
2012-06-29 12:00:00,1.0929465502908557
2012-06-29 13:00:00,0.0
2012-06-29 14:00:00,0.0
2012-06-29 15:00:00,0.0
2012-06-29 16:00:00,0.0
2012-06-29 17:00:00,1.6251650878976087
2012-06-29 18:00:00,0.0
2012-06-29 19:00:00,0.0
2012-06-29 20:00:00,1.242785983668768
2012-06-29 21:00:00,1.1652899355943604
2012-06-29 22:00:00,0.0
2012-06-29 23:00:00,0.22008547689959485
2012-06-30 00:00:00,0.0
2012-06-30 01:00:00,-1.0760668431214884
2012-06-30 02:00:00,-1.1482556485418642
2012-06-30 03:00:00,-1.1689178262531916
2012-06-30 04:00:00,-1.2514119572153788
2012-06-30 05:00:00,-1.1792231517950023
2012-06-30 06:00:00,0.0
2012-06-30 07:00:00,0.006765238184140281
2012-06-30 08:00:00,0.09106280111614073
2012-06-30 09:00:00,0.29423229417291663
2012-06-30 10:00:00,1.098150739689469
2012-06-30 11:00:00,0.0
2012-06-30 12:00:00,1.144679284510743
2012-06-30 13:00:00,1.2273279953560543
2012-06-30 14:00:00,1.263499688007805
2012-06-30 15:00:00,1.2893145284900396
2012-06-30 16:00:00,1.3978296064452913
2012-06-30 17:00:00,1.5735354069331473
2012-06-30 18:00:00,1.444358151266562
2012-06-30 19:00:00,1.413287594758005
2012-06-30 20:00:00,1.0464180054695889
2012-06-30 21:00:00,0.0
2012-06-30 22:00:00,0.0
2012-06-30 23:00:00,-0.11514676297546507
2012-07-01 00:00:00,0.0
2012-07-01 01:00:00,0.0
2012-07-01 02:00:00,0.0
2012-07-01 03:00:00,-1.2255971167331445
2012-07-01 04:00:00,0.0
2012-07-01 05:00:00,-1.2101391284204304
2012-07-01 06:00:00,-1.2152917911913372
2012-07-01 07:00:00,-0.034507590610807964
2012-07-01 08:00:00,0.0
2012-07-01 09:00:00,0.19092140561627444
2012-07-01 10:00:00,0.901782761490292
2012-07-01 11:00:00,0.9999409872760304
2012-07-01 12:00:00,1.041265342698681
2012-07-01 13:00:00,0.0
2012-07-01 14:00:00,1.2944671912609396
2012-07-01 15:00:00,0.0
2012-07-01 16:00:00,0.9999925139037368
2012-07-01 17:00:00,0.0
2012-07-01 18:00:00,1.3874727542757712
2012-07-01 19:00:00,1.1394235684844203
2012-07-01 20:00:00,1.1807994505347843
2012-07-01 21:00:00,0.8449488911272144
2012-07-01 22:00:00,0.8655595422108319
2012-07-01 23:00:00,0.0
2012-07-02 00:00:00,0.0
2012-07-02 01:00:00,-1.1895284773368127
2012-07-02 02:00:00,-1.1791716251672963
2012-07-02 03:00:00,0.0
2012-07-02 04:00:00,-1.2719710816712835
2012-07-02 05:00:00,0.0
2012-07-02 06:00:00,0.0
2012-07-02 07:00:00,-0.05666404052569876
2012-07-02 08:00:00,-0.3644841144595453
2012-07-02 09:00:00,0.13424211513632112
2012-07-02 10:00:00,0.5141994678628351
2012-07-02 11:00:00,1.02585888101368
2012-07-02 12:00:00,0.0
2012-07-02 13:00:00,1.1549330834248435
2012-07-02 14:00:00,0.0
2012-07-02 15:00:00,0.0
2012-07-02 16:00:00,1.1187613907730896
2012-07-02 17:00:00,0.0
2012-07-02 18:00:00,1.3719632393353474
2012-07-02 19:00:00,1.108456065231279
2012-07-02 20:00:00,1.1033034024603758
2012-07-02 21:00:00,0.8965785720916758
2012-07-02 22:00:00,0.8345405123299849
2012-07-02 23:00:00,-0.26658352181235695
2012-07-03 00:00:00,-1.0502520026392574
2012-07-03 01:00:00,-1.1225438613150494
2012-07-03 02:00:00,-1.1843758145659058
2012-07-03 03:00:00,-1.1586125007113843
2012-07-03 04:00:00,-1.26681841890038
2012-07-03 05:00:00,0.0
2012-07-03 06:00:00,-0.9987253749302084
2012-07-03 07:00:00,-0.09123840771846992
2012-07-03 08:00:00,0.0
2012-07-03 09:00:00,0.0
2012-07-03 10:00:00,0.0
2012-07-03 11:00:00,1.0980992130617626
2012-07-03 12:00:00,1.1808509771624898
2012-07-03 13:00:00,0.0
2012-07-03 14:00:00,1.4391539618679459
2012-07-03 15:00:00,0.0
2012-07-03 16:00:00,0.0
2012-07-03 17:00:00,0.0
2012-07-03 18:00:00,0.0
2012-07-03 19:00:00,1.2014616282461144
2012-07-03 20:00:00,1.1911047760765943
2012-07-03 21:00:00,1.0154505022164504
2012-07-03 22:00:00,0.8139298612463667
2012-07-03 23:00:00,-0.18738709502355394
2012-07-04 00:00:00,-0.9883685227606918
2012-07-04 01:00:00,0.0
2012-07-04 02:00:00,-1.086423695291008
2012-07-04 03:00:00,0.0
2012-07-04 04:00:00,0.0
2012-07-04 05:00:00,0.0
2012-07-04 06:00:00,-1.1070343463746293
2012-07-04 07:00:00,-0.03275568526870018
2012-07-04 08:00:00,0.0
2012-07-04 09:00:00,0.3404001526002244
2012-07-04 10:00:00,0.8139298612463705
2012-07-04 11:00:00,1.0670801831809158
2012-07-04 12:00:00,1.0980992130617588
2012-07-04 13:00:00,0.0
2012-07-04 14:00:00,0.0
2012-07-04 15:00:00,0.0
2012-07-04 16:00:00,0.0
2012-07-04 17:00:00,0.0
2012-07-04 18:00:00,1.3978811330729977
2012-07-04 19:00:00,1.361606387165831
2012-07-04 20:00:00,1.1859521133056874
2012-07-04 21:00:00,0.0
2012-07-04 22:00:00,0.7933192101627461
2012-07-04 23:00:00,0.0
2012-07-05 00:00:00,-1.065761517579681
2012-07-05 01:00:00,0.0
2012-07-05 02:00:00,-1.1689178262531916
2012-07-05 03:00:00,-1.1792231517950023
2012-07-05 04:00:00,-1.2513604305876689
2012-07-05 05:00:00,0.0
2012-07-05 06:00:00,0.0
2012-07-05 07:00:00,-0.27168465795555097
2012-07-05 08:00:00,-0.11184905880208783
2012-07-05 09:00:00,0.22699004501260606
2012-07-05 10:00:00,0.6021038947344729
2012-07-05 11:00:00,1.0516737214959107
2012-07-05 12:00:00,0.9276491286002352
2012-07-05 13:00:00,0.0
2012-07-05 14:00:00,1.067131709808625
2012-07-05 15:00:00,0.0
2012-07-05 16:00:00,1.0982022663171815
2012-07-05 17:00:00,1.1963089654752075
2012-07-05 18:00:00,1.1911047760765943
2012-07-05 19:00:00,1.0258073543859705
2012-07-05 20:00:00,1.1239140535439933
2012-07-05 21:00:00,0.8759679210080613
2012-07-05 22:00:00,0.7983688196782341
2012-07-05 23:00:00,0.0
2012-07-06 00:00:00,0.0
2012-07-06 01:00:00,0.0
2012-07-06 02:00:00,-1.1534598379404775
2012-07-06 03:00:00,0.0
2012-07-06 04:00:00,0.0
2012-07-06 05:00:00,-1.1895284773368127
2012-07-06 06:00:00,-1.1017786303483037
2012-07-06 07:00:00,0.0
2012-07-06 08:00:00,-0.24076868133012277
2012-07-06 09:00:00,0.0
2012-07-06 10:00:00,0.4935372901515112
2012-07-06 11:00:00,0.0
2012-07-06 12:00:00,0.0
2012-07-06 13:00:00,0.0
2012-07-06 14:00:00,1.1549330834248404
2012-07-06 15:00:00,0.0
2012-07-06 16:00:00,1.1446277578830366
2012-07-06 17:00:00,1.1394235684844203
2012-07-06 18:00:00,1.2479901730673781
2012-07-06 19:00:00,1.082641224749049
2012-07-06 20:00:00,0.0
2012-07-06 21:00:00,0.0
2012-07-06 22:00:00,0.8242351867881773
2012-07-06 23:00:00,0.0
2012-07-07 00:00:00,0.0
2012-07-07 01:00:00,-1.0709141803505848
2012-07-07 02:00:00,0.0
2012-07-07 03:00:00,-1.1946811401077164
2012-07-07 04:00:00,0.0
2012-07-07 05:00:00,0.0
2012-07-07 06:00:00,-0.6635446616828544
2012-07-07 07:00:00,0.3163887440878074
2012-07-07 08:00:00,0.0
2012-07-07 09:00:00,0.36626651971016105
2012-07-07 10:00:00,1.1807994505347843
2012-07-07 11:00:00,1.1033034024603758
2012-07-07 12:00:00,1.2996198540318435
2012-07-07 13:00:00,1.2893145284900358
2012-07-07 14:00:00,0.0
2012-07-07 15:00:00,0.0
2012-07-07 16:00:00,1.2272249421006356
2012-07-07 17:00:00,0.0
2012-07-07 18:00:00,0.0
2012-07-07 19:00:00,1.1600857461957472
2012-07-07 20:00:00,0.9534639690824659
2012-07-07 21:00:00,0.0
2012-07-07 22:00:00,0.0
2012-07-07 23:00:00,0.0
2012-07-08 00:00:00,-1.050303529266967
2012-07-08 01:00:00,0.0
2012-07-08 02:00:00,0.0
2012-07-08 03:00:00,-1.174070489024099
2012-07-08 04:00:00,-1.2410551050458587
2012-07-08 05:00:00,-1.2307497795040483
2012-07-08 06:00:00,0.0
2012-07-08 07:00:00,0.0
2012-07-08 08:00:00,-0.42121493156720763
2012-07-08 09:00:00,0.0
2012-07-08 10:00:00,0.0
2012-07-08 11:00:00,0.0
2012-07-08 12:00:00,1.1704425983652635
2012-07-08 13:00:00,0.0
2012-07-08 14:00:00,0.0
2012-07-08 15:00:00,0.0
2012-07-08 16:00:00,1.392625417046675
2012-07-08 17:00:00,1.227276468728345
2012-07-08 18:00:00,1.2634481613800959
2012-07-08 19:00:00,0.9844314723356035
2012-07-08 20:00:00,1.0154505022164475
2012-07-08 21:00:00,0.9999925139037398
2012-07-08 22:00:00,0.8190825240172735
2012-07-08 23:00:00,0.0
2012-07-09 00:00:00,-1.0606088548087775
2012-07-09 01:00:00,-1.0915248314342023
2012-07-09 02:00:00,0.0
2012-07-09 03:00:00,0.0
2012-07-09 04:00:00,0.0
2012-07-09 05:00:00,-1.1946811401077164
2012-07-09 06:00:00,0.0
2012-07-09 07:00:00,-0.049914052295812285
2012-07-09 08:00:00,0.0
2012-07-09 09:00:00,0.10827269477096223
2012-07-09 10:00:00,0.7054147832911151
2012-07-09 11:00:00,0.0
2012-07-09 12:00:00,0.8501015538981144
2012-07-09 13:00:00,0.8553057432967337
2012-07-09 14:00:00,1.160188799451163
2012-07-09 15:00:00,0.0
2012-07-09 16:00:00,0.0
2012-07-09 17:00:00,0.0
2012-07-09 18:00:00,1.2220722793297318
2012-07-09 19:00:00,0.0
2012-07-09 20:00:00,0.0
2012-07-09 21:00:00,0.0
2012-07-09 22:00:00,0.0
2012-07-09 23:00:00,-0.24932210152982948
2012-07-10 00:00:00,-1.0966774942051092
2012-07-10 01:00:00,0.0
2012-07-10 02:00:00,-1.1069828197469165
2012-07-10 03:00:00,0.0
2012-07-10 04:00:00,0.0
2012-07-10 05:00:00,0.0
2012-07-10 06:00:00,-1.065761517579681
2012-07-10 07:00:00,0.0
2012-07-10 08:00:00,-0.2871426462682685
2012-07-10 09:00:00,0.1806676067021766
2012-07-10 10:00:00,0.0
2012-07-10 11:00:00,0.0
2012-07-10 12:00:00,1.041265342698685
2012-07-10 13:00:00,0.0
2012-07-10 14:00:00,0.0
2012-07-10 15:00:00,1.0723358992072414
2012-07-10 16:00:00,1.1394750951121297
2012-07-10 17:00:00,1.1808509771624929
2012-07-10 18:00:00,1.356453724394928
2012-07-10 19:00:00,0.0
2012-07-10 20:00:00,0.922444939201619
2012-07-10 21:00:00,0.8190825240172735
2012-07-10 22:00:00,0.726076961002442
2012-07-10 23:00:00,-0.38849552297196227
2012-07-11 00:00:00,-0.8853152673425966
2012-07-11 01:00:00,-0.9574525461352602
2012-07-11 02:00:00,-1.0347940143265435
2012-07-11 03:00:00,-1.0502004760115482
2012-07-11 04:00:00,-1.137950323000054
2012-07-11 05:00:00,0.0
2012-07-11 06:00:00,-1.1018816836037224
2012-07-11 07:00:00,0.0
2012-07-11 08:00:00,-0.17373253868065358
2012-07-11 09:00:00,0.19597101513176252
2012-07-11 10:00:00,0.6589377650975506
2012-07-11 11:00:00,0.0
2012-07-11 12:00:00,0.9120880870320989
2012-07-11 13:00:00,0.0
2012-07-11 14:00:00,0.0
2012-07-11 15:00:00,1.1601372728234567
2012-07-11 16:00:00,1.0877423608922427
2012-07-11 17:00:00,0.0
2012-07-11 18:00:00,1.2221753325851474
2012-07-11 19:00:00,0.9431586435406621
2012-07-11 20:00:00,0.8242351867881743
2012-07-11 21:00:00,0.9017827614902951
2012-07-11 22:00:00,0.0
2012-07-11 23:00:00,-0.28018655152754485
2012-07-12 00:00:00,-1.0708626537228754
2012-07-12 01:00:00,-1.1327976602291505
2012-07-12 02:00:00,-1.1791716251672928
2012-07-12 03:00:00,0.0
2012-07-12 04:00:00,-1.2565130933585726
2012-07-12 05:00:00,0.0
2012-07-12 06:00:00,-1.1327461336014413
2012-07-12 07:00:00,0.0
2012-07-12 08:00:00,-0.3026006345809795
2012-07-12 09:00:00,0.0
2012-07-12 10:00:00,0.5212070892312647
2012-07-12 11:00:00,0.0
2012-07-12 12:00:00,0.0
2012-07-12 13:00:00,0.0
2012-07-12 14:00:00,1.0361642065554875
2012-07-12 15:00:00,0.0
2012-07-12 16:00:00,1.3720147659630575
2012-07-12 17:00:00,1.1860036399333997
2012-07-12 18:00:00,1.1911563027043006
2012-07-12 19:00:00,0.8862732465498682
2012-07-12 20:00:00,0.0
2012-07-12 21:00:00,0.0
2012-07-12 22:00:00,0.746739138713769
2012-07-12 23:00:00,-0.13766389928431816
2012-07-13 00:00:00,-1.070914180350588
2012-07-13 01:00:00,0.0
2012-07-13 02:00:00,0.0
2012-07-13 03:00:00,0.0
2012-07-13 04:00:00,0.0
2012-07-13 05:00:00,-1.2513604305876658
2012-07-13 06:00:00,-1.1276449974582436
2012-07-13 07:00:00,0.0
2012-07-13 08:00:00,0.0
2012-07-13 09:00:00,0.0
2012-07-13 10:00:00,0.0
2012-07-13 11:00:00,0.0
2012-07-13 12:00:00,0.8707637316094482
2012-07-13 13:00:00,1.092946550290855
2012-07-13 14:00:00,1.1084560652312827
2012-07-13 15:00:00,0.932801791371142
2012-07-13 16:00:00,1.0361642065554875
2012-07-13 17:00:00,1.149831947281646
2012-07-13 18:00:00,0.0
2012-07-13 19:00:00,1.1652899355943567
2012-07-13 20:00:00,0.0
2012-07-13 21:00:00,0.0
2012-07-13 22:00:00,0.0
2012-07-13 23:00:00,-0.1564711183981227
2012-07-14 00:00:00,0.0
2012-07-14 01:00:00,0.0
2012-07-14 02:00:00,-1.1586125007113843
2012-07-14 03:00:00,0.0
2012-07-14 04:00:00,-1.2410551050458587
2012-07-14 05:00:00,-1.1843758145659091
2012-07-14 06:00:00,-0.9161797173403153
2012-07-14 07:00:00,0.07050367666023605
2012-07-14 08:00:00,0.0
2012-07-14 09:00:00,0.3511176911637006
2012-07-14 10:00:00,0.0
2012-07-14 11:00:00,0.0
2012-07-14 12:00:00,0.0
2012-07-14 13:00:00,0.0
2012-07-14 14:00:00,1.2738050135496128
2012-07-14 15:00:00,1.103303402460372
2012-07-14 16:00:00,1.1704941249929737
2012-07-14 17:00:00,1.1807994505347836
2012-07-14 18:00:00,1.408134931987102
2012-07-14 19:00:00,1.082641224749049
2012-07-14 20:00:00,0.0
2012-07-14 21:00:00,0.0
2012-07-14 22:00:00,0.0
2012-07-14 23:00:00,0.0
2012-07-15 00:00:00,-1.039895150469734
2012-07-15 01:00:00,-1.0864236952910082
2012-07-15 02:00:00,-1.1586125007113812
2012-07-15 03:00:00,0.0
2012-07-15 04:00:00,-1.235902442274955
2012-07-15 05:00:00,-1.1843758145659058
2012-07-15 06:00:00,0.0
2012-07-15 07:00:00,0.0
2012-07-15 08:00:00,-0.33866927397731456
2012-07-15 09:00:00,0.0
2012-07-15 10:00:00,0.8294393761867905
2012-07-15 11:00:00,0.9896356617342167
2012-07-15 12:00:00,0.0
2012-07-15 13:00:00,1.041265342698681
2012-07-15 14:00:00,1.2118184804156273
2012-07-15 15:00:00,1.1652899355943604
2012-07-15 16:00:00,1.2634481613800996
2012-07-15 17:00:00,1.2221238059574382
2012-07-15 18:00:00,0.0
2012-07-15 19:00:00,0.0
2012-07-15 20:00:00,1.1394235684844172
2012-07-15 21:00:00,0.917292276430719
2012-07-15 22:00:00,0.767452843052806
2012-07-15 23:00:00,-0.16167530779673894
2012-07-16 00:00:00,-1.0296413515556366
2012-07-16 01:00:00,-1.0399982037251567
2012-07-16 02:00:00,-1.1534598379404775
2012-07-16 03:00:00,0.0
2012-07-16 04:00:00,0.0
2012-07-16 05:00:00,0.0
2012-07-16 06:00:00,-1.1019332102314319
2012-07-16 07:00:00,0.0
2012-07-16 08:00:00,-0.23556449193150997
2012-07-16 09:00:00,0.0
2012-07-16 10:00:00,0.5452184977436858
2012-07-16 11:00:00,0.963820821251983
2012-07-16 12:00:00,0.0
2012-07-16 13:00:00,0.0
2012-07-16 14:00:00,1.5631785547636243
2012-07-16 15:00:00,1.4546634768083688
2012-07-16 16:00:00,1.9455061323647556
2012-07-16 17:00:00,0.0
2012-07-16 18:00:00,0.0
2012-07-16 19:00:00,0.0
2012-07-16 20:00:00,0.0
2012-07-16 21:00:00,1.253142835838289
2012-07-16 22:00:00,0.0
2012-07-16 23:00:00,-0.24927057490211665
2012-07-17 00:00:00,-0.8440939651753581
2012-07-17 01:00:00,-0.983215859989788
2012-07-17 02:00:00,-1.0605573281810678
2012-07-17 03:00:00,-1.0605573281810647
2012-07-17 04:00:00,0.0
2012-07-17 05:00:00,0.0
2012-07-17 06:00:00,-0.9678093983047802
2012-07-17 07:00:00,0.0
2012-07-17 08:00:00,-0.18403786422246082
2012-07-17 09:00:00,0.36642109959329305
2012-07-17 10:00:00,1.2272764687283488
2012-07-17 11:00:00,1.5218541993409667
2012-07-17 12:00:00,1.3668105765644443
2012-07-17 13:00:00,1.490886696087829
2012-07-17 14:00:00,1.9197428185102337
2012-07-17 15:00:00,1.8060235511563658
2012-07-17 16:00:00,0.0
2012-07-17 17:00:00,2.513896362623256
2012-07-17 18:00:00,0.0
2012-07-17 19:00:00,0.0
2012-07-17 20:00:00,1.4597646129515665
2012-07-17 21:00:00,0.0
2012-07-17 22:00:00,1.0464695320972974
2012-07-17 23:00:00,0.0
2012-07-18 00:00:00,-0.8698057524021731
2012-07-18 01:00:00,-0.957504072762973
2012-07-18 02:00:00,-1.0606088548087742
2012-07-18 03:00:00,0.0
2012-07-18 04:00:00,-1.1018816836037224
2012-07-18 05:00:00,0.0
2012-07-18 06:00:00,-0.5501345540952426
2012-07-18 07:00:00,0.47153542011974553
2012-07-18 08:00:00,0.2663563885823218
2012-07-18 09:00:00,0.49193996469252854
2012-07-18 10:00:00,0.7260769610024451
2012-07-18 11:00:00,0.0
2012-07-18 12:00:00,1.0929980769185683
2012-07-18 13:00:00,1.041265342698682
2012-07-18 14:00:00,2.1108550806830886
2012-07-18 15:00:00,1.790565562843652
2012-07-18 16:00:00,0.0
2012-07-18 17:00:00,1.3306904105403998
2012-07-18 18:00:00,0.0
2012-07-18 19:00:00,0.0
2012-07-18 20:00:00,1.0154505022164513
2012-07-18 21:00:00,1.0258073543859676
2012-07-18 22:00:00,0.8811205837789644
2012-07-18 23:00:00,-0.25962742707163633
2012-07-19 00:00:00,0.0
2012-07-19 01:00:00,-0.9626567355338764
2012-07-19 02:00:00,-1.055404665410161
2012-07-19 03:00:00,-1.0760668431214884
2012-07-19 04:00:00,0.0
2012-07-19 05:00:00,0.0
2012-07-19 06:00:00,0.0
2012-07-19 07:00:00,0.0
2012-07-19 08:00:00,-0.07572889277804644
2012-07-19 09:00:00,0.0
2012-07-19 10:00:00,0.5246078466600675
2012-07-19 11:00:00,1.0051451766746435
2012-07-19 12:00:00,0.0
2012-07-19 13:00:00,0.0
2012-07-19 14:00:00,1.3357915466835972
2012-07-19 15:00:00,0.0
2012-07-19 16:00:00,0.0
2012-07-19 17:00:00,0.834540512329988
2012-07-19 18:00:00,0.746739138713769
2012-07-19 19:00:00,0.0
2012-07-19 20:00:00,0.8810690571512588
2012-07-19 21:00:00,0.0
2012-07-19 22:00:00,0.9224964658293283
2012-07-19 23:00:00,0.0
2012-07-20 00:00:00,-0.9677578716770708
2012-07-20 01:00:00,0.0
2012-07-20 02:00:00,-1.081219505892395
2012-07-20 03:00:00,-1.0863721686632986
2012-07-20 04:00:00,0.0
2012-07-20 05:00:00,-1.1276965240859531
2012-07-20 06:00:00,-0.8646015630035598
2012-07-20 07:00:00,-0.03450759061080453
2012-07-20 08:00:00,-0.2407686813301266
2012-07-20 09:00:00,0.0
2012-07-20 10:00:00,0.33179520577281213
2012-07-20 11:00:00,0.0
2012-07-20 12:00:00,0.8190825240172704
2012-07-20 13:00:00,0.0
2012-07-20 14:00:00,0.7570959908832859
2012-07-20 15:00:00,0.7002621205202082
2012-07-20 16:00:00,0.7467906653414791
2012-07-20 17:00:00,1.0877938875199558
2012-07-20 18:00:00,0.8035730090768474
2012-07-20 19:00:00,0.9844314723356066
2012-07-20 20:00:00,1.0464695320972983
2012-07-20 21:00:00,0.0
2012-07-20 22:00:00,0.8501530805258268
2012-07-20 23:00:00,-0.09968877466275097
2012-07-21 00:00:00,-0.9471472205934529
2012-07-21 01:00:00,-1.014234889870632
2012-07-21 02:00:00,0.0
2012-07-21 03:00:00,-1.0863721686633023
2012-07-21 04:00:00,-1.1225438613150527
2012-07-21 05:00:00,0.0
2012-07-21 06:00:00,0.0
2012-07-21 07:00:00,-0.020543874501653944
2012-07-21 08:00:00,0.0
2012-07-21 09:00:00,0.1375398193097018
2012-07-21 10:00:00,0.6692946172670668
2012-07-21 11:00:00,0.0
2012-07-21 12:00:00,0.9275976019725258
2012-07-21 13:00:00,0.0
2012-07-21 14:00:00,0.0
2012-07-21 15:00:00,1.2944671912609396
2012-07-21 16:00:00,1.304824043430459
2012-07-21 17:00:00,0.9896356617342167
2012-07-21 18:00:00,1.0464695320972943
2012-07-21 19:00:00,1.0980992130617588
2012-07-21 20:00:00,1.6561841177784558
2012-07-21 21:00:00,1.4029822692161982
2012-07-21 22:00:00,1.1446277578830328
2012-07-21 23:00:00,0.0
2012-07-22 00:00:00,0.0
2012-07-22 01:00:00,-0.962605208906167
2012-07-22 02:00:00,-1.055404665410161
2012-07-22 03:00:00,0.0
2012-07-22 04:00:00,-1.1173911985441458
2012-07-22 05:00:00,-1.1121870091455293
2012-07-22 06:00:00,0.0
2012-07-22 07:00:00,0.0
2012-07-22 08:00:00,0.0
2012-07-22 09:00:00,0.18056455344675745
2012-07-22 10:00:00,0.9069869508889045
2012-07-22 11:00:00,0.0
2012-07-22 12:00:00,1.0309600171568742
2012-07-22 13:00:00,0.0
2012-07-22 14:00:00,0.0
2012-07-22 15:00:00,0.782962357993226
2012-07-22 16:00:00,0.9792788095646967
2012-07-22 17:00:00,1.5425163770522967
2012-07-22 18:00:00,1.3771674287339635
2012-07-22 19:00:00,0.0
2012-07-22 20:00:00,1.4081864586148083
2012-07-22 21:00:00,0.0
2012-07-22 22:00:00,1.0774885619781414
2012-07-22 23:00:00,0.0
2012-07-23 00:00:00,-0.9316892322807389
2012-07-23 01:00:00,-0.962605208906167
2012-07-23 02:00:00,-1.0502520026392541
2012-07-23 03:00:00,-1.0451508664960636
2012-07-23 04:00:00,0.0
2012-07-23 05:00:00,-1.0915763580619118
2012-07-23 06:00:00,-0.8956205928844038
2012-07-23 07:00:00,0.3060318919182874
2012-07-23 08:00:00,0.0
2012-07-23 09:00:00,0.0
2012-07-23 10:00:00,0.0
2012-07-23 11:00:00,0.8190825240172735
2012-07-23 12:00:00,1.0206546916150636
2012-07-23 13:00:00,0.0
2012-07-23 14:00:00,1.4494592874097565
2012-07-23 15:00:00,1.1963604921029167
2012-07-23 16:00:00,0.0
2012-07-23 17:00:00,0.0
2012-07-23 18:00:00,0.0
2012-07-23 19:00:00,1.1446277578830328
2012-07-23 20:00:00,1.2066142910170143
2012-07-23 21:00:00,0.9689219573951774
2012-07-23 22:00:00,0.8035730090768474
2012-07-23 23:00:00,-0.4194630262251033
2012-07-24 00:00:00,0.0
2012-07-24 01:00:00,-1.0554561920378742
2012-07-24 02:00:00,-1.122440808059634
2012-07-24 03:00:00,0.0
2012-07-24 04:00:00,0.0
2012-07-24 05:00:00,-1.1225438613150494
2012-07-24 06:00:00,-1.0038780377011187
2012-07-24 07:00:00,0.1562955117957935
2012-07-24 08:00:00,-0.034507590610807964
2012-07-24 09:00:00,0.2476522227239364
2012-07-24 10:00:00,0.44535989324355213
2012-07-24 11:00:00,0.9741261467937928
2012-07-24 12:00:00,0.891425909320775
2012-07-24 13:00:00,0.0
2012-07-24 14:00:00,1.454663476808372
2012-07-24 15:00:00,0.0
2012-07-24 16:00:00,1.2066658176447236
2012-07-24 17:00:00,0.0
2012-07-24 18:00:00,1.2066142910170181
2012-07-24 19:00:00,1.0257558277582612
2012-07-24 20:00:00,0.0
2012-07-24 21:00:00,0.0
2012-07-24 22:00:00,0.0
2012-07-24 23:00:00,0.0
2012-07-25 00:00:00,0.0
2012-07-25 01:00:00,0.0
2012-07-25 02:00:00,-1.0502520026392574
2012-07-25 03:00:00,-1.0915248314342059
2012-07-25 04:00:00,-1.137950323000054
2012-07-25 05:00:00,-1.086423695291005
2012-07-25 06:00:00,-0.6429340105992404
2012-07-25 07:00:00,0.43340571561505326
2012-07-25 08:00:00,-0.04996557892352168
2012-07-25 09:00:00,0.2044729087037526
2012-07-25 10:00:00,0.0
2012-07-25 11:00:00,0.7519433281123821
2012-07-25 12:00:00,0.0
2012-07-25 13:00:00,0.0
2012-07-25 14:00:00,1.4701729917487958
2012-07-25 15:00:00,0.0
2012-07-25 16:00:00,0.0
2012-07-25 17:00:00,1.0464180054695889
2012-07-25 18:00:00,0.0
2012-07-25 19:00:00,0.0
2012-07-25 20:00:00,0.0
2012-07-25 21:00:00,0.0
2012-07-25 22:00:00,0.8294393761867905
2012-07-25 23:00:00,-0.2182515450212693
2012-07-26 00:00:00,0.0
2012-07-26 01:00:00,0.0
2012-07-26 02:00:00,0.0
2012-07-26 03:00:00,-1.1018816836037255
2012-07-26 04:00:00,-1.1843758145659091
2012-07-26 05:00:00,0.0
2012-07-26 06:00:00,-0.5947050870635681
2012-07-26 07:00:00,0.0
2012-07-26 08:00:00,-0.10674792265889378
2012-07-26 09:00:00,0.0
2012-07-26 10:00:00,0.0
2012-07-26 11:00:00,0.0
2012-07-26 12:00:00,1.2375817942701526
2012-07-26 13:00:00,1.1343224323412229
2012-07-26 14:00:00,0.0
2012-07-26 15:00:00,1.067131709808625
2012-07-26 16:00:00,0.0
2012-07-26 17:00:00,1.5114973471714503
2012-07-26 18:00:00,0.0
2012-07-26 19:00:00,1.4753256545196995
2012-07-26 20:00:00,0.0
2012-07-26 21:00:00,0.8294909028144999
2012-07-26 22:00:00,0.6950579311215989
2012-07-26 23:00:00,-0.25107400687193343
2012-07-27 00:00:00,-0.9522998833643533
2012-07-27 01:00:00,-1.02964135155564
2012-07-27 02:00:00,0.0
2012-07-27 03:00:00,-1.0760668431214884
2012-07-27 04:00:00,-1.1276449974582436
2012-07-27 05:00:00,-1.0606088548087775
2012-07-27 06:00:00,-0.5965600456610981
2012-07-27 07:00:00,0.25290793875025896
2012-07-27 08:00:00,0.14774209159609025
2012-07-27 09:00:00,0.0
2012-07-27 10:00:00,0.5349131722018752
2012-07-27 11:00:00,0.0
2012-07-27 12:00:00,0.0
2012-07-27 13:00:00,1.0206546916150636
2012-07-27 14:00:00,0.0
2012-07-27 15:00:00,1.077437035350432
2012-07-27 16:00:00,1.3099767062013628
2012-07-27 17:00:00,0.0
2012-07-27 18:00:00,1.4494592874097558
2012-07-27 19:00:00,1.1290667163148973
2012-07-27 20:00:00,0.0
2012-07-27 21:00:00,0.0
2012-07-27 22:00:00,0.0
2012-07-27 23:00:00,-0.5346765657825289
2012-07-28 00:00:00,-1.003826511073406
2012-07-28 01:00:00,-1.0555077186655797
2012-07-28 02:00:00,-1.1173396719164366
2012-07-28 03:00:00,-1.1483071751695741
2012-07-28 04:00:00,0.0
2012-07-28 05:00:00,-1.143102985770961
2012-07-28 06:00:00,-0.8904164034857905
2012-07-28 07:00:00,-0.03275568526870018
2012-07-28 08:00:00,-0.08603421831985367
2012-07-28 09:00:00,0.0
2012-07-28 10:00:00,0.0
2012-07-28 11:00:00,0.0
2012-07-28 12:00:00,0.0
2012-07-28 13:00:00,0.0
2012-07-28 14:00:00,1.6148082357280888
2012-07-28 15:00:00,1.1860036399333966
2012-07-28 16:00:00,0.9740746201660873
2012-07-28 17:00:00,1.1704941249929737
2012-07-28 18:00:00,1.5993502474153751
2012-07-28 19:00:00,0.0
2012-07-28 20:00:00,1.2221753325851474
2012-07-28 21:00:00,1.0826412247490482
2012-07-28 22:00:00,0.968973484022886
2012-07-28 23:00:00,-0.2441694387589226
2012-07-29 00:00:00,-0.9832158599897883
2012-07-29 01:00:00,-1.0244886887847362
2012-07-29 02:00:00,0.0
2012-07-29 03:00:00,-1.1224923346873399
2012-07-29 04:00:00,0.0
2012-07-29 05:00:00,0.0
2012-07-29 06:00:00,0.0
2012-07-29 07:00:00,0.0
2012-07-29 08:00:00,0.0
2012-07-29 09:00:00,0.14434133416729078
2012-07-29 10:00:00,0.8242867134158874
2012-07-29 11:00:00,0.0
2012-07-29 12:00:00,0.8862732465498682
2012-07-29 13:00:00,0.0
2012-07-29 14:00:00,1.0361126799277782
2012-07-29 15:00:00,0.0
2012-07-29 16:00:00,0.8707637316094482
2012-07-29 17:00:00,0.0
2012-07-29 18:00:00,1.0516221948682012
2012-07-29 19:00:00,0.0
2012-07-29 20:00:00,0.0
2012-07-29 21:00:00,0.9172922764307121
2012-07-29 22:00:00,0.8242867134158867
2012-07-29 23:00:00,-0.3060529186374884
2012-07-30 00:00:00,0.0
2012-07-30 01:00:00,-1.0760668431214884
2012-07-30 02:00:00,-1.1327976602291505
2012-07-30 03:00:00,0.0
2012-07-30 04:00:00,-1.2255971167331445
2012-07-30 05:00:00,-1.2255971167331476
2012-07-30 06:00:00,0.0
2012-07-30 07:00:00,-0.04821367358141771
2012-07-30 08:00:00,-0.23046335578831592
2012-07-30 09:00:00,0.0
2012-07-30 10:00:00,0.3043830398315953
2012-07-30 11:00:00,0.6433767235294173
2012-07-30 12:00:00,1.041265342698682
2012-07-30 13:00:00,0.932801791371139
2012-07-30 14:00:00,0.0
2012-07-30 15:00:00,0.0
2012-07-30 16:00:00,0.0
2012-07-30 17:00:00,0.0
2012-07-30 18:00:00,0.0
2012-07-30 19:00:00,0.0
2012-07-30 20:00:00,0.0
2012-07-30 21:00:00,1.1808509771624929
2012-07-30 22:00:00,1.0465210587250107
2012-07-30 23:00:00,-0.15641959177040987
2012-07-31 00:00:00,-0.962605208906167
2012-07-31 01:00:00,-1.0708626537228754
2012-07-31 02:00:00,-1.1069828197469165
2012-07-31 03:00:00,-1.1276965240859562
2012-07-31 04:00:00,-1.1482556485418647
2012-07-31 05:00:00,0.0
2012-07-31 06:00:00,0.0
2012-07-31 07:00:00,0.15495581947536122
2012-07-31 08:00:00,-0.11184905880208783
2012-07-31 09:00:00,0.15474971296452023
2012-07-31 10:00:00,0.34050320585563976
2012-07-31 11:00:00,0.8966300987193883
2012-07-31 12:00:00,0.9172922764307121
2012-07-31 13:00:00,0.9637692946242796
2012-07-31 14:00:00,0.9534124424547528
2012-07-31 15:00:00,0.0
2012-07-31 16:00:00,0.8759679210080613
2012-07-31 17:00:00,0.0
2012-07-31 18:00:00,1.0516221948682052
2012-07-31 19:00:00,1.1342709057135134
2012-07-31 20:00:00,1.1343224323412229
2012-07-31 21:00:00,0.0
2012-07-31 22:00:00,0.7829623579932291
2012-07-31 23:00:00,-0.08943497574865313
2012-08-01 00:00:00,0.0
2012-08-01 01:00:00,-1.0967290208328186
2012-08-01 02:00:00,-1.1843758145659027
2012-08-01 03:00:00,0.0
2012-08-01 04:00:00,-1.2204444539622408
2012-08-01 05:00:00,-1.168917826253192
2012-08-01 06:00:00,0.0
2012-08-01 07:00:00,0.0
2012-08-01 08:00:00,-0.30780482397959236
2012-08-01 09:00:00,0.0
2012-08-01 10:00:00,0.3867741175383636
2012-08-01 11:00:00,0.9017312348625827
2012-08-01 12:00:00,0.8139298612463667
2012-08-01 13:00:00,0.8914774359484883
2012-08-01 14:00:00,0.0
2012-08-01 15:00:00,0.0
2012-08-01 16:00:00,0.0
2012-08-01 17:00:00,0.8293878495590781
2012-08-01 18:00:00,0.8863247731775814
2012-08-01 19:00:00,0.0
2012-08-01 20:00:00,1.2737534869219027
2012-08-01 21:00:00,1.144576231255324
2012-08-01 22:00:00,0.9534639690824698
2012-08-01 23:00:00,-0.0017366553878532154
2012-08-02 00:00:00,-0.8852637407148837
2012-08-02 01:00:00,0.0
2012-08-02 02:00:00,-1.101830156976013
2012-08-02 03:00:00,-1.1121870091455293
2012-08-02 04:00:00,0.0
2012-08-02 05:00:00,-1.117288145288727
2012-08-02 06:00:00,-1.0399982037251532
2012-08-02 07:00:00,-0.35752801971882125
2012-08-02 08:00:00,0.0
2012-08-02 09:00:00,0.0
2012-08-02 10:00:00,0.26120372581141493
2012-08-02 11:00:00,0.953463969082469
2012-08-02 12:00:00,0.9018342881180015
2012-08-02 13:00:00,0.9224964658293253
2012-08-02 14:00:00,0.9018342881180015
2012-08-02 15:00:00,0.0
2012-08-02 16:00:00,0.0
2012-08-02 17:00:00,1.0206031649873544
2012-08-02 18:00:00,0.0
2012-08-02 19:00:00,0.0
2012-08-02 20:00:00,1.1601372728234536
2012-08-02 21:00:00,0.0
2012-08-02 22:00:00,0.8707637316094451
2012-08-02 23:00:00,0.013772859552570267
2012-08-03 00:00:00,0.0
2012-08-03 01:00:00,-1.0606088548087775
2012-08-03 02:00:00,-1.0914733048064964
2012-08-03 03:00:00,-1.0967290208328186
2012-08-03 04:00:00,-1.153459837940481
2012-08-03 05:00:00,-1.1534598379404775
2012-08-03 06:00:00,-1.086372168663299
2012-08-03 07:00:00,-0.02935492783990072
2012-08-03 08:00:00,-0.23556449193150997
2012-08-03 09:00:00,0.054891108464386905
2012-08-03 10:00:00,0.3714191824810683
2012-08-03 11:00:00,0.829490902814503
2012-08-03 12:00:00,0.9999409872760274
2012-08-03 13:00:00,0.0
2012-08-03 14:00:00,0.0
2012-08-03 15:00:00,0.8190309973895611
2012-08-03 16:00:00,0.767452843052806
2012-08-03 17:00:00,0.0
2012-08-03 18:00:00,0.932801791371136
2012-08-03 19:00:00,0.9741261467937967
2012-08-03 20:00:00,0.0
2012-08-03 21:00:00,1.0981507396894752
2012-08-03 22:00:00,0.0
2012-08-03 23:00:00,-0.0739769874359356
2012-08-04 00:00:00,-0.9677578716770743
2012-08-04 01:00:00,0.0
2012-08-04 02:00:00,-1.1069828197469165
2012-08-04 03:00:00,-1.081219505892395
2012-08-04 04:00:00,-1.1431029857709578
2012-08-04 05:00:00,0.0
2012-08-04 06:00:00,-0.7769547692704697
2012-08-04 07:00:00,-0.1428165620552254
2012-08-04 08:00:00,-0.29744797181007915
2012-08-04 09:00:00,0.14444438742271645
2012-08-04 10:00:00,0.0
2012-08-04 11:00:00,0.0
2012-08-04 12:00:00,1.1859521133056874
2012-08-04 13:00:00,0.0
2012-08-04 14:00:00,1.0619790470377213
2012-08-04 15:00:00,0.8966300987193883
2012-08-04 16:00:00,0.689905268350692
2012-08-04 17:00:00,0.0
2012-08-04 18:00:00,0.881069057151255
2012-08-04 19:00:00,0.0
2012-08-04 20:00:00,1.123965580171706
2012-08-04 21:00:00,0.9741776734215061
2012-08-04 22:00:00,0.8759679210080575
2012-08-04 23:00:00,0.0
2012-08-05 00:00:00,0.0
2012-08-05 01:00:00,0.0
2012-08-05 02:00:00,-1.1173396719164366
2012-08-05 03:00:00,0.0
2012-08-05 04:00:00,-1.1946811401077129
2012-08-05 05:00:00,0.0
2012-08-05 06:00:00,0.0
2012-08-05 07:00:00,-0.0018397086432719943
2012-08-05 08:00:00,-0.30260063458098296
2012-08-05 09:00:00,0.12383373633909854
2012-08-05 10:00:00,0.6279187352167067
2012-08-05 11:00:00,0.8087771984754598
2012-08-05 12:00:00,0.8966300987193883
2012-08-05 13:00:00,0.0
2012-08-05 14:00:00,0.6331229246153199
2012-08-05 15:00:00,0.6950064044938856
2012-08-05 16:00:00,0.7829623579932291
2012-08-05 17:00:00,0.7208727716038258
2012-08-05 18:00:00,0.891425909320772
2012-08-05 19:00:00,0.9999409872760266
2012-08-05 20:00:00,0.9172922764307152
2012-08-05 21:00:00,0.7881665473918392
2012-08-05 22:00:00,0.8293878495590812
2012-08-05 23:00:00,0.0
2012-08-06 00:00:00,0.0
2012-08-06 01:00:00,-1.1070343463746293
2012-08-06 02:00:00,-1.2049864656495235
2012-08-06 03:00:00,-1.1791716251672928
2012-08-06 04:00:00,0.0
2012-08-06 05:00:00,0.0
2012-08-06 06:00:00,-1.1740704890240954
2012-08-06 07:00:00,-0.23041182916060615
2012-08-06 08:00:00,0.0
2012-08-06 09:00:00,0.011917900955044088
2012-08-06 10:00:00,0.21993089701646668
2012-08-06 11:00:00,0.0
2012-08-06 12:00:00,0.8501015538981213
2012-08-06 13:00:00,0.7932676835350367
2012-08-06 14:00:00,0.7623001802818992
2012-08-06 15:00:00,0.6021038947344729
2012-08-06 16:00:00,0.6072565575053798
2012-08-06 17:00:00,0.7105674460620189
2012-08-06 18:00:00,0.9999925139037368
2012-08-06 19:00:00,1.0361126799277782
2012-08-06 20:00:00,0.0
2012-08-06 21:00:00,0.0
2012-08-06 22:00:00,0.7312811504010552
2012-08-06 23:00:00,-0.21500536747560145
2012-08-07 00:00:00,0.0
2012-08-07 01:00:00,-1.065761517579681
2012-08-07 02:00:00,-1.1328491868568566
2012-08-07 03:00:00,-1.1224923346873399
2012-08-07 04:00:00,0.0
2012-08-07 05:00:00,-1.1688662996254822
2012-08-07 06:00:00,0.0
2012-08-07 07:00:00,-0.17198063333854618
2012-08-07 08:00:00,-0.2613278057860347
2012-08-07 09:00:00,0.06519643400619758
2012-08-07 10:00:00,0.2818659035227418
2012-08-07 11:00:00,0.0
2012-08-07 12:00:00,1.0722843725795281
2012-08-07 13:00:00,0.9792788095646997
2012-08-07 14:00:00,0.8655595422108311
2012-08-07 15:00:00,0.8759679210080575
2012-08-07 16:00:00,0.912088087032102
2012-08-07 17:00:00,0.0
2012-08-07 18:00:00,0.0
2012-08-07 19:00:00,1.1136087280021827
2012-08-07 20:00:00,0.9275976019725258
2012-08-07 21:00:00,0.0
2012-08-07 22:00:00,0.0
2012-08-07 23:00:00,-0.35747649309111185
2012-08-08 00:00:00,0.0
2012-08-08 01:00:00,-1.091576358061915
2012-08-08 02:00:00,0.0
2012-08-08 03:00:00,0.0
2012-08-08 04:00:00,-1.2152917911913372
2012-08-08 05:00:00,-1.1998338028786197
2012-08-08 06:00:00,0.0
2012-08-08 07:00:00,0.0
2012-08-08 08:00:00,0.0
2012-08-08 09:00:00,0.0497384456934831
2012-08-08 10:00:00,0.3266425430019083
2012-08-08 11:00:00,0.9327502647434296
2012-08-08 12:00:00,0.9069869508889083
2012-08-08 13:00:00,0.9999925139037398
2012-08-08 14:00:00,0.9172407498030057
2012-08-08 15:00:00,0.7467906653414791
2012-08-08 16:00:00,0.7932161569073304
2012-08-08 17:00:00,1.227276468728345
2012-08-08 18:00:00,0.0
2012-08-08 19:00:00,1.3048240434304597
2012-08-08 20:00:00,0.9120880870320989
2012-08-08 21:00:00,1.0051451766746407
2012-08-08 22:00:00,0.0
2012-08-08 23:00:00,-0.2853907409261576
2012-08-09 00:00:00,-1.070914180350588
2012-08-09 01:00:00,-1.0967290208328155
2012-08-09 02:00:00,-1.1121354825178233
2012-08-09 03:00:00,-1.1327976602291505
2012-08-09 04:00:00,-1.2255971167331445
2012-08-09 05:00:00,-1.153459837940481
2012-08-09 06:00:00,0.0
2012-08-09 07:00:00,0.0
2012-08-09 08:00:00,-0.12730704711480192
2012-08-09 09:00:00,0.0
2012-08-09 10:00:00,0.6227660724457998
2012-08-09 11:00:00,0.0
2012-08-09 12:00:00,0.0
2012-08-09 13:00:00,1.0309600171568742
2012-08-09 14:00:00,0.0
2012-08-09 15:00:00,0.8914774359484814
2012-08-09 16:00:00,0.9431071169129459
2012-08-09 17:00:00,0.0
2012-08-09 18:00:00,1.2066142910170181
2012-08-09 19:00:00,0.0
2012-08-09 20:00:00,0.0
2012-08-09 21:00:00,1.0774885619781451
2012-08-09 22:00:00,1.015398975588738
2012-08-09 23:00:00,0.0
2012-08-10 00:00:00,-0.9522998833643568
2012-08-10 01:00:00,0.0
2012-08-10 02:00:00,-1.0812710325201045
2012-08-10 03:00:00,-1.1328491868568566
2012-08-10 04:00:00,0.0
2012-08-10 05:00:00,-1.1431545123986706
2012-08-10 06:00:00,0.0
2012-08-10 07:00:00,0.0
2012-08-10 08:00:00,0.08080900220203946
2012-08-10 09:00:00,0.40419011770402613
2012-08-10 10:00:00,0.6175618830471905
2012-08-10 11:00:00,1.0050936500469305
2012-08-10 12:00:00,1.1033034024603758
2012-08-10 13:00:00,1.1084560652312796
2012-08-10 14:00:00,1.1497804206539404
2012-08-10 15:00:00,0.0
2012-08-10 16:00:00,1.1394750951121297
2012-08-10 17:00:00,0.0
2012-08-10 18:00:00,0.0
2012-08-10 19:00:00,1.3099767062013665
2012-08-10 20:00:00,1.2273279953560514
2012-08-10 21:00:00,0.9895841351065073
2012-08-10 22:00:00,0.855254216669025
2012-08-10 23:00:00,0.0
2012-08-11 00:00:00,0.0
2012-08-11 01:00:00,-1.0863721686632954
2012-08-11 02:00:00,0.0
2012-08-11 03:00:00,-1.1740704890240954
2012-08-11 04:00:00,-1.1740704890240954
2012-08-11 05:00:00,-1.2101391284204304
2012-08-11 06:00:00,0.0
2012-08-11 07:00:00,-0.16337568651113696
2012-08-11 08:00:00,0.0
2012-08-11 09:00:00,0.09961622131584401
2012-08-11 10:00:00,0.5504226871423021
2012-08-11 11:00:00,0.0
2012-08-11 12:00:00,1.0102463128178374
2012-08-11 13:00:00,0.9586166318533728
2012-08-11 14:00:00,0.0
2012-08-11 15:00:00,1.3099767062013665
2012-08-11 16:00:00,0.0
2012-08-11 17:00:00,1.3203335583708828
2012-08-11 18:00:00,1.4701214651210865
2012-08-11 19:00:00,0.0
2012-08-11 20:00:00,0.0
2012-08-11 21:00:00,0.0
2012-08-11 22:00:00,0.922444939201619
2012-08-11 23:00:00,-0.3473257474324298
2012-08-12 00:00:00,-0.8904164034857905
2012-08-12 01:00:00,-0.9729105344479777
2012-08-12 02:00:00,-1.03479401432654
2012-08-12 03:00:00,-1.0606088548087742
2012-08-12 04:00:00,-1.143102985770961
2012-08-12 05:00:00,-1.1276449974582468
2012-08-12 06:00:00,0.0
2012-08-12 07:00:00,0.0
2012-08-12 08:00:00,0.04989302557661509
2012-08-12 09:00:00,0.2837723887479778
2012-08-12 10:00:00,0.0
2012-08-12 11:00:00,0.9069354242611989
2012-08-12 12:00:00,0.0
2012-08-12 13:00:00,0.9069354242611989
2012-08-12 14:00:00,0.0
2012-08-12 15:00:00,0.0
2012-08-12 16:00:00,1.1911563027043035
2012-08-12 17:00:00,1.2065627643893049
2012-08-12 18:00:00,1.1807994505347843
2012-08-12 19:00:00,1.0464695320972974
2012-08-12 20:00:00,1.0670801831809187
2012-08-12 21:00:00,0.0
2012-08-12 22:00:00,0.0
2012-08-12 23:00:00,-0.3936481857428661
2012-08-13 00:00:00,0.0
2012-08-13 01:00:00,-1.014183363242926
2012-08-13 02:00:00,-1.0605573281810678
2012-08-13 03:00:00,-1.1276449974582436
2012-08-13 04:00:00,0.0
2012-08-13 05:00:00,0.0
2012-08-13 06:00:00,0.0
2012-08-13 07:00:00,0.0
2012-08-13 08:00:00,-0.2614308590414535
2012-08-13 09:00:00,0.0
2012-08-13 10:00:00,0.0
2012-08-13 11:00:00,0.7209242982315351
2012-08-13 12:00:00,0.0
2012-08-13 13:00:00,0.8708152582371544
2012-08-13 14:00:00,1.2686008241510027
2012-08-13 15:00:00,0.0
2012-08-13 16:00:00,1.408134931987102
2012-08-13 17:00:00,1.227276468728345
2012-08-13 18:00:00,0.0
2012-08-13 19:00:00,0.0
2012-08-13 20:00:00,0.0
2012-08-13 21:00:00,1.2067173442724337
2012-08-13 22:00:00,1.1084560652312758
2012-08-13 23:00:00,0.0
2012-08-14 00:00:00,-0.9626567355338764
2012-08-14 01:00:00,-1.0141833632429225
2012-08-14 02:00:00,-1.0606088548087742
2012-08-14 03:00:00,-1.0709141803505815
2012-08-14 04:00:00,0.0
2012-08-14 05:00:00,-1.1173396719164366
2012-08-14 06:00:00,-1.0296928781833459
2012-08-14 07:00:00,-0.08603421831985024
2012-08-14 08:00:00,-0.07578041940575583
2012-08-14 09:00:00,0.0
2012-08-14 10:00:00,0.8294393761867866
2012-08-14 11:00:00,1.1911047760765912
2012-08-14 12:00:00,0.0
2012-08-14 13:00:00,1.0154505022164504
2012-08-14 14:00:00,1.5062931577728371
2012-08-14 15:00:00,1.1291182429426097
2012-08-14 16:00:00,0.0
2012-08-14 17:00:00,1.2996198540318495
2012-08-14 18:00:00,1.3977780798175818
2012-08-14 19:00:00,1.3306388839126935
2012-08-14 20:00:00,0.0
2012-08-14 21:00:00,1.0155020288441636
2012-08-14 22:00:00,0.0
2012-08-14 23:00:00,-0.16152072791360736
2012-08-15 00:00:00,-0.8801626045716932
2012-08-15 01:00:00,0.0
2012-08-15 02:00:00,-1.0606088548087742
2012-08-15 03:00:00,0.0
2012-08-15 04:00:00,0.0
2012-08-15 05:00:00,0.0
2012-08-15 06:00:00,-1.0399466770974473
2012-08-15 07:00:00,0.0
2012-08-15 08:00:00,-0.24592134410103003
2012-08-15 09:00:00,0.16850732256283976
2012-08-15 10:00:00,0.5849455277073601
2012-08-15 11:00:00,0.0
2012-08-15 12:00:00,0.0
2012-08-15 13:00:00,1.0102463128178343
2012-08-15 14:00:00,0.0
2012-08-15 15:00:00,0.0
2012-08-15 16:00:00,0.9379544541420459
2012-08-15 17:00:00,0.9275976019725228
2012-08-15 18:00:00,0.0
2012-08-15 19:00:00,0.0
2012-08-15 20:00:00,0.0
2012-08-15 21:00:00,0.9586166318533728
2012-08-15 22:00:00,0.8604584060676375
2012-08-15 23:00:00,0.0
2012-08-16 00:00:00,-1.0038780377011118
2012-08-16 01:00:00,-1.0812195058923917
2012-08-16 02:00:00,-1.1173396719164366
2012-08-16 03:00:00,0.0
2012-08-16 04:00:00,0.0
2012-08-16 05:00:00,-1.1895284773368096
2012-08-16 06:00:00,0.0
2012-08-16 07:00:00,0.0
2012-08-16 08:00:00,0.0
2012-08-16 09:00:00,0.15289475436700053
2012-08-16 10:00:00,0.5177548051747624
2012-08-16 11:00:00,0.8552542166690212
2012-08-16 12:00:00,0.7932676835350367
2012-08-16 13:00:00,0.8345920389576935
2012-08-16 14:00:00,0.0
2012-08-16 15:00:00,0.0
2012-08-16 16:00:00,1.0102978394455475
2012-08-16 17:00:00,0.0
2012-08-16 18:00:00,1.2841103390914197
2012-08-16 19:00:00,0.0
2012-08-16 20:00:00,0.0
2012-08-16 21:00:00,0.9121396136598121
2012-08-16 22:00:00,0.7829623579932291
2012-08-16 23:00:00,0.0
2012-08-17 00:00:00,-1.0398951504697378
2012-08-17 01:00:00,-1.0915248314342059
2012-08-17 02:00:00,-1.1224923346873399
2012-08-17 03:00:00,-1.1586125007113812
2012-08-17 04:00:00,-1.2204444539622377
2012-08-17 05:00:00,-1.2101391284204304
2012-08-17 06:00:00,-1.1843758145659058
2012-08-17 07:00:00,0.003416007383053647
2012-08-17 08:00:00,-0.03270415864099079
2012-08-17 09:00:00,0.0
2012-08-17 10:00:00,0.0
2012-08-17 11:00:00,0.0
2012-08-17 12:00:00,0.8810690571512519
2012-08-17 13:00:00,0.8448973644995043
2012-08-17 14:00:00,0.0
2012-08-17 15:00:00,1.227276468728345
2012-08-17 16:00:00,0.0
2012-08-17 17:00:00,1.1859521133056912
2012-08-17 18:00:00,0.0
2012-08-17 19:00:00,0.0
2012-08-17 20:00:00,1.2841103390914226
2012-08-17 21:00:00,1.0929465502908589
2012-08-17 22:00:00,0.9844314723356035
2012-08-17 23:00:00,0.0
2012-08-18 00:00:00,-0.9781147238465939
2012-08-18 01:00:00,0.0
2012-08-18 02:00:00,-1.0606088548087742
2012-08-18 03:00:00,0.0
2012-08-18 04:00:00,0.0
2012-08-18 05:00:00,0.0
2012-08-18 06:00:00,0.0
2012-08-18 07:00:00,0.21653013958767064
2012-08-18 08:00:00,0.0
2012-08-18 09:00:00,0.0
2012-08-18 10:00:00,0.860406879439925
2012-08-18 11:00:00,1.0464695320972943
2012-08-18 12:00:00,1.0929465502908557
2012-08-18 13:00:00,0.0
2012-08-18 14:00:00,0.0
2012-08-18 15:00:00,0.0
2012-08-18 16:00:00,1.4908351694601227
2012-08-18 17:00:00,1.3926769436743873
2012-08-18 18:00:00,0.0
2012-08-18 19:00:00,1.160188799451166
2012-08-18 20:00:00,1.2169711431865342
2012-08-18 21:00:00,0.0
2012-08-18 22:00:00,0.9792272829369872
2012-08-18 23:00:00,0.0
2012-08-19 00:00:00,-0.9110785811971178
2012-08-19 01:00:00,-0.9316892322807389
2012-08-19 02:00:00,-1.0347940143265435
2012-08-19 03:00:00,-1.0296413515556366
2012-08-19 04:00:00,-1.1121354825178233
2012-08-19 05:00:00,-1.0760153164937822
2012-08-19 06:00:00,0.0
2012-08-19 07:00:00,-0.03775376815647888
2012-08-19 08:00:00,-0.1891905269933677
2012-08-19 09:00:00,0.21668471947079881
2012-08-19 10:00:00,0.0
2012-08-19 11:00:00,0.0
2012-08-19 12:00:00,0.0
2012-08-19 13:00:00,0.0
2012-08-19 14:00:00,1.5631785547636243
2012-08-19 15:00:00,1.3306388839126935
2012-08-19 16:00:00,0.0
2012-08-19 17:00:00,0.0
2012-08-19 18:00:00,0.0
2012-08-19 19:00:00,0.0
2012-08-19 20:00:00,1.6458272656089357
2012-08-19 21:00:00,1.1911563027043035
2012-08-19 22:00:00,0.0
2012-08-19 23:00:00,-0.11190058542979721
2012-08-20 00:00:00,-0.9110785811971213
2012-08-20 01:00:00,-0.9213839067389251
2012-08-20 02:00:00,0.0
2012-08-20 03:00:00,-1.0244886887847362
2012-08-20 04:00:00,-1.0502520026392541
2012-08-20 05:00:00,0.0
2012-08-20 06:00:00,0.0
2012-08-20 07:00:00,0.0
2012-08-20 08:00:00,0.1530493342501222
2012-08-20 09:00:00,0.3215414068587078
2012-08-20 10:00:00,0.6899052683506912
2012-08-20 11:00:00,1.1652899355943636
2012-08-20 12:00:00,1.1395266217398392
2012-08-20 13:00:00,1.118812917400799
2012-08-20 14:00:00,1.465020328977889
2012-08-20 15:00:00,1.1755952611361673
2012-08-20 16:00:00,0.0
2012-08-20 17:00:00,1.9248954812811374
2012-08-20 18:00:00,2.157383625504359
2012-08-20 19:00:00,0.0
2012-08-20 20:00:00,1.154984610052553
2012-08-20 21:00:00,1.160137272823453
2012-08-20 22:00:00,0.0
2012-08-20 23:00:00,-0.11004562683227065
2012-08-21 00:00:00,-0.8904679301135034
2012-08-21 01:00:00,-0.9110785811971213
2012-08-21 02:00:00,-0.9729105344479777
2012-08-21 03:00:00,0.0
2012-08-21 04:00:00,0.0
2012-08-21 05:00:00,-1.0811679792646822
2012-08-21 06:00:00,-1.0398951504697378
2012-08-21 07:00:00,-0.012093507557373274
2012-08-21 08:00:00,-0.13245970988570877
2012-08-21 09:00:00,0.0
2012-08-21 10:00:00,0.7674013164250966
2012-08-21 11:00:00,1.1963089654752044
2012-08-21 12:00:00,1.0516221948682012
2012-08-21 13:00:00,1.0102978394455475
2012-08-21 14:00:00,1.3099767062013628
2012-08-21 15:00:00,1.5114973471714503
2012-08-21 16:00:00,1.4908351694601196
2012-08-21 17:00:00,1.4288486363261352
2012-08-21 18:00:00,1.4443581512665582
2012-08-21 19:00:00,0.0
2012-08-21 20:00:00,0.0
2012-08-21 21:00:00,1.0257558277582581
2012-08-21 22:00:00,0.7984203463059436
2012-08-21 23:00:00,-0.3111540547806824
2012-08-22 00:00:00,-1.003826511073406
2012-08-22 01:00:00,-1.039946677097444
2012-08-22 02:00:00,-1.0914733048064964
2012-08-22 03:00:00,-1.1534598379404775
2012-08-22 04:00:00,-1.1070343463746293
2012-08-22 05:00:00,-1.1276965240859562
2012-08-22 06:00:00,-1.1019332102314319
2012-08-22 07:00:00,-0.013845412899477237
2012-08-22 08:00:00,0.0
2012-08-22 09:00:00,0.0
2012-08-22 10:00:00,0.5504226871422983
2012-08-22 11:00:00,0.9275976019725258
2012-08-22 12:00:00,0.0
2012-08-22 13:00:00,1.1498319472816467
2012-08-22 14:00:00,0.9431071169129459
2012-08-22 15:00:00,0.9844829989633129
2012-08-22 16:00:00,0.0
2012-08-22 17:00:00,0.0
2012-08-22 18:00:00,1.4856825066892159
2012-08-22 19:00:00,1.3565052510226367
2012-08-22 20:00:00,1.2325321847546675
2012-08-22 21:00:00,1.2118184804156313
2012-08-22 22:00:00,1.0154505022164513
2012-08-22 23:00:00,0.0
2012-08-23 00:00:00,0.0
2012-08-23 01:00:00,-0.9110785811971178
2012-08-23 02:00:00,0.0
2012-08-23 03:00:00,-0.9935211855315952
2012-08-23 04:00:00,-1.0399466770974473
2012-08-23 05:00:00,-1.0553531387824515
2012-08-23 06:00:00,0.0
2012-08-23 07:00:00,0.0
2012-08-23 08:00:00,-0.008744276756283201
2012-08-23 09:00:00,0.24249955995303335
2012-08-23 10:00:00,0.845000417754923
2012-08-23 11:00:00,1.02585888101368
2012-08-23 12:00:00,1.077437035350432
2012-08-23 13:00:00,0.9689219573951835
2012-08-23 14:00:00,0.0
2012-08-23 15:00:00,1.2944671912609427
2012-08-23 16:00:00,1.1446277578830328
2012-08-23 17:00:00,1.2169711431865382
2012-08-23 18:00:00,0.0
2012-08-23 19:00:00,0.0
2012-08-23 20:00:00,1.196257438847498
2012-08-23 21:00:00,1.1394235684844172
2012-08-23 22:00:00,0.8397447017286012
2012-08-23 23:00:00,-0.10154373326027716
2012-08-24 00:00:00,0.0
2012-08-24 01:00:00,-1.039946677097444
2012-08-24 02:00:00,0.0
2012-08-24 03:00:00,-1.1483071751695741
2012-08-24 04:00:00,0.0
2012-08-24 05:00:00,-1.1843758145659027
2012-08-24 06:00:00,-1.0966774942051092
2012-08-24 07:00:00,-0.0894349757486497
2012-08-24 08:00:00,-0.26653199518464754
2012-08-24 09:00:00,0.1443928607950036
2012-08-24 10:00:00,0.524659373287777
2012-08-24 11:00:00,1.0826412247490482
2012-08-24 12:00:00,0.0
2012-08-24 13:00:00,0.0
2012-08-24 14:00:00,1.2324806581269583
2012-08-24 15:00:00,1.0774885619781451
2012-08-24 16:00:00,0.9741261467937967
2012-08-24 17:00:00,0.0
2012-08-24 18:00:00,1.2789576763205197
2012-08-24 19:00:00,1.118812917400799
2012-08-24 20:00:00,0.0
2012-08-24 21:00:00,0.0
2012-08-24 22:00:00,0.9069354242611951
2012-08-24 23:00:00,-0.09984335454587914
2012-08-25 00:00:00,-0.9162312439680247
2012-08-25 01:00:00,-1.0244886887847329
2012-08-25 02:00:00,-1.0450993398683506
2012-08-25 03:00:00,-1.0450993398683541
2012-08-25 04:00:00,0.0
2012-08-25 05:00:00,0.0
2012-08-25 06:00:00,0.0
2012-08-25 07:00:00,0.04288540420818166
2012-08-25 08:00:00,-0.3439249900036372
2012-08-25 09:00:00,0.3061349451737031
2012-08-25 10:00:00,0.0
2012-08-25 11:00:00,1.02585888101368
2012-08-25 12:00:00,1.0102978394455504
2012-08-25 13:00:00,0.901782761490292
2012-08-25 14:00:00,1.0670801831809158
2012-08-25 15:00:00,1.0464695320972943
2012-08-25 16:00:00,0.0
2012-08-25 17:00:00,1.0154505022164544
2012-08-25 18:00:00,1.2014616282461144
2012-08-25 19:00:00,0.8190825240172735
2012-08-25 20:00:00,0.7829108313655196
2012-08-25 21:00:00,0.8087771984754598
2012-08-25 22:00:00,0.0
2012-08-25 23:00:00,-0.4315202571090179
2012-08-26 00:00:00,-1.0295898249279307
2012-08-26 01:00:00,-1.1018816836037255
2012-08-26 02:00:00,-1.1121870091455326
2012-08-26 03:00:00,-1.1586125007113879
2012-08-26 04:00:00,0.0
2012-08-26 05:00:00,0.0
2012-08-26 06:00:00,0.0
2012-08-26 07:00:00,-0.05661251389798899
2012-08-26 08:00:00,0.0
2012-08-26 09:00:00,0.13924019802409981
2012-08-26 10:00:00,0.7415864759428659
2012-08-26 11:00:00,0.726076961002442
2012-08-26 12:00:00,0.0
2012-08-26 13:00:00,0.0
2012-08-26 14:00:00,0.0
2012-08-26 15:00:00,0.0
2012-08-26 16:00:00,1.0774370353504388
2012-08-26 17:00:00,0.0
2012-08-26 18:00:00,0.0
2012-08-26 19:00:00,0.8656110688385413
2012-08-26 20:00:00,0.6536820490712281
2012-08-26 21:00:00,0.6434282501571298
2012-08-26 22:00:00,0.0
2012-08-26 23:00:00,-0.47794574867486656
2012-08-27 00:00:00,-1.0399466770974435
2012-08-27 01:00:00,-1.1431545123986702
2012-08-27 02:00:00,-1.174070489024099
2012-08-27 03:00:00,0.0
2012-08-27 04:00:00,-1.2101391284204304
2012-08-27 05:00:00,0.0
2012-08-27 06:00:00,-1.0193875526415352
2012-08-27 07:00:00,0.0
2012-08-27 08:00:00,-0.07572889277804644
2012-08-27 09:00:00,0.0
2012-08-27 10:00:00,0.0
2012-08-27 11:00:00,0.0
2012-08-27 12:00:00,0.0
2012-08-27 13:00:00,0.7106189726897275
2012-08-27 14:00:00,0.0
2012-08-27 15:00:00,0.0
2012-08-27 16:00:00,0.0
2012-08-27 17:00:00,1.1963604921029167
2012-08-27 18:00:00,1.2583470252369013
2012-08-27 19:00:00,0.9535154957101754
2012-08-27 20:00:00,0.8811205837789682
2012-08-27 21:00:00,0.0
2012-08-27 22:00:00,0.8293878495590812
2012-08-27 23:00:00,0.0
2012-08-28 00:00:00,-1.0450993398683506
2012-08-28 01:00:00,-1.034742487698834
2012-08-28 02:00:00,-1.096729020832815
2012-08-28 03:00:00,-1.1121870091455293
2012-08-28 04:00:00,-1.1380018496277635
2012-08-28 05:00:00,0.0
2012-08-28 06:00:00,0.0
2012-08-28 07:00:00,0.0
2012-08-28 08:00:00,-0.2098011780769852
2012-08-28 09:00:00,0.24760069609622395
2012-08-28 10:00:00,0.6795999428088814
2012-08-28 11:00:00,0.767452843052806
2012-08-28 12:00:00,0.0
2012-08-28 13:00:00,0.7933192101627499
2012-08-28 14:00:00,0.0
2012-08-28 15:00:00,0.922444939201619
2012-08-28 16:00:00,0.9483113063115659
2012-08-28 17:00:00,0.0
2012-08-28 18:00:00,1.0465210587250038
2012-08-28 19:00:00,0.0
2012-08-28 20:00:00,0.8656110688385413
2012-08-28 21:00:00,0.0
2012-08-28 22:00:00,0.0
2012-08-28 23:00:00,-0.2974479718100757
2012-08-29 00:00:00,-1.0089791738443092
2012-08-29 01:00:00,-1.091576358061915
2012-08-29 02:00:00,0.0
2012-08-29 03:00:00,-1.132849186856863
2012-08-29 04:00:00,-1.2307497795040483
2012-08-29 05:00:00,0.0
2012-08-29 06:00:00,-1.1586125007113843
2012-08-29 07:00:00,0.0
2012-08-29 08:00:00,-0.2562266696428403
2012-08-29 09:00:00,0.13748829268199242
2012-08-29 10:00:00,0.6950579311215951
2012-08-29 11:00:00,0.0
2012-08-29 12:00:00,0.8345920389576943
2012-08-29 13:00:00,0.0
2012-08-29 14:00:00,0.0
2012-08-29 15:00:00,0.8087256718477505
2012-08-29 16:00:00,0.0
2012-08-29 17:00:00,0.9431071169129459
2012-08-29 18:00:00,0.0
2012-08-29 19:00:00,0.0
2012-08-29 20:00:00,0.953463969082469
2012-08-29 21:00:00,0.0
2012-08-29 22:00:00,0.0
2012-08-29 23:00:00,0.0
2012-08-30 00:00:00,0.0
2012-08-30 01:00:00,0.0
2012-08-30 02:00:00,-1.1483071751695706
2012-08-30 03:00:00,-1.1586125007113812
2012-08-30 04:00:00,0.0
2012-08-30 05:00:00,0.0
2012-08-30 06:00:00,-1.174018962396389
2012-08-30 07:00:00,0.0
2012-08-30 08:00:00,-0.2562266696428403
2012-08-30 09:00:00,0.03943312015167625
2012-08-30 10:00:00,0.46777397629698686
2012-08-30 11:00:00,0.0
2012-08-30 12:00:00,0.8862732465498682
2012-08-30 13:00:00,0.0
2012-08-30 14:00:00,1.010349366073253
2012-08-30 15:00:00,0.9793303361924061
2012-08-30 16:00:00,0.0
2012-08-30 17:00:00,0.0
2012-08-30 18:00:00,0.0
2012-08-30 19:00:00,1.0723358992072414
2012-08-30 20:00:00,0.9534639690824659
2012-08-30 21:00:00,0.0
2012-08-30 22:00:00,0.8035730090768504
2012-08-30 23:00:00,-0.22345573441988595
2012-08-31 00:00:00,0.0
2012-08-31 01:00:00,-1.1121870091455326
2012-08-31 02:00:00,-1.1327976602291505
2012-08-31 03:00:00,0.0
2012-08-31 04:00:00,0.0
2012-08-31 05:00:00,-1.1792231517950023
2012-08-31 06:00:00,-0.3902989549417825
2012-08-31 07:00:00,-0.07907812357913307
2012-08-31 08:00:00,-0.10154373326027716
2012-08-31 09:00:00,-1.1206889027175266
2012-08-31 10:00:00,0.0
2012-08-31 11:00:00,0.7777581685946128
2012-08-31 12:00:00,0.8087771984754628
2012-08-31 13:00:00,0.7467906653414791
2012-08-31 14:00:00,1.123965580171706
2012-08-31 15:00:00,0.9431071169129459
2012-08-31 16:00:00,0.9689734840228899
2012-08-31 17:00:00,1.0051451766746435
2012-08-31 18:00:00,1.3461483988531173
2012-08-31 19:00:00,0.0
2012-08-31 20:00:00,1.1601372728234536
2012-08-31 21:00:00,1.0154505022164513
2012-08-31 22:00:00,0.0
2012-08-31 23:00:00,0.0
2012-09-01 00:00:00,0.0
2012-09-01 01:00:00,-1.091576358061915
2012-09-01 02:00:00,-1.11733967191644
2012-09-01 03:00:00,-1.1895284773368127
2012-09-01 04:00:00,0.0
2012-09-01 05:00:00,-1.1998338028786202
2012-09-01 06:00:00,0.0
2012-09-01 07:00:00,0.0
2012-09-01 08:00:00,-0.282041510125071
2012-09-01 09:00:00,0.17536036404814462
2012-09-01 10:00:00,0.0
2012-09-01 11:00:00,0.917292276430719
2012-09-01 12:00:00,0.9689219573951835
2012-09-01 13:00:00,0.7519948547400884
2012-09-01 14:00:00,1.196257438847498
2012-09-01 15:00:00,1.2014616282461144
2012-09-01 16:00:00,0.0
2012-09-01 17:00:00,0.0
2012-09-01 18:00:00,1.4443066246388527
2012-09-01 19:00:00,1.1239655801717028
2012-09-01 20:00:00,1.0464695320972974
2012-09-01 21:00:00,0.0
2012-09-01 22:00:00,0.9017827614902951
2012-09-01 23:00:00,0.0
2012-09-02 00:00:00,-0.9935211855315952
2012-09-02 01:00:00,-1.0760668431214884
2012-09-02 02:00:00,0.0
2012-09-02 03:00:00,-1.0812710325201045
2012-09-02 04:00:00,0.0
2012-09-02 05:00:00,0.0
2012-09-02 06:00:00,0.0
2012-09-02 07:00:00,0.0
2012-09-02 08:00:00,0.0
2012-09-02 09:00:00,0.08075747557433045
2012-09-02 10:00:00,0.5659322020827221
2012-09-02 11:00:00,0.0
2012-09-02 12:00:00,0.8553057432967276
2012-09-02 13:00:00,0.7881150207641299
2012-09-02 14:00:00,0.0
2012-09-02 15:00:00,1.1394235684844172
2012-09-02 16:00:00,1.1807994505347805
2012-09-02 17:00:00,1.346199925480823
2012-09-02 18:00:00,0.0
2012-09-02 19:00:00,0.8914774359484845
2012-09-02 20:00:00,0.0
2012-09-02 21:00:00,1.1497804206539366
2012-09-02 22:00:00,0.0
2012-09-02 23:00:00,0.0
2012-09-03 00:00:00,-1.003826511073406
2012-09-03 01:00:00,0.0
2012-09-03 02:00:00,0.0
2012-09-03 03:00:00,-1.1173396719164366
2012-09-03 04:00:00,-1.1483071751695741
2012-09-03 05:00:00,-1.117339671916433
2012-09-03 06:00:00,0.0
2012-09-03 07:00:00,-0.03785682141189422
2012-09-03 08:00:00,-0.19434318976427453
2012-09-03 09:00:00,0.14779361822380346
2012-09-03 10:00:00,0.5436211722847032
2012-09-03 11:00:00,0.8139298612463636
2012-09-03 12:00:00,0.0
2012-09-03 13:00:00,0.0
2012-09-03 14:00:00,1.3668105765644443
2012-09-03 15:00:00,1.2169711431865342
2012-09-03 16:00:00,1.34619992548083
2012-09-03 17:00:00,1.5321595248827773
2012-09-03 18:00:00,1.8163288766981696
2012-09-03 19:00:00,1.087793887519952
2012-09-03 20:00:00,0.0
2012-09-03 21:00:00,1.5631785547636243
2012-09-03 22:00:00,0.9844829989633167
2012-09-03 23:00:00,0.0
2012-09-04 00:00:00,-0.9677578716770708
2012-09-04 01:00:00,-1.0554046654101614
2012-09-04 02:00:00,0.0
2012-09-04 03:00:00,0.0
2012-09-04 04:00:00,0.0
2012-09-04 05:00:00,-1.0657099909519683
2012-09-04 06:00:00,-1.008979173844306
2012-09-04 07:00:00,-0.12215438434389506
2012-09-04 08:00:00,-0.24592134410103003
2012-09-04 09:00:00,0.097915842601446
2012-09-04 10:00:00,0.0
2012-09-04 11:00:00,0.0
2012-09-04 12:00:00,0.8242351867881773
2012-09-04 13:00:00,0.8707637316094451
2012-09-04 14:00:00,0.0
2012-09-04 15:00:00,1.201410101618405
2012-09-04 16:00:00,1.6406746028380288
2012-09-04 17:00:00,1.4339497724693326
2012-09-04 18:00:00,0.0
2012-09-04 19:00:00,0.0
2012-09-04 20:00:00,1.2893145284900358
2012-09-04 21:00:00,1.2738050135496128
2012-09-04 22:00:00,0.0
2012-09-04 23:00:00,0.0
2012-09-05 00:00:00,0.0
2012-09-05 01:00:00,0.0
2012-09-05 02:00:00,-1.0450993398683506
2012-09-05 03:00:00,0.0
2012-09-05 04:00:00,-1.101830156976013
2012-09-05 05:00:00,0.0
2012-09-05 06:00:00,0.0
2012-09-05 07:00:00,-0.027603022497796757
2012-09-05 08:00:00,0.0
2012-09-05 09:00:00,0.04118502549378022
2012-09-05 10:00:00,0.507397953005246
2012-09-05 11:00:00,0.9483113063115659
2012-09-05 12:00:00,0.0
2012-09-05 13:00:00,0.7777581685946167
2012-09-05 14:00:00,1.4598161395792728
2012-09-05 15:00:00,1.3203335583708828
2012-09-05 16:00:00,1.418440257528912
2012-09-05 17:00:00,1.7129664615138278
2012-09-05 18:00:00,1.4391539618679459
2012-09-05 19:00:00,1.645878792236649
2012-09-05 20:00:00,0.0
2012-09-05 21:00:00,1.3513010616240204
2012-09-05 22:00:00,1.046418005469585
2012-09-05 23:00:00,-0.3903504815694888
2012-09-06 00:00:00,0.0
2012-09-06 01:00:00,-0.9987253749302084
2012-09-06 02:00:00,0.0
2012-09-06 03:00:00,-1.0606603814364834
2012-09-06 04:00:00,-1.11733967191644
2012-09-06 05:00:00,0.0
2012-09-06 06:00:00,-0.9110785811971178
2012-09-06 07:00:00,-0.03960872675400544
2012-09-06 08:00:00,0.0
2012-09-06 09:00:00,0.0
2012-09-06 10:00:00,0.5659322020827191
2012-09-06 11:00:00,0.0
2012-09-06 12:00:00,0.932801791371139
2012-09-06 13:00:00,0.0
2012-09-06 14:00:00,1.588993395245855
2012-09-06 15:00:00,1.4752741278919903
2012-09-06 16:00:00,1.392625417046678
2012-09-06 17:00:00,1.5631270281359149
2012-09-06 18:00:00,0.0
2012-09-06 19:00:00,1.480529843918309
2012-09-06 20:00:00,1.8008193617577495
2012-09-06 21:00:00,1.6871516210315902
2012-09-06 22:00:00,1.2841103390914266
2012-09-06 23:00:00,-0.3335681378341171
2012-09-07 00:00:00,-0.9471472205934529
2012-09-07 01:00:00,-0.9522998833643568
2012-09-07 02:00:00,-0.9883685227606918
2012-09-07 03:00:00,0.0
2012-09-07 04:00:00,-1.1224923346873399
2012-09-07 05:00:00,0.0
2012-09-07 06:00:00,0.0
2012-09-07 07:00:00,0.060043771235293766
2012-09-07 08:00:00,0.0
2012-09-07 09:00:00,0.1220818309969877
2012-09-07 10:00:00,0.5194551838891607
2012-09-07 11:00:00,0.0
2012-09-07 12:00:00,0.0
2012-09-07 13:00:00,0.9947883245051236
2012-09-07 14:00:00,0.0
2012-09-07 15:00:00,1.3254862211417897
2012-09-07 16:00:00,0.0
2012-09-07 17:00:00,0.0
2012-09-07 18:00:00,0.0
2012-09-07 19:00:00,0.0
2012-09-07 20:00:00,0.0
2012-09-07 21:00:00,0.0
2012-09-07 22:00:00,0.0
2012-09-07 23:00:00,-0.2613793324137441
2012-09-08 00:00:00,-0.9522998833643602
2012-09-08 01:00:00,0.0
2012-09-08 02:00:00,-1.0554561920378704
2012-09-08 03:00:00,-1.1070858730023387
2012-09-08 04:00:00,-1.137950323000054
2012-09-08 05:00:00,0.0
2012-09-08 06:00:00,0.0
2012-09-08 07:00:00,0.2012782577857941
2012-09-08 08:00:00,-0.14796922482612881
2012-09-08 09:00:00,0.0
2012-09-08 10:00:00,0.9844829989633167
2012-09-08 11:00:00,1.0154505022164513
2012-09-08 12:00:00,0.9689219573951835
2012-09-08 13:00:00,0.8552542166690212
2012-09-08 14:00:00,0.0
2012-09-08 15:00:00,1.1032518758326657
2012-09-08 16:00:00,1.0464180054695889
2012-09-08 17:00:00,1.299671380659556
2012-09-08 18:00:00,0.0
2012-09-08 19:00:00,0.9999409872760304
2012-09-08 20:00:00,0.9224964658293314
2012-09-08 21:00:00,0.912088087032102
2012-09-08 22:00:00,0.7932676835350367
2012-09-08 23:00:00,-0.44697824542173203
2012-09-09 00:00:00,0.0
2012-09-09 01:00:00,0.0
2012-09-09 02:00:00,-1.0606088548087775
2012-09-09 03:00:00,-1.0554046654101643
2012-09-09 04:00:00,-1.1483071751695741
2012-09-09 05:00:00,-1.1121870091455297
2012-09-09 06:00:00,0.0
2012-09-09 07:00:00,-0.3469135344107607
2012-09-09 08:00:00,0.10152270654107308
2012-09-09 09:00:00,0.0
2012-09-09 10:00:00,0.0
2012-09-09 11:00:00,0.0
2012-09-09 12:00:00,0.0
2012-09-09 13:00:00,1.1239140535439933
2012-09-09 14:00:00,0.0
2012-09-09 15:00:00,0.0
2012-09-09 16:00:00,1.1859521133056874
2012-09-09 17:00:00,0.0
2012-09-09 18:00:00,0.0
2012-09-09 19:00:00,0.0
2012-09-09 20:00:00,0.7880634941364265
2012-09-09 21:00:00,1.0258073543859676
2012-09-09 22:00:00,0.8449488911272144
2012-09-09 23:00:00,0.0
2012-09-10 00:00:00,-1.04515086649606
2012-09-10 01:00:00,-1.0708626537228754
2012-09-10 02:00:00,0.0
2012-09-10 03:00:00,-1.1431545123986706
2012-09-10 04:00:00,-1.2204959805899536
2012-09-10 05:00:00,0.0
2012-09-10 06:00:00,-1.1327461336014377
2012-09-10 07:00:00,0.0
2012-09-10 08:00:00,-0.28198998349736165
2012-09-10 09:00:00,0.0
2012-09-10 10:00:00,0.3713676558533585
2012-09-10 11:00:00,0.0
2012-09-10 12:00:00,0.7157201088329258
2012-09-10 13:00:00,0.0
2012-09-10 14:00:00,0.0
2012-09-10 15:00:00,0.0
2012-09-10 16:00:00,0.0
2012-09-10 17:00:00,1.1032518758326657
2012-09-10 18:00:00,1.0877938875199558
2012-09-10 19:00:00,0.0
2012-09-10 20:00:00,0.9534639690824698
2012-09-10 21:00:00,0.7364338131719621
2012-09-10 22:00:00,0.6641419544961631
2012-09-10 23:00:00,-0.3439249900036368
2012-09-11 00:00:00,0.0
2012-09-11 01:00:00,-1.055404665410161
2012-09-11 02:00:00,-1.065761517579681
2012-09-11 03:00:00,-1.091576358061915
2012-09-11 04:00:00,-1.174070489024099
2012-09-11 05:00:00,-1.1843758145659091
2012-09-11 06:00:00,0.0
2012-09-11 07:00:00,0.0
2012-09-11 08:00:00,0.0
2012-09-11 09:00:00,0.0
2012-09-11 10:00:00,0.309381122719374
2012-09-11 11:00:00,0.0
2012-09-11 12:00:00,0.0
2012-09-11 13:00:00,0.8139298612463705
2012-09-11 14:00:00,1.1549330834248404
2012-09-11 15:00:00,1.418491784156618
2012-09-11 16:00:00,0.0
2012-09-11 17:00:00,1.4029822692161982
2012-09-11 18:00:00,1.7233233136833441
2012-09-11 19:00:00,1.2428375102964753
2012-09-11 20:00:00,1.1549846100525536
2012-09-11 21:00:00,0.0
2012-09-11 22:00:00,0.932801791371139
2012-09-11 23:00:00,0.0
2012-09-12 00:00:00,-0.9574525461352602
2012-09-12 01:00:00,0.0
2012-09-12 02:00:00,0.0
2012-09-12 03:00:00,0.0
2012-09-12 04:00:00,0.0
2012-09-12 05:00:00,-1.1740189623963895
2012-09-12 06:00:00,0.0
2012-09-12 07:00:00,-0.012041980929660447
2012-09-12 08:00:00,-0.2922953090391723
2012-09-12 09:00:00,0.03938159352396304
2012-09-12 10:00:00,0.33179520577281213
2012-09-12 11:00:00,0.953463969082469
2012-09-12 12:00:00,1.072284372579529
2012-09-12 13:00:00,1.0206031649873544
2012-09-12 14:00:00,0.0
2012-09-12 15:00:00,1.087793887519952
2012-09-12 16:00:00,1.0102978394455435
2012-09-12 17:00:00,0.0
2012-09-12 18:00:00,0.0
2012-09-12 19:00:00,0.0
2012-09-12 20:00:00,1.108456065231279
2012-09-12 21:00:00,1.1601372728234567
2012-09-12 22:00:00,0.0
2012-09-12 23:00:00,-0.2871426462682654
2012-09-13 00:00:00,0.0
2012-09-13 01:00:00,0.0
2012-09-13 02:00:00,0.0
2012-09-13 03:00:00,-1.107034346374626
2012-09-13 04:00:00,-1.1637651634822848
2012-09-13 05:00:00,-1.1276449974582468
2012-09-13 06:00:00,0.0
2012-09-13 07:00:00,-0.058518999123221505
2012-09-13 08:00:00,-0.1582230237402301
2012-09-13 09:00:00,0.04628616163697425
2012-09-13 10:00:00,0.0
2012-09-13 11:00:00,0.6899052683506882
2012-09-13 12:00:00,0.7312296237733489
2012-09-13 13:00:00,0.8242867134158905
2012-09-13 14:00:00,0.0
2012-09-13 15:00:00,1.0723358992072414
2012-09-13 16:00:00,1.1291182429426065
2012-09-13 17:00:00,0.0
2012-09-13 18:00:00,1.5889933952458588
2012-09-13 19:00:00,0.0
2012-09-13 20:00:00,0.0
2012-09-13 21:00:00,1.3306388839126935
2012-09-13 22:00:00,0.8501015538981181
2012-09-13 23:00:00,0.0
2012-09-14 00:00:00,-0.9935727121593015
2012-09-14 01:00:00,0.0
2012-09-14 02:00:00,0.0
2012-09-14 03:00:00,-1.1534598379404775
2012-09-14 04:00:00,0.0
2012-09-14 05:00:00,-1.168917826253195
2012-09-14 06:00:00,0.0
2012-09-14 07:00:00,-0.01904960229809349
2012-09-14 08:00:00,-0.22525916638969928
2012-09-14 09:00:00,0.0
2012-09-14 10:00:00,0.0
2012-09-14 11:00:00,1.0051451766746435
2012-09-14 12:00:00,0.8345920389576935
2012-09-14 13:00:00,0.9224964658293314
2012-09-14 14:00:00,0.0
2012-09-14 15:00:00,0.0
2012-09-14 16:00:00,1.3564537243949273
2012-09-14 17:00:00,1.3151808955999797
2012-09-14 18:00:00,1.5011404950019303
2012-09-14 19:00:00,1.4907836428324133
2012-09-14 20:00:00,0.0
2012-09-14 21:00:00,0.0
2012-09-14 22:00:00,0.0
2012-09-14 23:00:00,-0.20279355670855864
2012-09-15 00:00:00,-1.0450993398683506
2012-09-15 01:00:00,0.0
2012-09-15 02:00:00,0.0
2012-09-15 03:00:00,-1.1225438613150494
2012-09-15 04:00:00,-1.2204444539622408
2012-09-15 05:00:00,0.0
2012-09-15 06:00:00,-1.0399466770974473
2012-09-15 07:00:00,-0.11509523634775912
2012-09-15 08:00:00,-0.22010650361879586
2012-09-15 09:00:00,0.0
2012-09-15 10:00:00,0.7778096952223252
2012-09-15 11:00:00,0.0
2012-09-15 12:00:00,0.0
2012-09-15 13:00:00,0.0
2012-09-15 14:00:00,1.764699195733705
2012-09-15 15:00:00,1.4650203289778851
2012-09-15 16:00:00,2.069530725260431
2012-09-15 17:00:00,0.0
2012-09-15 18:00:00,1.769851858504612
2012-09-15 19:00:00,0.0
2012-09-15 20:00:00,0.0
2012-09-15 21:00:00,1.1859521133056843
2012-09-15 22:00:00,0.8450004177549237
2012-09-15 23:00:00,-0.12029942574637192
2012-09-16 00:00:00,-0.9213839067389281
2012-09-16 01:00:00,-0.9935727121593046
2012-09-16 02:00:00,-1.0915248314342023
2012-09-16 03:00:00,0.0
2012-09-16 04:00:00,0.0
2012-09-16 05:00:00,0.0
2012-09-16 06:00:00,0.0
2012-09-16 07:00:00,-0.1513184556272189
2012-09-16 08:00:00,-0.21495384084788902
2012-09-16 09:00:00,0.0
2012-09-16 10:00:00,0.6899567949783976
2012-09-16 11:00:00,1.0671317098086213
2012-09-16 12:00:00,0.0
2012-09-16 13:00:00,0.0
2012-09-16 14:00:00,0.0
2012-09-16 15:00:00,0.0
2012-09-16 16:00:00,1.2531943624659976
2012-09-16 17:00:00,1.2996198540318464
2012-09-16 18:00:00,0.0
2012-09-16 19:00:00,1.0102978394455475
2012-09-16 20:00:00,0.9379029275143327
2012-09-16 21:00:00,0.0
2012-09-16 22:00:00,0.8345920389576943
2012-09-16 23:00:00,-0.23561601855921935
2012-09-17 00:00:00,-0.9059259184262145
2012-09-17 01:00:00,-0.9729105344479743
2012-09-17 02:00:00,0.0
2012-09-17 03:00:00,-1.0606088548087742
2012-09-17 04:00:00,0.0
2012-09-17 05:00:00,-1.1122385357732387
2012-09-17 06:00:00,-1.0193875526415352
2012-09-17 07:00:00,-0.0035916139853797774
2012-09-17 08:00:00,0.0
2012-09-17 09:00:00,0.0
2012-09-17 10:00:00,0.7777581685946167
2012-09-17 11:00:00,1.0413168693263943
2012-09-17 12:00:00,0.917292276430719
2012-09-17 13:00:00,0.9173438030584246
2012-09-17 14:00:00,1.1291182429426097
2012-09-17 15:00:00,0.0
2012-09-17 16:00:00,1.0413168693263943
2012-09-17 17:00:00,0.0
2012-09-17 18:00:00,1.2841103390914226
2012-09-17 19:00:00,0.0
2012-09-17 20:00:00,0.9534639690824698
2012-09-17 21:00:00,0.9947883245051236
2012-09-17 22:00:00,0.8449488911272175
2012-09-17 23:00:00,-0.2871426462682654
2012-09-18 00:00:00,-0.9471472205934529
2012-09-18 01:00:00,0.0
2012-09-18 02:00:00,0.0
2012-09-18 03:00:00,0.0
2012-09-18 04:00:00,-1.1173911985441458
2012-09-18 05:00:00,-1.065761517579681
2012-09-18 06:00:00,0.0
2012-09-18 07:00:00,-0.00688931815875664
2012-09-18 08:00:00,0.0
2012-09-18 09:00:00,0.0
2012-09-18 10:00:00,0.0
2012-09-18 11:00:00,0.0
2012-09-18 12:00:00,0.8087771984754628
2012-09-18 13:00:00,0.875916394380352
2012-09-18 14:00:00,1.2841103390914235
2012-09-18 15:00:00,1.2479901730673821
2012-09-18 16:00:00,1.315180895599976
2012-09-18 17:00:00,1.8421952438081166
2012-09-18 18:00:00,1.3409957360822136
2012-09-18 19:00:00,1.1446277578830297
2012-09-18 20:00:00,0.0
2012-09-18 21:00:00,1.1807994505347843
2012-09-18 22:00:00,0.9947883245051236
2012-09-18 23:00:00,-0.6875560701952744
2012-09-19 00:00:00,-1.0657615175796773
2012-09-19 01:00:00,-0.962605208906167
2012-09-19 02:00:00,-1.0606088548087742
2012-09-19 03:00:00,-1.050303529266967
2012-09-19 04:00:00,-1.1224923346873399
2012-09-19 05:00:00,-1.1276965240859527
2012-09-19 06:00:00,-1.0295898249279272
2012-09-19 07:00:00,0.144444387422713
2012-09-19 08:00:00,0.0016125754132334186
2012-09-19 09:00:00,0.0
2012-09-19 10:00:00,0.7157201088329227
2012-09-19 11:00:00,1.1290667163149033
2012-09-19 12:00:00,0.9844314723356035
2012-09-19 13:00:00,1.769851858504612
2012-09-19 14:00:00,2.038563222007293
2012-09-19 15:00:00,1.8370425810372097
2012-09-19 16:00:00,0.0
2012-09-19 17:00:00,2.3072745855099783
2012-09-19 18:00:00,0.0
2012-09-19 19:00:00,0.0
2012-09-19 20:00:00,0.0
2012-09-19 21:00:00,0.0
2012-09-19 22:00:00,0.8707637316094451
2012-09-19 23:00:00,0.0
2012-09-20 00:00:00,0.0
2012-09-20 01:00:00,-0.9574525461352602
2012-09-20 02:00:00,0.0
2012-09-20 03:00:00,-1.0399466770974473
2012-09-20 04:00:00,0.0
2012-09-20 05:00:00,0.0
2012-09-20 06:00:00,-0.6841553127664719
2012-09-20 07:00:00,0.29047085035015446
2012-09-20 08:00:00,0.0
2012-09-20 09:00:00,0.38182756127829776
2012-09-20 10:00:00,0.0
2012-09-20 11:00:00,0.9947883245051198
2012-09-20 12:00:00,0.9275460753448134
2012-09-20 13:00:00,0.0
2012-09-20 14:00:00,1.5011920216296397
2012-09-20 15:00:00,1.175698314391586
2012-09-20 16:00:00,0.0
2012-09-20 17:00:00,1.0516221948682012
2012-09-20 18:00:00,0.0
2012-09-20 19:00:00,1.1033034024603758
2012-09-20 20:00:00,1.087793887519952
2012-09-20 21:00:00,0.0
2012-09-20 22:00:00,0.9017827614902951
2012-09-20 23:00:00,-0.347222694177014
2012-09-21 00:00:00,-0.9110785811971178
2012-09-21 01:00:00,0.0
2012-09-21 02:00:00,0.0
2012-09-21 03:00:00,-1.086423695291005
2012-09-21 04:00:00,0.0
2012-09-21 05:00:00,0.0
2012-09-21 06:00:00,-1.0296413515556366
2012-09-21 07:00:00,0.0
2012-09-21 08:00:00,0.0
2012-09-21 09:00:00,0.0
2012-09-21 10:00:00,0.813878334618658
2012-09-21 11:00:00,1.1600857461957472
2012-09-21 12:00:00,0.0
2012-09-21 13:00:00,1.077437035350436
2012-09-21 14:00:00,0.0
2012-09-21 15:00:00,1.0671317098086244
2012-09-21 16:00:00,0.9689219573951804
2012-09-21 17:00:00,0.0
2012-09-21 18:00:00,1.5270068621118773
2012-09-21 19:00:00,1.3875242809034845
2012-09-21 20:00:00,1.0413168693263943
2012-09-21 21:00:00,0.9895841351065073
2012-09-21 22:00:00,0.7157201088329258
2012-09-21 23:00:00,0.0
2012-09-22 00:00:00,0.0
2012-09-22 01:00:00,-1.0812195058923917
2012-09-22 02:00:00,0.0
2012-09-22 03:00:00,-1.1637651634822912
2012-09-22 04:00:00,0.0
2012-09-22 05:00:00,0.0
2012-09-22 06:00:00,-1.04515086649606
2012-09-22 07:00:00,0.27341553657845774
2012-09-22 08:00:00,0.0
2012-09-22 09:00:00,0.4336118221258839
2012-09-22 10:00:00,1.0154505022164504
2012-09-22 11:00:00,1.449510814037465
2012-09-22 12:00:00,0.0
2012-09-22 13:00:00,0.0
2012-09-22 14:00:00,0.9947883245051236
2012-09-22 15:00:00,0.0
2012-09-22 16:00:00,1.330690410540403
2012-09-22 17:00:00,0.0
2012-09-22 18:00:00,1.227276468728348
2012-09-22 19:00:00,1.1859521133056912
2012-09-22 20:00:00,1.0930496035462778
2012-09-22 21:00:00,0.0
2012-09-22 22:00:00,1.098150739689472
2012-09-22 23:00:00,0.0
2012-09-23 00:00:00,-0.926536569509835
2012-09-23 01:00:00,0.0
2012-09-23 02:00:00,0.0
2012-09-23 03:00:00,-1.0606088548087742
2012-09-23 04:00:00,-1.1069828197469198
2012-09-23 05:00:00,0.0
2012-09-23 06:00:00,-1.014131836615213
2012-09-23 07:00:00,0.0
2012-09-23 08:00:00,0.2718697377471848
2012-09-23 09:00:00,0.0
2012-09-23 10:00:00,0.9534639690824698
2012-09-23 11:00:00,1.2583470252368982
2012-09-23 12:00:00,1.3616579137935405
2012-09-23 13:00:00,0.0
2012-09-23 14:00:00,1.0722843725795281
2012-09-23 15:00:00,0.0
2012-09-23 16:00:00,1.0516221948682012
2012-09-23 17:00:00,1.0619275204100118
2012-09-23 18:00:00,1.0877938875199489
2012-09-23 19:00:00,0.9275976019725258
2012-09-23 20:00:00,0.9844314723356035
2012-09-23 21:00:00,0.9483113063115591
2012-09-23 22:00:00,0.9120880870320989
2012-09-23 23:00:00,-0.38844399634425286
2012-09-24 00:00:00,0.0
2012-09-24 01:00:00,0.0
2012-09-24 02:00:00,-1.0450993398683541
2012-09-24 03:00:00,0.0
2012-09-24 04:00:00,-1.1070858730023352
2012-09-24 05:00:00,-1.1276449974582434
2012-09-24 06:00:00,0.0
2012-09-24 07:00:00,-0.02930340121219133
2012-09-24 08:00:00,0.0
2012-09-24 09:00:00,0.25295946537796493
2012-09-24 10:00:00,0.6020523681067635
2012-09-24 11:00:00,1.020551638359648
2012-09-24 12:00:00,0.0
2012-09-24 13:00:00,0.6020523681067665
2012-09-24 14:00:00,0.0
2012-09-24 15:00:00,0.0
2012-09-24 16:00:00,0.5297605094309714
2012-09-24 17:00:00,0.8965785720916789
2012-09-24 18:00:00,0.0
2012-09-24 19:00:00,0.9947883245051206
2012-09-24 20:00:00,1.0206546916150636
2012-09-24 21:00:00,0.9534639690824659
2012-09-24 22:00:00,0.7157201088329227
2012-09-24 23:00:00,-0.47794574867486656
2012-09-25 00:00:00,-1.107034346374626
2012-09-25 01:00:00,0.0
2012-09-25 02:00:00,0.0
2012-09-25 03:00:00,-1.1482556485418647
2012-09-25 04:00:00,0.0
2012-09-25 05:00:00,0.0
2012-09-25 06:00:00,-1.1173396719164366
2012-09-25 07:00:00,0.0
2012-09-25 08:00:00,0.0
2012-09-25 09:00:00,0.2785166727216552
2012-09-25 10:00:00,0.0
2012-09-25 11:00:00,0.0
2012-09-25 12:00:00,0.7777581685946167
2012-09-25 13:00:00,0.0
2012-09-25 14:00:00,0.8811205837789644
2012-09-25 15:00:00,0.8553057432967345
2012-09-25 16:00:00,0.0
2012-09-25 17:00:00,0.7674013164250966
2012-09-25 18:00:00,1.0516221948682012
2012-09-25 19:00:00,0.0
2012-09-25 20:00:00,0.0
2012-09-25 21:00:00,0.0
2012-09-25 22:00:00,0.0
2012-09-25 23:00:00,-0.28193845686965224
2012-09-26 00:00:00,-0.8543477640894624
2012-09-26 01:00:00,-0.8698572790298794
2012-09-26 02:00:00,-0.9317407589084482
2012-09-26 03:00:00,0.0
2012-09-26 04:00:00,-1.292633259382617
2012-09-26 05:00:00,0.0
2012-09-26 06:00:00,0.0
2012-09-26 07:00:00,0.0
2012-09-26 08:00:00,0.0
2012-09-26 09:00:00,0.10837574802638139
2012-09-26 10:00:00,0.4557682720407747
2012-09-26 11:00:00,0.9379544541420428
2012-09-26 12:00:00,0.8242867134158867
2012-09-26 13:00:00,0.7726055058237098
2012-09-26 14:00:00,0.0
2012-09-26 15:00:00,0.0
2012-09-26 16:00:00,0.0
2012-09-26 17:00:00,0.0
2012-09-26 18:00:00,0.0
2012-09-26 19:00:00,0.9741261467937928
2012-09-26 20:00:00,0.9327502647434296
2012-09-26 21:00:00,0.0
2012-09-26 22:00:00,0.0
2012-09-26 23:00:00,-0.2647800898425367
2012-09-27 00:00:00,-1.117339671916433
2012-09-27 01:00:00,-1.210139128420427
2012-09-27 02:00:00,0.0
2012-09-27 03:00:00,-1.2410551050458587
2012-09-27 04:00:00,-1.2874805966117102
2012-09-27 05:00:00,0.0
2012-09-27 06:00:00,0.0
2012-09-27 07:00:00,-0.4109096060254004
2012-09-27 08:00:00,0.0
2012-09-27 09:00:00,0.01547323826696828
2012-09-27 10:00:00,0.0
2012-09-27 11:00:00,0.0
2012-09-27 12:00:00,0.0
2012-09-27 13:00:00,0.5710848648536252
2012-09-27 14:00:00,0.0
2012-09-27 15:00:00,0.0
2012-09-27 16:00:00,0.7261284876301484
2012-09-27 17:00:00,0.0
2012-09-27 18:00:00,0.8862732465498713
2012-09-27 19:00:00,0.0
2012-09-27 20:00:00,0.0
2012-09-27 21:00:00,0.9018342881180015
2012-09-27 22:00:00,0.7777581685946167
2012-09-27 23:00:00,0.0
2012-09-28 00:00:00,-1.070914180350581
2012-09-28 01:00:00,0.0
2012-09-28 02:00:00,-1.1895284773368096
2012-09-28 03:00:00,-1.1946811401077193
2012-09-28 04:00:00,0.0
2012-09-28 05:00:00,-1.2513604305876689
2012-09-28 06:00:00,0.0
2012-09-28 07:00:00,0.0
2012-09-28 08:00:00,0.0
2012-09-28 09:00:00,0.0
2012-09-28 10:00:00,0.49188843806482296
2012-09-28 11:00:00,0.0
2012-09-28 12:00:00,0.8863247731775745
2012-09-28 13:00:00,0.8501015538981175
2012-09-28 14:00:00,0.8242867134158867
2012-09-28 15:00:00,0.7880634941364235
2012-09-28 16:00:00,0.7984203463059405
2012-09-28 17:00:00,0.870712204981735
2012-09-28 18:00:00,0.9947883245051236
2012-09-28 19:00:00,1.165238408966651
2012-09-28 20:00:00,1.1497804206539366
2012-09-28 21:00:00,1.0619275204100118
2012-09-28 22:00:00,0.0
2012-09-28 23:00:00,-0.483046884818064
2012-09-29 00:00:00,-0.9935211855315952
2012-09-29 01:00:00,-1.1173396719164366
2012-09-29 02:00:00,-1.1689178262531916
2012-09-29 03:00:00,-1.1998338028786166
2012-09-29 04:00:00,0.0
2012-09-29 05:00:00,0.0
2012-09-29 06:00:00,-0.8646015630035598
2012-09-29 07:00:00,0.0
2012-09-29 08:00:00,0.0
2012-09-29 09:00:00,0.20127825778579067
2012-09-29 10:00:00,0.8707637316094482
2012-09-29 11:00:00,0.0
2012-09-29 12:00:00,0.0
2012-09-29 13:00:00,0.7002621205202082
2012-09-29 14:00:00,0.9172922764307152
2012-09-29 15:00:00,0.0
2012-09-29 16:00:00,0.0
2012-09-29 17:00:00,0.0
2012-09-29 18:00:00,1.0929465502908589
2012-09-29 19:00:00,1.3202820317431734
2012-09-29 20:00:00,1.237633320897865
2012-09-29 21:00:00,1.0361126799277782
2012-09-29 22:00:00,0.7984203463059436
2012-09-29 23:00:00,-0.42636759433811106
2012-09-30 00:00:00,-1.086320642035589
2012-09-30 01:00:00,-1.0811679792646822
2012-09-30 02:00:00,-1.174070489024099
2012-09-30 03:00:00,-1.1792231517950023
2012-09-30 04:00:00,0.0
2012-09-30 05:00:00,-1.2204444539622408
2012-09-30 06:00:00,0.0
2012-09-30 07:00:00,0.0
2012-09-30 08:00:00,0.0
2012-09-30 09:00:00,0.20122673115808473
2012-09-30 10:00:00,0.843248512412816
2012-09-30 11:00:00,0.7623001802818992
2012-09-30 12:00:00,0.7518918014846727
2012-09-30 13:00:00,0.8707122049817357
2012-09-30 14:00:00,0.6848041322074907
2012-09-30 15:00:00,0.7209242982315351
2012-09-30 16:00:00,0.0
2012-09-30 17:00:00,0.6795999428088814
2012-09-30 18:00:00,0.0
2012-09-30 19:00:00,1.0102978394455475
2012-09-30 20:00:00,1.077437035350435
2012-09-30 21:00:00,0.0
2012-09-30 22:00:00,0.6795484161811712
2012-09-30 23:00:00,0.0
2012-10-01 00:00:00,-1.0915248314342059
2012-10-01 01:00:00,-1.1121870091455293
2012-10-01 02:00:00,-1.2049864656495235
2012-10-01 03:00:00,0.0
2012-10-01 04:00:00,0.0
2012-10-01 05:00:00,-1.2616657561294766
2012-10-01 06:00:00,-1.1946811401077133
2012-10-01 07:00:00,0.0
2012-10-01 08:00:00,-0.31811014952140304
2012-10-01 09:00:00,0.0
2012-10-01 10:00:00,0.0
2012-10-01 11:00:00,0.0
2012-10-01 12:00:00,0.0
2012-10-01 13:00:00,0.0
2012-10-01 14:00:00,0.0
2012-10-01 15:00:00,0.4935888167792206
2012-10-01 16:00:00,0.0
2012-10-01 17:00:00,0.6795999428088775
2012-10-01 18:00:00,0.0
2012-10-01 19:00:00,0.7622486536541928
2012-10-01 20:00:00,0.8553057432967337
2012-10-01 21:00:00,0.8345405123299849
2012-10-01 22:00:00,0.6124607469039922
2012-10-01 23:00:00,-0.409157700683293
2012-10-02 00:00:00,-1.117288145288727
2012-10-02 01:00:00,0.0
2012-10-02 02:00:00,-1.2359024422749518
2012-10-02 03:00:00,0.0
2012-10-02 04:00:00,-1.2822764072130972
2012-10-02 05:00:00,-1.2771237444421903
2012-10-02 06:00:00,0.0
2012-10-02 07:00:00,0.0
2012-10-02 08:00:00,-0.3335681378341171
2012-10-02 09:00:00,0.018822469068054914
2012-10-02 10:00:00,0.45417094658179585
2012-10-02 11:00:00,0.0
2012-10-02 12:00:00,0.6692430906393613
2012-10-02 13:00:00,0.5504226871422983
2012-10-02 14:00:00,0.5710848648536252
2012-10-02 15:00:00,0.48668424866620597
2012-10-02 16:00:00,0.0
2012-10-02 17:00:00,0.6536820490712281
2012-10-02 18:00:00,0.0
2012-10-02 19:00:00,0.9895841351065073
2012-10-02 20:00:00,0.9017827614902951
2012-10-02 21:00:00,0.0
2012-10-02 22:00:00,0.7106189726897283
2012-10-02 23:00:00,0.0
2012-10-03 00:00:00,-1.1173396719164361
2012-10-03 01:00:00,0.0
2012-10-03 02:00:00,0.0
2012-10-03 03:00:00,-1.225597116733148
2012-10-03 04:00:00,-1.2668699455280927
2012-10-03 05:00:00,0.0
2012-10-03 06:00:00,-1.1791716251672928
2012-10-03 07:00:00,0.0
2012-10-03 08:00:00,-0.16342721313884637
2012-10-03 09:00:00,-0.06021937783761952
2012-10-03 10:00:00,0.39017487496715964
2012-10-03 11:00:00,1.0102978394455504
2012-10-03 12:00:00,0.8087256718477542
2012-10-03 13:00:00,0.8965785720916758
2012-10-03 14:00:00,0.8656110688385413
2012-10-03 15:00:00,0.7209242982315351
2012-10-03 16:00:00,0.8241836601604648
2012-10-03 17:00:00,0.7726055058237098
2012-10-03 18:00:00,0.9689734840228929
2012-10-03 19:00:00,0.788115020764136
2012-10-03 20:00:00,0.8397447017286012
2012-10-03 21:00:00,0.8035730090768474
2012-10-03 22:00:00,0.6743957534102681
2012-10-03 23:00:00,-0.409157700683293
2012-10-04 00:00:00,-1.1070858730023352
2012-10-04 01:00:00,-1.153459837940481
2012-10-04 02:00:00,0.0
2012-10-04 03:00:00,0.0
2012-10-04 04:00:00,-1.2513604305876693
2012-10-04 05:00:00,-1.256564619986282
2012-10-04 06:00:00,-1.2359024422749518
2012-10-04 07:00:00,0.0
2012-10-04 08:00:00,-0.15822302374022668
2012-10-04 09:00:00,0.02397513183895872
2012-10-04 10:00:00,0.4954953020044535
2012-10-04 11:00:00,0.7415349493151565
2012-10-04 12:00:00,0.6072565575053798
2012-10-04 13:00:00,0.6588862384698443
2012-10-04 14:00:00,0.0
2012-10-04 15:00:00,0.0
2012-10-04 16:00:00,0.0
2012-10-04 17:00:00,0.746739138713769
2012-10-04 18:00:00,0.0
2012-10-04 19:00:00,0.0
2012-10-04 20:00:00,0.0
2012-10-04 21:00:00,0.912088087032102
2012-10-04 22:00:00,0.6330713979876136
2012-10-04 23:00:00,-0.41941149959739044
2012-10-05 00:00:00,0.0
2012-10-05 01:00:00,-1.174070489024099
2012-10-05 02:00:00,-1.2359024422749518
2012-10-05 03:00:00,-1.2668184189003835
2012-10-05 04:00:00,0.0
2012-10-05 05:00:00,0.0
2012-10-05 06:00:00,0.0
2012-10-05 07:00:00,0.042833877580475715
2012-10-05 08:00:00,0.0
2012-10-05 09:00:00,0.0
2012-10-05 10:00:00,0.6795484161811681
2012-10-05 11:00:00,0.6692430906393605
2012-10-05 12:00:00,0.8036245357045598
2012-10-05 13:00:00,0.0
2012-10-05 14:00:00,0.0
2012-10-05 15:00:00,0.7157201088329258
2012-10-05 16:00:00,0.0
2012-10-05 17:00:00,0.0
2012-10-05 18:00:00,0.0
2012-10-05 19:00:00,1.0567748576391052
2012-10-05 20:00:00,1.1807994505347805
2012-10-05 21:00:00,0.0
2012-10-05 22:00:00,0.0
2012-10-05 23:00:00,-0.3883924697165435
2012-10-06 00:00:00,-1.0915763580619118
2012-10-06 01:00:00,0.0
2012-10-06 02:00:00,0.0
2012-10-06 03:00:00,-1.1946811401077164
2012-10-06 04:00:00,0.0
2012-10-06 05:00:00,-1.2152917911913372
2012-10-06 06:00:00,-1.0295898249279272
2012-10-06 07:00:00,0.13759134593741157
2012-10-06 08:00:00,0.0
2012-10-06 09:00:00,0.0
2012-10-06 10:00:00,0.9947883245051236
2012-10-06 11:00:00,1.2169711431865342
2012-10-06 12:00:00,1.0980992130617626
2012-10-06 13:00:00,0.8242351867881743
2012-10-06 14:00:00,0.9224964658293283
2012-10-06 15:00:00,0.7881150207641329
2012-10-06 16:00:00,0.8656110688385413
2012-10-06 17:00:00,0.9741261467937997
2012-10-06 18:00:00,0.0
2012-10-06 19:00:00,1.0929465502908557
2012-10-06 20:00:00,0.0
2012-10-06 21:00:00,0.8501015538981175
2012-10-06 22:00:00,0.0
2012-10-06 23:00:00,-0.39029895494177946
2012-10-07 00:00:00,-1.0090307004720191
2012-10-07 01:00:00,0.0
2012-10-07 02:00:00,0.0
2012-10-07 03:00:00,-1.1173396719164366
2012-10-07 04:00:00,0.0
2012-10-07 05:00:00,-1.1431545123986668
2012-10-07 06:00:00,-1.0761183697491976
2012-10-07 07:00:00,0.23234881429435048
2012-10-07 08:00:00,-0.25107400687193343
2012-10-07 09:00:00,0.1858717961007894
2012-10-07 10:00:00,0.0
2012-10-07 11:00:00,0.0
2012-10-07 12:00:00,0.0
2012-10-07 13:00:00,0.0
2012-10-07 14:00:00,0.0
2012-10-07 15:00:00,0.798471872933653
2012-10-07 16:00:00,0.9689734840228929
2012-10-07 17:00:00,0.9792788095647035
2012-10-07 18:00:00,1.1446277578830297
2012-10-07 19:00:00,1.0154505022164513
2012-10-07 20:00:00,0.0
2012-10-07 21:00:00,0.8656110688385413
2012-10-07 22:00:00,0.0
2012-10-07 23:00:00,-0.414258836826487
2012-10-08 00:00:00,-1.0554561920378704
2012-10-08 01:00:00,-1.055404665410161
2012-10-08 02:00:00,-1.163765163482288
2012-10-08 03:00:00,0.0
2012-10-08 04:00:00,0.0
2012-10-08 05:00:00,-1.215291791191334
2012-10-08 06:00:00,-1.1431545123986673
2012-10-08 07:00:00,0.0
2012-10-08 08:00:00,-0.2150053674755984
2012-10-08 09:00:00,0.0
2012-10-08 10:00:00,0.26295563115352233
2012-10-08 11:00:00,0.0
2012-10-08 12:00:00,0.0
2012-10-08 13:00:00,0.0
2012-10-08 14:00:00,0.0
2012-10-08 15:00:00,0.7054663099188206
2012-10-08 16:00:00,0.6589377650975536
2012-10-08 17:00:00,0.8552026900413149
2012-10-08 18:00:00,1.1342709057135096
2012-10-08 19:00:00,0.0
2012-10-08 20:00:00,1.2066142910170181
2012-10-08 21:00:00,0.9172407498030057
2012-10-08 22:00:00,0.8448973644995011
2012-10-08 23:00:00,0.0
2012-10-09 00:00:00,-0.7615483075854615
2012-10-09 01:00:00,-0.7769547692704697
2012-10-09 02:00:00,-0.8853152673425966
2012-10-09 03:00:00,0.0
2012-10-09 04:00:00,0.0
2012-10-09 05:00:00,-0.8801626045716897
2012-10-09 06:00:00,-0.8182791246931239
2012-10-09 07:00:00,-0.09123840771846992
2012-10-09 08:00:00,0.0
2012-10-09 09:00:00,0.0
2012-10-09 10:00:00,0.7829108313655204
2012-10-09 11:00:00,0.0
2012-10-09 12:00:00,0.0
2012-10-09 13:00:00,0.8501015538981213
2012-10-09 14:00:00,0.0
2012-10-09 15:00:00,0.7726055058237098
2012-10-09 16:00:00,0.0
2012-10-09 17:00:00,0.9586166318533698
2012-10-09 18:00:00,1.0619790470377213
2012-10-09 19:00:00,1.0878454141476652
2012-10-09 20:00:00,0.0
2012-10-09 21:00:00,0.9947367978774111
2012-10-09 22:00:00,0.8656625954662507
2012-10-09 23:00:00,-0.3265605164656871
2012-10-10 00:00:00,-1.0399466770974435
2012-10-10 01:00:00,0.0
2012-10-10 02:00:00,0.0
2012-10-10 03:00:00,-1.1018816836037224
2012-10-10 04:00:00,0.0
2012-10-10 05:00:00,0.0
2012-10-10 06:00:00,0.0
2012-10-10 07:00:00,-0.12220591097160444
2012-10-10 08:00:00,-0.09639107048937373
2012-10-10 09:00:00,0.22709309826802485
2012-10-10 10:00:00,0.6537335756989374
2012-10-10 11:00:00,0.0
2012-10-10 12:00:00,0.9999925139037368
2012-10-10 13:00:00,1.0102978394455475
2012-10-10 14:00:00,0.917292276430719
2012-10-10 15:00:00,0.8707637316094451
2012-10-10 16:00:00,0.8811205837789613
2012-10-10 17:00:00,0.9431586435406591
2012-10-10 18:00:00,0.0
2012-10-10 19:00:00,1.1445762312553203
2012-10-10 20:00:00,0.0
2012-10-10 21:00:00,0.9482597796838528
2012-10-10 22:00:00,0.0
2012-10-10 23:00:00,0.0
2012-10-11 00:00:00,-1.0089791738443128
2012-10-11 01:00:00,-1.0398951504697378
2012-10-11 02:00:00,0.0
2012-10-11 03:00:00,-1.1276449974582468
2012-10-11 04:00:00,-1.2101391284204304
2012-10-11 05:00:00,-1.1843758145659058
2012-10-11 06:00:00,-1.0709141803505848
2012-10-11 07:00:00,0.0
2012-10-11 08:00:00,-0.2510224802442241
2012-10-11 09:00:00,0.12914097899312746
2012-10-11 10:00:00,0.6417278714427291
2012-10-11 11:00:00,1.0154505022164504
2012-10-11 12:00:00,0.7984203463059436
2012-10-11 13:00:00,0.7363822865442526
2012-10-11 14:00:00,0.7829108313655196
2012-10-11 15:00:00,0.0
2012-10-11 16:00:00,0.6588347118421318
2012-10-11 17:00:00,0.9483113063115591
2012-10-11 18:00:00,0.8965785720916819
2012-10-11 19:00:00,1.015398975588738
2012-10-11 20:00:00,1.0567748576391052
2012-10-11 21:00:00,0.0
2012-10-11 22:00:00,0.0
2012-10-11 23:00:00,0.0
2012-10-12 00:00:00,-1.1483071751695741
2012-10-12 01:00:00,0.0
2012-10-12 02:00:00,0.0
2012-10-12 03:00:00,-1.2255971167331445
2012-10-12 04:00:00,-1.313243910466235
2012-10-12 05:00:00,0.0
2012-10-12 06:00:00,0.0
2012-10-12 07:00:00,0.0
2012-10-12 08:00:00,-0.4108580793976876
2012-10-12 09:00:00,0.08606471822836548
2012-10-12 10:00:00,0.38698022404919774
2012-10-12 11:00:00,0.0
2012-10-12 12:00:00,0.0
2012-10-12 13:00:00,0.0
2012-10-12 14:00:00,0.0
2012-10-12 15:00:00,0.46772244966927745
2012-10-12 16:00:00,0.5194036572614513
2012-10-12 17:00:00,0.0
2012-10-12 18:00:00,0.0
2012-10-12 19:00:00,0.0
2012-10-12 20:00:00,1.0980992130617626
2012-10-12 21:00:00,0.8708152582371538
2012-10-12 22:00:00,0.6589377650975536
2012-10-12 23:00:00,-0.4864991688745694
2012-10-13 00:00:00,-1.1327976602291505
2012-10-13 01:00:00,-1.1998338028786197
2012-10-13 02:00:00,-1.2513604305876658
2012-10-13 03:00:00,0.0
2012-10-13 04:00:00,0.0
2012-10-13 05:00:00,0.0
2012-10-13 06:00:00,0.0
2012-10-13 07:00:00,0.0
2012-10-13 08:00:00,0.0
2012-10-13 09:00:00,0.046492268147819066
2012-10-13 10:00:00,0.0
2012-10-13 11:00:00,0.8656110688385413
2012-10-13 12:00:00,0.0
2012-10-13 13:00:00,0.8035730090768474
2012-10-13 14:00:00,0.6744472800379775
2012-10-13 15:00:00,0.6485809129280335
2012-10-13 16:00:00,0.0
2012-10-13 17:00:00,0.0
2012-10-13 18:00:00,0.798471872933653
2012-10-13 19:00:00,0.0
2012-10-13 20:00:00,0.0
2012-10-13 21:00:00,0.8707637316094482
2012-10-13 22:00:00,0.0
2012-10-13 23:00:00,-0.4727930859039662
2012-10-14 00:00:00,0.0
2012-10-14 01:00:00,0.0
2012-10-14 02:00:00,-1.2359539689026646
2012-10-14 03:00:00,0.0
2012-10-14 04:00:00,-1.2771237444421937
2012-10-14 05:00:00,-1.2462077678167656
2012-10-14 06:00:00,0.0
2012-10-14 07:00:00,0.0
2012-10-14 08:00:00,0.0
2012-10-14 09:00:00,0.0
2012-10-14 10:00:00,0.5142509944905482
2012-10-14 11:00:00,0.9792788095646967
2012-10-14 12:00:00,0.9275976019725228
2012-10-14 13:00:00,0.922444939201619
2012-10-14 14:00:00,0.6072565575053798
2012-10-14 15:00:00,0.0
2012-10-14 16:00:00,0.5814417170231453
2012-10-14 17:00:00,0.0
2012-10-14 18:00:00,0.7570959908832889
2012-10-14 19:00:00,0.8604068794399281
2012-10-14 20:00:00,0.9172922764307152
2012-10-14 21:00:00,0.0
2012-10-14 22:00:00,0.6537335756989404
2012-10-14 23:00:00,0.0
2012-10-15 00:00:00,-1.0812195058923917
2012-10-15 01:00:00,0.0
2012-10-15 02:00:00,0.0
2012-10-15 03:00:00,0.0
2012-10-15 04:00:00,-1.2513604305876658
2012-10-15 05:00:00,-1.2925817327549078
2012-10-15 06:00:00,-1.2152917911913372
2012-10-15 07:00:00,0.0
2012-10-15 08:00:00,-0.3077532973518864
2012-10-15 09:00:00,0.0
2012-10-15 10:00:00,0.3094326493470868
2012-10-15 11:00:00,0.0
2012-10-15 12:00:00,0.0
2012-10-15 13:00:00,0.5401173616004876
2012-10-15 14:00:00,0.5969512319635691
2012-10-15 15:00:00,0.4832319646096975
2012-10-15 16:00:00,0.0
2012-10-15 17:00:00,0.5968997053358559
2012-10-15 18:00:00,0.5504742137700077
2012-10-15 19:00:00,0.0
2012-10-15 20:00:00,0.8552542166690181
2012-10-15 21:00:00,0.7829108313655166
2012-10-15 22:00:00,0.0
2012-10-15 23:00:00,-0.13060475128817917
2012-10-16 00:00:00,0.0
2012-10-16 01:00:00,-0.7254281415614237
2012-10-16 02:00:00,0.0
2012-10-16 03:00:00,-0.7821074320413766
2012-10-16 04:00:00,-0.8491951013185556
2012-10-16 05:00:00,-0.8234317874640273
2012-10-16 06:00:00,-0.7408861298741377
2012-10-16 07:00:00,-0.09463916514726939
2012-10-16 08:00:00,0.0
2012-10-16 09:00:00,-0.058518999123224946
2012-10-16 10:00:00,0.4832319646097005
2012-10-16 11:00:00,0.8449488911272106
2012-10-16 12:00:00,0.0
2012-10-16 13:00:00,0.6434282501571306
2012-10-16 14:00:00,0.6279187352167036
2012-10-16 15:00:00,0.7106189726897245
2012-10-16 16:00:00,0.0
2012-10-16 17:00:00,0.7415864759428659
2012-10-16 18:00:00,0.7260769610024389
2012-10-16 19:00:00,0.0
2012-10-16 20:00:00,0.912088087032102
2012-10-16 21:00:00,0.0
2012-10-16 22:00:00,0.6589377650975536
2012-10-16 23:00:00,0.0
2012-10-17 00:00:00,-1.0605573281810647
2012-10-17 01:00:00,-1.143102985770961
2012-10-17 02:00:00,-1.3029385849244244
2012-10-17 03:00:00,0.0
2012-10-17 04:00:00,-1.2050379922772365
2012-10-17 05:00:00,-1.230749779504048
2012-10-17 06:00:00,-1.1637651634822912
2012-10-17 07:00:00,0.0
2012-10-17 08:00:00,-0.32326281229230985
2012-10-17 09:00:00,0.097915842601446
2012-10-17 10:00:00,0.4074878218773999
2012-10-17 11:00:00,0.0
2012-10-17 12:00:00,0.7829108313655204
2012-10-17 13:00:00,0.5813901903954358
2012-10-17 14:00:00,0.5038941423210312
2012-10-17 15:00:00,0.46256978689837364
2012-10-17 16:00:00,0.5814417170231422
2012-10-17 17:00:00,0.767452843052806
2012-10-17 18:00:00,0.0
2012-10-17 19:00:00,0.7933192101627461
2012-10-17 20:00:00,0.0
2012-10-17 21:00:00,0.7105674460620158
2012-10-17 22:00:00,0.0
2012-10-17 23:00:00,-0.3988523751414823
2012-10-18 00:00:00,-1.0863721686632986
2012-10-18 01:00:00,0.0
2012-10-18 02:00:00,0.0
2012-10-18 03:00:00,-1.1998338028786197
2012-10-18 04:00:00,-1.2668184189003835
2012-10-18 05:00:00,-1.2565130933585726
2012-10-18 06:00:00,-1.215240264563628
2012-10-18 07:00:00,0.0
2012-10-18 08:00:00,-0.34907765277454367
2012-10-18 09:00:00,0.003312954127634868
2012-10-18 10:00:00,0.3972855495910084
2012-10-18 11:00:00,0.7623001802819022
2012-10-18 12:00:00,0.6330713979876105
2012-10-18 13:00:00,0.0
2012-10-18 14:00:00,0.0
2012-10-18 15:00:00,0.5917985691926623
2012-10-18 16:00:00,0.47287511244018127
2012-10-18 17:00:00,0.5038941423210244
2012-10-18 18:00:00,0.7106189726897283
2012-10-18 19:00:00,0.8552542166690212
2012-10-18 20:00:00,0.963820821251986
2012-10-18 21:00:00,0.0
2012-10-18 22:00:00,0.5865943797940529
2012-10-18 23:00:00,-0.17893672807926983
2012-10-19 00:00:00,-1.1946811401077193
2012-10-19 01:00:00,-1.2255971167331445
2012-10-19 02:00:00,-1.3081427743230407
2012-10-19 03:00:00,-1.2616657561294795
2012-10-19 04:00:00,-1.3596694020320867
2012-10-19 05:00:00,0.0
2012-10-19 06:00:00,-1.1843758145659058
2012-10-19 07:00:00,0.0
2012-10-19 08:00:00,0.0
2012-10-19 09:00:00,0.0
2012-10-19 10:00:00,0.0
2012-10-19 11:00:00,0.8811205837789682
2012-10-19 12:00:00,0.0
2012-10-19 13:00:00,0.0
2012-10-19 14:00:00,0.0
2012-10-19 15:00:00,0.0
2012-10-19 16:00:00,0.4247492421599308
2012-10-19 17:00:00,0.6227660724457967
2012-10-19 18:00:00,0.8501015538981175
2012-10-19 19:00:00,0.7880634941364204
2012-10-19 20:00:00,0.875916394380352
2012-10-19 21:00:00,0.0
2012-10-19 22:00:00,0.0
2012-10-19 23:00:00,-0.4624877603621559
2012-10-20 00:00:00,-1.2565130933585726
2012-10-20 01:00:00,-1.261665756129473
2012-10-20 02:00:00,0.0
2012-10-20 03:00:00,-1.2874290699840043
2012-10-20 04:00:00,-1.3493640764902763
2012-10-20 05:00:00,0.0
2012-10-20 06:00:00,-1.1483071751695741
2012-10-20 07:00:00,-0.06882432466503217
2012-10-20 08:00:00,0.0
2012-10-20 09:00:00,0.0
2012-10-20 10:00:00,0.35240585685642967
2012-10-20 11:00:00,0.9431071169129497
2012-10-20 12:00:00,0.7312296237733458
2012-10-20 13:00:00,0.0
2012-10-20 14:00:00,0.534861645574165
2012-10-20 15:00:00,0.3850737388239622
2012-10-20 16:00:00,0.5968997053358597
2012-10-20 17:00:00,0.6124607469039892
2012-10-20 18:00:00,0.0
2012-10-20 19:00:00,0.7932676835350397
2012-10-20 20:00:00,0.0
2012-10-20 21:00:00,0.6847526055797843
2012-10-20 22:00:00,0.0
2012-10-20 23:00:00,-0.5295754296393345
2012-10-21 00:00:00,0.0
2012-10-21 01:00:00,-1.2359024422749552
2012-10-21 02:00:00,-1.359617875404374
2012-10-21 03:00:00,0.0
2012-10-21 04:00:00,-1.4215528819106524
2012-10-21 05:00:00,0.0
2012-10-21 06:00:00,0.0
2012-10-21 07:00:00,0.0
2012-10-21 08:00:00,-0.3284154750632133
2012-10-21 09:00:00,-0.074028514063645
2012-10-21 10:00:00,0.0
2012-10-21 11:00:00,0.0
2012-10-21 12:00:00,0.7312296237733458
2012-10-21 13:00:00,0.922444939201619
2012-10-21 14:00:00,0.0
2012-10-21 15:00:00,0.5504226871423014
2012-10-21 16:00:00,0.0
2012-10-21 17:00:00,0.7777581685946167
2012-10-21 18:00:00,0.0
2012-10-21 19:00:00,0.901782761490292
2012-10-21 20:00:00,0.9482597796838497
2012-10-21 21:00:00,0.0
2012-10-21 22:00:00,0.5452700243713945
2012-10-21 23:00:00,-0.5604398796370532
2012-10-22 00:00:00,0.0
2012-10-22 01:00:00,-1.235902442274955
2012-10-22 02:00:00,0.0
2012-10-22 03:00:00,0.0
2012-10-22 04:00:00,0.0
2012-10-22 05:00:00,-1.3339576148052747
2012-10-22 06:00:00,-1.2616657561294766
2012-10-22 07:00:00,-0.16852834928204077
2012-10-22 08:00:00,-0.42121493156720763
2012-10-22 09:00:00,0.0
2012-10-22 10:00:00,0.0
2012-10-22 11:00:00,0.7415864759428621
2012-10-22 12:00:00,0.6485809129280335
2012-10-22 13:00:00,0.0
2012-10-22 14:00:00,0.5813901903954389
2012-10-22 15:00:00,0.0
2012-10-22 16:00:00,0.6279187352167067
2012-10-22 17:00:00,0.7777581685946167
2012-10-22 18:00:00,0.8914774359484845
2012-10-22 19:00:00,0.881069057151255
2012-10-22 20:00:00,1.0464695320972943
2012-10-22 21:00:00,0.8087771984754636
2012-10-22 22:00:00,0.695057931121592
2012-10-22 23:00:00,0.0
2012-10-23 00:00:00,-0.7718536331272723
2012-10-23 01:00:00,0.0
2012-10-23 02:00:00,0.0
2012-10-23 03:00:00,-0.8388382491490355
2012-10-23 04:00:00,0.0
2012-10-23 05:00:00,-1.0450478132406413
2012-10-23 06:00:00,0.0
2012-10-23 07:00:00,-0.22525916638970273
2012-10-23 08:00:00,0.0
2012-10-23 09:00:00,-0.03100377992659278
2012-10-23 10:00:00,0.2061732874181506
2012-10-23 11:00:00,0.7106189726897275
2012-10-23 12:00:00,0.7726055058237098
2012-10-23 13:00:00,0.6589377650975506
2012-10-23 14:00:00,0.6743957534102674
2012-10-23 15:00:00,0.0
2012-10-23 16:00:00,0.6124607469039892
2012-10-23 17:00:00,0.0
2012-10-23 18:00:00,0.0
2012-10-23 19:00:00,0.0
2012-10-23 20:00:00,1.0206546916150667
2012-10-23 21:00:00,0.9172407498030057
2012-10-23 22:00:00,0.0
2012-10-23 23:00:00,0.0
2012-10-24 00:00:00,-0.7821589586690826
2012-10-24 01:00:00,-0.8131264619222236
2012-10-24 02:00:00,-0.8853152673425966
2012-10-24 03:00:00,-0.9265365695098354
2012-10-24 04:00:00,-1.1843242879381963
2012-10-24 05:00:00,-1.2307497795040514
2012-10-24 06:00:00,-1.174070489024099
2012-10-24 07:00:00,0.0
2012-10-24 08:00:00,-0.39035048156949187
2012-10-24 09:00:00,0.25295946537796493
2012-10-24 10:00:00,0.44031028372806713
2012-10-24 11:00:00,0.9069354242611951
2012-10-24 12:00:00,0.9999409872760235
2012-10-24 13:00:00,0.8190825240172735
2012-10-24 14:00:00,0.8501015538981181
2012-10-24 15:00:00,0.746739138713769
2012-10-24 16:00:00,0.0
2012-10-24 17:00:00,0.6692946172670676
2012-10-24 18:00:00,1.0050936500469305
2012-10-24 19:00:00,0.0
2012-10-24 20:00:00,0.0
2012-10-24 21:00:00,0.0
2012-10-24 22:00:00,0.6692430906393644
2012-10-24 23:00:00,0.0
2012-10-25 00:00:00,0.0
2012-10-25 01:00:00,0.0
2012-10-25 02:00:00,0.0
2012-10-25 03:00:00,0.0
2012-10-25 04:00:00,0.0
2012-10-25 05:00:00,-1.313243910466235
2012-10-25 06:00:00,0.0
2012-10-25 07:00:00,0.0
2012-10-25 08:00:00,0.0
2012-10-25 09:00:00,0.0
2012-10-25 10:00:00,0.0
2012-10-25 11:00:00,0.0
2012-10-25 12:00:00,0.0
2012-10-25 13:00:00,0.0
2012-10-25 14:00:00,0.7674013164250997
2012-10-25 15:00:00,0.0
2012-10-25 16:00:00,0.6072565575053768
2012-10-25 17:00:00,0.0
2012-10-25 18:00:00,0.7828593047378103
2012-10-25 19:00:00,0.0
2012-10-25 20:00:00,0.9327502647434296
2012-10-25 21:00:00,0.813878334618658
2012-10-25 22:00:00,0.6330713979876105
2012-10-25 23:00:00,-0.45733509759124863
2012-10-26 00:00:00,0.0
2012-10-26 01:00:00,-1.2101391284204304
2012-10-26 02:00:00,-1.2410551050458551
2012-10-26 03:00:00,0.0
2012-10-26 04:00:00,-1.2874805966117102
2012-10-26 05:00:00,0.0
2012-10-26 06:00:00,0.0
2012-10-26 07:00:00,-0.14796922482612881
2012-10-26 08:00:00,-0.3336196644618265
2012-10-26 09:00:00,0.0
2012-10-26 10:00:00,0.37311956119546974
2012-10-26 11:00:00,0.8552542166690212
2012-10-26 12:00:00,0.0
2012-10-26 13:00:00,0.767452843052806
2012-10-26 14:00:00,0.6382755873862229
2012-10-26 15:00:00,0.6485809129280335
2012-10-26 16:00:00,0.6124092202762836
2012-10-26 17:00:00,0.7106189726897275
2012-10-26 18:00:00,0.9482597796838566
2012-10-26 19:00:00,0.896630098719392
2012-10-26 20:00:00,0.0
2012-10-26 21:00:00,0.0
2012-10-26 22:00:00,0.0
2012-10-26 23:00:00,-0.5397777019257229
2012-10-27 00:00:00,0.0
2012-10-27 01:00:00,-1.2101391284204304
2012-10-27 02:00:00,-1.3183965732371419
2012-10-27 03:00:00,-1.2616657561294766
2012-10-27 04:00:00,0.0
2012-10-27 05:00:00,-1.2875321232394232
2012-10-27 06:00:00,-0.8285844502349342
2012-10-27 07:00:00,-0.15307036096932286
2012-10-27 08:00:00,-0.47794574867486656
2012-10-27 09:00:00,0.0
2012-10-27 10:00:00,0.602103894734476
2012-10-27 11:00:00,0.0
2012-10-27 12:00:00,0.9327502647434296
2012-10-27 13:00:00,0.8087771984754628
2012-10-27 14:00:00,0.0
2012-10-27 15:00:00,0.6331229246153199
2012-10-27 16:00:00,0.8191340506449799
2012-10-27 17:00:00,0.0
2012-10-27 18:00:00,0.875916394380352
2012-10-27 19:00:00,0.0
2012-10-27 20:00:00,0.8448973644995043
2012-10-27 21:00:00,0.8191855772726861
2012-10-27 22:00:00,0.5968997053358597
2012-10-27 23:00:00,0.0
2012-10-28 00:00:00,0.0
2012-10-28 01:00:00,-0.9110270545694119
2012-10-28 02:00:00,0.0
2012-10-28 03:00:00,0.0
2012-10-28 04:00:00,0.0
2012-10-28 05:00:00,0.0
2012-10-28 06:00:00,0.0
2012-10-28 07:00:00,-0.2665319951846441
2012-10-28 08:00:00,0.0
2012-10-28 09:00:00,0.0
2012-10-28 10:00:00,0.540065834972779
2012-10-28 11:00:00,0.0
2012-10-28 12:00:00,0.5917985691926623
2012-10-28 13:00:00,0.5607280126841059
2012-10-28 14:00:00,0.0
2012-10-28 15:00:00,0.33689634191600615
2012-10-28 16:00:00,0.0
2012-10-28 17:00:00,0.0
2012-10-28 18:00:00,0.5917470425649529
2012-10-28 19:00:00,0.0
2012-10-28 20:00:00,0.0
2012-10-28 21:00:00,0.0
2012-10-28 22:00:00,0.4160412420771028
2012-10-28 23:00:00,-0.5449818913243392
2012-10-29 00:00:00,0.0
2012-10-29 01:00:00,-1.3545167392611799
2012-10-29 02:00:00,0.0
2012-10-29 03:00:00,0.0
2012-10-29 04:00:00,-1.45252038516379
2012-10-29 05:00:00,0.0
2012-10-29 06:00:00,-1.3131923838385255
2012-10-29 07:00:00,-0.2544747643007329
2012-10-29 08:00:00,-0.6119665073460994
2012-10-29 09:00:00,-0.1736810120529442
2012-10-29 10:00:00,0.0
2012-10-29 11:00:00,0.44535989324355213
2012-10-29 12:00:00,0.4367549464161395
2012-10-29 13:00:00,0.0
2012-10-29 14:00:00,0.2095740448469466
2012-10-29 15:00:00,0.20957404484695005
2012-10-29 16:00:00,0.32483911103208807
2012-10-29 17:00:00,0.0
2012-10-29 18:00:00,0.0
2012-10-29 19:00:00,0.0
2012-10-29 20:00:00,0.7209242982315351
2012-10-29 21:00:00,0.0
2012-10-29 22:00:00,0.0
2012-10-29 23:00:00,0.0
2012-10-30 00:00:00,-1.2513604305876689
2012-10-30 01:00:00,0.0
2012-10-30 02:00:00,-1.2977343955258114
2012-10-30 03:00:00,-1.3287018987789456
2012-10-30 04:00:00,-1.3493125498625667
2012-10-30 05:00:00,-1.297734395525808
2012-10-30 06:00:00,0.0
2012-10-30 07:00:00,0.0
2012-10-30 08:00:00,-0.4212664581949201
2012-10-30 09:00:00,0.0
2012-10-30 10:00:00,0.0
2012-10-30 11:00:00,0.5917470425649529
2012-10-30 12:00:00,0.0
2012-10-30 13:00:00,0.5504226871423021
2012-10-30 14:00:00,0.0
2012-10-30 15:00:00,0.4470087453302373
2012-10-30 16:00:00,0.0
2012-10-30 17:00:00,0.0
2012-10-30 18:00:00,0.7674528430528029
2012-10-30 19:00:00,0.891425909320775
2012-10-30 20:00:00,0.8190825240172735
2012-10-30 21:00:00,0.5659322020827221
2012-10-30 22:00:00,0.0
2012-10-30 23:00:00,-0.7151228160196134
2012-10-31 00:00:00,0.0
2012-10-31 01:00:00,-1.297734395525808
2012-10-31 02:00:00,-1.339007224320753
2012-10-31 03:00:00,0.0
2012-10-31 04:00:00,0.0
2012-10-31 05:00:00,0.0
2012-10-31 06:00:00,-1.3647705381752808
2012-10-31 07:00:00,-0.343821936748218
2012-10-31 08:00:00,0.0
2012-10-31 09:00:00,0.0
2012-10-31 10:00:00,0.245694210870988
2012-10-31 11:00:00,0.0
2012-10-31 12:00:00,0.0
2012-10-31 13:00:00,0.0
2012-10-31 14:00:00,0.4419076091870429
2012-10-31 15:00:00,0.5194551838891646
2012-10-31 16:00:00,0.37306803456775695
2012-10-31 17:00:00,0.0
2012-10-31 18:00:00,0.0
2012-10-31 19:00:00,0.0
2012-10-31 20:00:00,0.767452843052806
2012-10-31 21:00:00,0.0
2012-10-31 22:00:00,0.4729266390678937
2012-10-31 23:00:00,-0.5449818913243392
2012-11-01 00:00:00,0.0
2012-11-01 01:00:00,-1.3236007626357518
2012-11-01 02:00:00,-1.3390587509484657
2012-11-01 03:00:00,-1.3235492360080454
2012-11-01 04:00:00,0.0
2012-11-01 05:00:00,-1.3648735914306998
2012-11-01 06:00:00,-1.3545167392611799
2012-11-01 07:00:00,-0.39880084851377295
2012-11-01 08:00:00,0.0
2012-11-01 09:00:00,0.0
2012-11-01 10:00:00,0.6021038947344729
2012-11-01 11:00:00,0.0
2012-11-01 12:00:00,0.7932161569073273
2012-11-01 13:00:00,0.0
2012-11-01 14:00:00,0.0
2012-11-01 15:00:00,0.4471117985856561
2012-11-01 16:00:00,0.5917470425649559
2012-11-01 17:00:00,0.6537851023266468
2012-11-01 18:00:00,0.8707637316094482
2012-11-01 19:00:00,0.9999409872760274
2012-11-01 20:00:00,0.9431071169129497
2012-11-01 21:00:00,0.7157201088329258
2012-11-01 22:00:00,0.5039456689487376
2012-11-01 23:00:00,0.0
2012-11-02 00:00:00,-1.282276407213094
2012-11-02 01:00:00,-1.3235492360080456
2012-11-02 02:00:00,-1.3131923838385255
2012-11-02 03:00:00,-1.3596694020320834
2012-11-02 04:00:00,0.0
2012-11-02 05:00:00,-1.3442114137193726
2012-11-02 06:00:00,-1.3493640764902763
2012-11-02 07:00:00,-0.38514629217087565
2012-11-02 08:00:00,-0.6532393361410472
2012-11-02 09:00:00,-0.0843338396054591
2012-11-02 10:00:00,0.4764819763798148
2012-11-02 11:00:00,0.8294393761867905
2012-11-02 12:00:00,0.7105674460620189
2012-11-02 13:00:00,0.7261284876301484
2012-11-02 14:00:00,0.0
2012-11-02 15:00:00,0.0
2012-11-02 16:00:00,0.6072050308776665
2012-11-02 17:00:00,0.7157716354606314
2012-11-02 18:00:00,0.9534124424547528
2012-11-02 19:00:00,0.9276491286002352
2012-11-02 20:00:00,0.0
2012-11-02 21:00:00,0.6176134096748991
2012-11-02 22:00:00,0.5194036572614513
2012-11-02 23:00:00,-0.6068138445751955
2012-11-03 00:00:00,0.0
2012-11-03 01:00:00,-1.2668699455280927
2012-11-03 02:00:00,-1.302887058296715
2012-11-03 03:00:00,-1.318345046609429
2012-11-03 04:00:00,0.0
2012-11-03 05:00:00,-1.3183965732371352
2012-11-03 06:00:00,0.0
2012-11-03 07:00:00,-0.2253106930174121
2012-11-03 08:00:00,-0.6171706967447121
2012-11-03 09:00:00,0.1289863991099993
2012-11-03 10:00:00,0.5435181190292844
2012-11-03 11:00:00,0.0
2012-11-03 12:00:00,0.9534639690824698
2012-11-03 13:00:00,0.8553057432967337
2012-11-03 14:00:00,0.767452843052806
2012-11-03 15:00:00,0.6795999428088814
2012-11-03 16:00:00,0.6021038947344729
2012-11-03 17:00:00,0.8294393761867905
2012-11-03 18:00:00,1.0258073543859705
2012-11-03 19:00:00,0.0
2012-11-03 20:00:00,0.9069354242611951
2012-11-03 21:00:00,0.7519433281123821
2012-11-03 22:00:00,0.6279187352167067
2012-11-03 23:00:00,-0.6120180339738087
2012-11-04 00:00:00,-1.204986465649527
2012-11-04 01:00:00,-1.2616657561294795
2012-11-04 02:00:00,0.0
2012-11-04 03:00:00,0.0
2012-11-04 04:00:00,-1.375127390344801
2012-11-04 05:00:00,0.0
2012-11-04 06:00:00,0.0
2012-11-04 07:00:00,-0.2923468356668817
2012-11-04 08:00:00,-0.5191670508421085
2012-11-04 09:00:00,0.0
2012-11-04 10:00:00,0.0
2012-11-04 11:00:00,0.46262131352608304
2012-11-04 12:00:00,0.5917470425649529
2012-11-04 13:00:00,0.0
2012-11-04 14:00:00,0.0
2012-11-04 15:00:00,0.39883134842227824
2012-11-04 16:00:00,0.3954305909934819
2012-11-04 17:00:00,0.4470602719579502
2012-11-04 18:00:00,0.0
2012-11-04 19:00:00,0.0
2012-11-04 20:00:00,0.0
2012-11-04 21:00:00,0.0
2012-11-04 22:00:00,0.5349646988295876
2012-11-04 23:00:00,0.0
2012-11-05 00:00:00,-1.3597209286597962
2012-11-05 01:00:00,-1.4060948935979352
2012-11-05 02:00:00,-1.4679783734765008
2012-11-05 03:00:00,0.0
2012-11-05 04:00:00,-1.4988943501019325
2012-11-05 05:00:00,-1.4318582074524633
2012-11-05 06:00:00,0.0
2012-11-05 07:00:00,0.0
2012-11-05 08:00:00,0.0
2012-11-05 09:00:00,-0.024202265068997295
2012-11-05 10:00:00,0.20962557147465946
2012-11-05 11:00:00,0.0
2012-11-05 12:00:00,0.6382755873862229
2012-11-05 13:00:00,0.6278672085889974
2012-11-05 14:00:00,0.48838462738060434
2012-11-05 15:00:00,0.0
2012-11-05 16:00:00,0.0
2012-11-05 17:00:00,0.0
2012-11-05 18:00:00,0.7106189726897275
2012-11-05 19:00:00,0.0
2012-11-05 20:00:00,0.0
2012-11-05 21:00:00,0.6485809129280335
2012-11-05 22:00:00,0.4780793018387937
2012-11-05 23:00:00,-0.36453564108725467
2012-11-06 00:00:00,0.0
2012-11-06 01:00:00,0.0
2012-11-06 02:00:00,-0.7770062958981757
2012-11-06 03:00:00,0.0
2012-11-06 04:00:00,-0.8698572790298794
2012-11-06 05:00:00,-0.7460387926450416
2012-11-06 06:00:00,-0.8853152673425966
2012-11-06 07:00:00,0.0
2012-11-06 08:00:00,0.0
2012-11-06 09:00:00,-0.10154373326027716
2012-11-06 10:00:00,0.25094992689731366
2012-11-06 11:00:00,0.6847526055797882
2012-11-06 12:00:00,0.0
2012-11-06 13:00:00,0.6073080841330853
2012-11-06 14:00:00,0.6020523681067635
2012-11-06 15:00:00,0.0
2012-11-06 16:00:00,0.0
2012-11-06 17:00:00,0.6434282501571268
2012-11-06 18:00:00,0.5452184977436858
2012-11-06 19:00:00,0.7415864759428621
2012-11-06 20:00:00,0.7415349493151526
2012-11-06 21:00:00,0.0
2012-11-06 22:00:00,0.0
2012-11-06 23:00:00,-0.761548307585465
2012-11-07 00:00:00,-1.3338545615498525
2012-11-07 01:00:00,-1.4370623968510763
2012-11-07 02:00:00,-1.4628257107056009
2012-11-07 03:00:00,-1.4215528819106524
2012-11-07 04:00:00,0.0
2012-11-07 05:00:00,-1.4267055446815562
2012-11-07 06:00:00,-1.4576730479346904
2012-11-07 07:00:00,-0.49345526361529
2012-11-07 08:00:00,-0.6790541766232814
2012-11-07 09:00:00,0.0
2012-11-07 10:00:00,0.0
2012-11-07 11:00:00,0.36276270902594626
2012-11-07 12:00:00,0.37301650794004715
2012-11-07 13:00:00,0.0
2012-11-07 14:00:00,0.3610108036838354
2012-11-07 15:00:00,0.3713161292256461
2012-11-07 16:00:00,0.5297605094309683
2012-11-07 17:00:00,0.0
2012-11-07 18:00:00,0.7002621205202082
2012-11-07 19:00:00,0.0
2012-11-07 20:00:00,0.0
2012-11-07 21:00:00,0.7364853397996683
2012-11-07 22:00:00,0.0
2012-11-07 23:00:00,-0.818279124693127
2012-11-08 00:00:00,-1.3493125498625667
2012-11-08 01:00:00,0.0
2012-11-08 02:00:00,0.0
2012-11-08 03:00:00,-1.4009422308270316
2012-11-08 04:00:00,0.0
2012-11-08 05:00:00,-1.4267055446815562
2012-11-08 06:00:00,-1.3957895680561279
2012-11-08 07:00:00,-0.3284154750632133
2012-11-08 08:00:00,-0.5552872168661498
2012-11-08 09:00:00,-0.21495384084789207
2012-11-08 10:00:00,0.0
2012-11-08 11:00:00,0.6176649363026054
2012-11-08 12:00:00,0.5090983317196445
2012-11-08 13:00:00,0.5401173616004876
2012-11-08 14:00:00,0.0
2012-11-08 15:00:00,0.5452184977436858
2012-11-08 16:00:00,0.4763789231243991
2012-11-08 17:00:00,0.6124092202762836
2012-11-08 18:00:00,0.7312811504010552
2012-11-08 19:00:00,0.7880634941364265
2012-11-08 20:00:00,0.0
2012-11-08 21:00:00,0.7106189726897245
2012-11-08 22:00:00,0.0
2012-11-08 23:00:00,0.0
2012-11-09 00:00:00,-1.385432715886608
2012-11-09 01:00:00,-1.3854842425143208
2012-11-09 02:00:00,0.0
2012-11-09 03:00:00,0.0
2012-11-09 04:00:00,-1.4885890245601254
2012-11-09 05:00:00,-1.3854842425143175
2012-11-09 06:00:00,0.0
2012-11-09 07:00:00,-0.4006042804835863
2012-11-09 08:00:00,-0.47789422204715715
2012-11-09 09:00:00,-0.012145034185079225
2012-11-09 10:00:00,0.0
2012-11-09 11:00:00,0.7312811504010552
2012-11-09 12:00:00,0.0
2012-11-09 13:00:00,0.6951094577493044
2012-11-09 14:00:00,0.5762890542522422
2012-11-09 15:00:00,0.4263980942466164
2012-11-09 16:00:00,0.4780793018387937
2012-11-09 17:00:00,0.0
2012-11-09 18:00:00,0.726076961002442
2012-11-09 19:00:00,0.0
2012-11-09 20:00:00,0.0
2012-11-09 21:00:00,0.7984203463059436
2012-11-09 22:00:00,0.0
2012-11-09 23:00:00,-0.5707452051788635
2012-11-10 00:00:00,-1.3338545615498525
2012-11-10 01:00:00,-1.3803315797434141
2012-11-10 02:00:00,-1.3442114137193726
2012-11-10 03:00:00,-1.4112990829965517
2012-11-10 04:00:00,-1.4319097340801725
2012-11-10 05:00:00,0.0
2012-11-10 06:00:00,0.0
2012-11-10 07:00:00,-0.36963677723045213
2012-11-10 08:00:00,0.0
2012-11-10 09:00:00,0.0
2012-11-10 10:00:00,0.5814417170231461
2012-11-10 11:00:00,1.1601372728234567
2012-11-10 12:00:00,0.7881150207641329
2012-11-10 13:00:00,0.8242867134158837
2012-11-10 14:00:00,0.0
2012-11-10 15:00:00,0.0
2012-11-10 16:00:00,0.7260254343747296
2012-11-10 17:00:00,0.6279702618444161
2012-11-10 18:00:00,0.0
2012-11-10 19:00:00,0.974177673421503
2012-11-10 20:00:00,0.8448973644995043
2012-11-10 21:00:00,0.7209242982315321
2012-11-10 22:00:00,0.5297605094309683
2012-11-10 23:00:00,-0.5655925424079605
2012-11-11 00:00:00,-1.3338545615498494
2012-11-11 01:00:00,-1.3957895680561314
2012-11-11 02:00:00,-1.380331579743414
2012-11-11 03:00:00,0.0
2012-11-11 04:00:00,-1.4834363617892186
2012-11-11 05:00:00,-1.4472646691374644
2012-11-11 06:00:00,-1.3803315797434141
2012-11-11 07:00:00,0.0
2012-11-11 08:00:00,0.0
2012-11-11 09:00:00,-0.09288725980515855
2012-11-11 10:00:00,0.0
2012-11-11 11:00:00,0.8138783346186572
2012-11-11 12:00:00,0.0
2012-11-11 13:00:00,0.5814417170231491
2012-11-11 14:00:00,0.0
2012-11-11 15:00:00,0.43675494641613644
2012-11-11 16:00:00,0.49364034340692997
2012-11-11 17:00:00,0.6227660724457998
2012-11-11 18:00:00,0.0
2012-11-11 19:00:00,0.0
2012-11-11 20:00:00,0.6950579311215951
2012-11-11 21:00:00,0.6692430906393644
2012-11-11 22:00:00,0.43160228364523606
2012-11-11 23:00:00,0.0
2012-11-12 00:00:00,-1.4267570713092623
2012-11-12 01:00:00,0.0
2012-11-12 02:00:00,-1.540115652269168
2012-11-12 03:00:00,-1.4318582074524597
2012-11-12 04:00:00,0.0
2012-11-12 05:00:00,0.0
2012-11-12 06:00:00,0.0
2012-11-12 07:00:00,-0.7854566628424632
2012-11-12 08:00:00,0.0
2012-11-12 09:00:00,0.029230847865284362
2012-11-12 10:00:00,0.0
2012-11-12 11:00:00,0.0
2012-11-12 12:00:00,0.0
2012-11-12 13:00:00,0.43505456770174183
2012-11-12 14:00:00,0.4625697868983706
2012-11-12 15:00:00,0.32143835360328865
2012-11-12 16:00:00,0.5503711605145889
2012-11-12 17:00:00,0.7674528430528029
2012-11-12 18:00:00,1.0206031649873544
2012-11-12 19:00:00,0.0
2012-11-12 20:00:00,1.253142835838285
2012-11-12 21:00:00,0.0
2012-11-12 22:00:00,0.4057359165352925
2012-11-12 23:00:00,-0.26478008984254015
2012-11-13 00:00:00,0.0
2012-11-13 01:00:00,0.0
2012-11-13 02:00:00,0.0
2012-11-13 03:00:00,-0.7924642842108932
2012-11-13 04:00:00,-0.9729105344479743
2012-11-13 05:00:00,-0.7924642842108932
2012-11-13 06:00:00,0.0
2012-11-13 07:00:00,-0.08417925972233092
2012-11-13 08:00:00,0.0
2012-11-13 09:00:00,0.0
2012-11-13 10:00:00,0.0
2012-11-13 11:00:00,0.617613409674896
2012-11-13 12:00:00,0.5814417170231453
2012-11-13 13:00:00,0.0
2012-11-13 14:00:00,0.24569421087099105
2012-11-13 15:00:00,0.0
2012-11-13 16:00:00,0.30773227063268577
2012-11-13 17:00:00,0.3042799865761765
2012-11-13 18:00:00,0.5917985691926623
2012-11-13 19:00:00,0.7364338131719621
2012-11-13 20:00:00,0.689905268350692
2012-11-13 21:00:00,0.0
2012-11-13 22:00:00,0.0
2012-11-13 23:00:00,0.0
2012-11-14 00:00:00,-0.7976169469818001
2012-11-14 01:00:00,-0.8233802608363214
2012-11-14 02:00:00,0.0
2012-11-14 03:00:00,-1.2514119572153788
2012-11-14 04:00:00,0.0
2012-11-14 05:00:00,0.0
2012-11-14 06:00:00,0.0
2012-11-14 07:00:00,0.0
2012-11-14 08:00:00,0.0
2012-11-14 09:00:00,-0.7752543905560721
2012-11-14 10:00:00,0.14774209159609025
2012-11-14 11:00:00,0.0
2012-11-14 12:00:00,0.5400658349727852
2012-11-14 13:00:00,0.0
2012-11-14 14:00:00,0.26120372581141493
2012-11-14 15:00:00,0.0
2012-11-14 16:00:00,0.0
2012-11-14 17:00:00,0.3833733601095638
2012-11-14 18:00:00,0.0
2012-11-14 19:00:00,0.0
2012-11-14 20:00:00,0.7002105938924988
2012-11-14 21:00:00,0.0
2012-11-14 22:00:00,0.45741712412746677
2012-11-14 23:00:00,-0.6017127084320015
2012-11-15 00:00:00,0.0
2012-11-15 01:00:00,-1.3803315797434141
2012-11-15 02:00:00,-1.3441598870916631
2012-11-15 03:00:00,0.0
2012-11-15 04:00:00,-1.4473161957651772
2012-11-15 05:00:00,-1.4060948935979352
2012-11-15 06:00:00,-1.4370108702233633
2012-11-15 07:00:00,-0.483046884818064
2012-11-15 08:00:00,-0.6635961883105638
2012-11-15 09:00:00,-0.06356860863871303
2012-11-15 10:00:00,0.0
2012-11-15 11:00:00,0.7312811504010552
2012-11-15 12:00:00,0.746739138713769
2012-11-15 13:00:00,0.6227660724458028
2012-11-15 14:00:00,0.6072565575053798
2012-11-15 15:00:00,0.0
2012-11-15 16:00:00,0.6279187352167067
2012-11-15 17:00:00,0.7157716354606314
2012-11-15 18:00:00,0.0
2012-11-15 19:00:00,0.0
2012-11-15 20:00:00,0.8293878495590812
2012-11-15 21:00:00,0.0
2012-11-15 22:00:00,0.5194036572614551
2012-11-15 23:00:00,-0.5243197136130119
2012-11-16 00:00:00,0.0
2012-11-16 01:00:00,0.0
2012-11-16 02:00:00,0.0
2012-11-16 03:00:00,-1.4009937574547409
2012-11-16 04:00:00,-1.4422150596219798
2012-11-16 05:00:00,-1.3802800531157045
2012-11-16 06:00:00,0.0
2012-11-16 07:00:00,-0.2235072610475919
2012-11-16 08:00:00,0.0
2012-11-16 09:00:00,0.0
2012-11-16 10:00:00,0.0
2012-11-16 11:00:00,0.788115020764136
2012-11-16 12:00:00,0.6382755873862237
2012-11-16 13:00:00,0.7364338131719621
2012-11-16 14:00:00,0.6072565575053768
2012-11-16 15:00:00,0.5917985691926653
2012-11-16 16:00:00,0.0
2012-11-16 17:00:00,0.6847526055797843
2012-11-16 18:00:00,1.0413168693263906
2012-11-16 19:00:00,1.3048240434304628
2012-11-16 20:00:00,0.0
2012-11-16 21:00:00,0.0
2012-11-16 22:00:00,0.0
2012-11-16 23:00:00,0.0
2012-11-17 00:00:00,-1.2410551050458587
2012-11-17 01:00:00,-1.3029385849244244
2012-11-17 02:00:00,-1.2977343955258114
2012-11-17 03:00:00,-1.3751789169725102
2012-11-17 04:00:00,0.0
2012-11-17 05:00:00,-1.3493640764902761
2012-11-17 06:00:00,-1.0966774942051092
2012-11-17 07:00:00,-0.2871426462682651
2012-11-17 08:00:00,-0.49855639975848404
2012-11-17 09:00:00,0.0
2012-11-17 10:00:00,0.0
2012-11-17 11:00:00,0.0
2012-11-17 12:00:00,0.8965785720916789
2012-11-17 13:00:00,0.8035730090768504
2012-11-17 14:00:00,0.0
2012-11-17 15:00:00,0.8035730090768504
2012-11-17 16:00:00,0.6073080841330853
2012-11-17 17:00:00,0.8811205837789644
2012-11-17 18:00:00,0.8553057432967345
2012-11-17 19:00:00,1.1446277578830366
2012-11-17 20:00:00,0.0
2012-11-17 21:00:00,0.8087256718477542
2012-11-17 22:00:00,0.5969512319635691
2012-11-17 23:00:00,0.0
2012-11-18 00:00:00,0.0
2012-11-18 01:00:00,-1.287429069984001
2012-11-18 02:00:00,0.0
2012-11-18 03:00:00,-1.3699747275738938
2012-11-18 04:00:00,-1.411247556368842
2012-11-18 05:00:00,-1.3184480998648513
2012-11-18 06:00:00,-1.3906369052852243
2012-11-18 07:00:00,-0.3593314516886415
2012-11-18 08:00:00,0.0
2012-11-18 09:00:00,0.12192725111385953
2012-11-18 10:00:00,0.0
2012-11-18 11:00:00,0.7364338131719582
2012-11-18 12:00:00,0.8397962283563037
2012-11-18 13:00:00,0.664038901240748
2012-11-18 14:00:00,0.6434282501571268
2012-11-18 15:00:00,0.5349646988295845
2012-11-18 16:00:00,0.0
2012-11-18 17:00:00,0.0
2012-11-18 18:00:00,0.8501015538981213
2012-11-18 19:00:00,0.0
2012-11-18 20:00:00,0.7880634941364235
2012-11-18 21:00:00,0.7054663099188206
2012-11-18 22:00:00,0.5452700243713914
2012-11-18 23:00:00,-0.4675888965053499
2012-11-19 00:00:00,0.0
2012-11-19 01:00:00,-1.3802800531157042
2012-11-19 02:00:00,-1.3905853786575115
2012-11-19 03:00:00,0.0
2012-11-19 04:00:00,-1.4628257107055973
2012-11-19 05:00:00,0.0
2012-11-19 06:00:00,-1.2359024422749552
2012-11-19 07:00:00,0.0
2012-11-19 08:00:00,0.0
2012-11-19 09:00:00,0.0
2012-11-19 10:00:00,0.2886674183803377
2012-11-19 11:00:00,0.0
2012-11-19 12:00:00,0.0
2012-11-19 13:00:00,0.5607795393118153
2012-11-19 14:00:00,0.43675494641614293
2012-11-19 15:00:00,0.4057359165352925
2012-11-19 16:00:00,0.0
2012-11-19 17:00:00,0.0
2012-11-19 18:00:00,0.0
2012-11-19 19:00:00,0.8345920389576943
2012-11-19 20:00:00,0.6950579311215951
2012-11-19 21:00:00,0.6382755873862229
2012-11-19 22:00:00,0.0
2012-11-19 23:00:00,-0.7305808043323305
2012-11-20 00:00:00,-1.3339060881775622
2012-11-20 01:00:00,0.0
2012-11-20 02:00:00,-1.3957895680561279
2012-11-20 03:00:00,-1.4267570713092657
2012-11-20 04:00:00,-1.4473677223928867
2012-11-20 05:00:00,0.0
2012-11-20 06:00:00,-1.2410551050458587
2012-11-20 07:00:00,-0.1582230237402301
2012-11-20 08:00:00,0.0
2012-11-20 09:00:00,0.0034160073830505912
2012-11-20 10:00:00,0.0
2012-11-20 11:00:00,0.7570959908832859
2012-11-20 12:00:00,0.5658806754550127
2012-11-20 13:00:00,0.6796514694365899
2012-11-20 14:00:00,0.5711363914813353
2012-11-20 15:00:00,0.0
2012-11-20 16:00:00,0.41088857930619593
2012-11-20 17:00:00,0.0
2012-11-20 18:00:00,0.0
2012-11-20 19:00:00,0.7881150207641329
2012-11-20 20:00:00,0.7519433281123821
2012-11-20 21:00:00,0.0
2012-11-20 22:00:00,0.0
2012-11-20 23:00:00,-0.7151743426473258
2012-11-21 00:00:00,-1.292633259382617
2012-11-21 01:00:00,-1.297734395525808
2012-11-21 02:00:00,-1.4267570713092657
2012-11-21 03:00:00,0.0
2012-11-21 04:00:00,0.0
2012-11-21 05:00:00,-1.3751789169725102
2012-11-21 06:00:00,-1.3906369052852277
2012-11-21 07:00:00,-0.5449818913243392
2012-11-21 08:00:00,-0.37999362939996534
2012-11-21 09:00:00,-0.0431125374382168
2012-11-21 10:00:00,0.2733640099507518
2012-11-21 11:00:00,0.0
2012-11-21 12:00:00,0.0
2012-11-21 13:00:00,0.5607795393118183
2012-11-21 14:00:00,0.4832319646097005
2012-11-21 15:00:00,0.5487223084279007
2012-11-21 16:00:00,0.0
2012-11-21 17:00:00,0.6640904278684575
2012-11-21 18:00:00,0.7003136471479177
2012-11-21 19:00:00,0.7209758248592476
2012-11-21 20:00:00,0.7519433281123791
2012-11-21 21:00:00,0.0
2012-11-21 22:00:00,0.34720166745781683
2012-11-21 23:00:00,0.0
2012-11-22 00:00:00,-1.2513604305876689
2012-11-22 01:00:00,0.0
2012-11-22 02:00:00,-1.3545682658888893
2012-11-22 03:00:00,-1.2977859221535208
2012-11-22 04:00:00,0.0
2012-11-22 05:00:00,-1.478232172390602
2012-11-22 06:00:00,0.0
2012-11-22 07:00:00,-0.23556449193150997
2012-11-22 08:00:00,0.0
2012-11-22 09:00:00,0.0
2012-11-22 10:00:00,0.0
2012-11-22 11:00:00,0.652033196984539
2012-11-22 12:00:00,0.0
2012-11-22 13:00:00,0.0
2012-11-22 14:00:00,0.0
2012-11-22 15:00:00,0.45741712412746677
2012-11-22 16:00:00,0.4142893367349954
2012-11-22 17:00:00,0.596951231963566
2012-11-22 18:00:00,0.0
2012-11-22 19:00:00,0.8862732465498682
2012-11-22 20:00:00,0.0
2012-11-22 21:00:00,0.6382755873862229
2012-11-22 22:00:00,0.0
2012-11-22 23:00:00,0.0
2012-11-23 00:00:00,0.0
2012-11-23 01:00:00,-1.3854842425143175
2012-11-23 02:00:00,-1.4112990829965515
2012-11-23 03:00:00,0.0
2012-11-23 04:00:00,-1.4679783734765008
2012-11-23 05:00:00,0.0
2012-11-23 06:00:00,0.0
2012-11-23 07:00:00,-0.550186080722949
2012-11-23 08:00:00,0.0
2012-11-23 09:00:00,0.008517143526247682
2012-11-23 10:00:00,0.32999177380299494
2012-11-23 11:00:00,0.0
2012-11-23 12:00:00,0.6072050308776696
2012-11-23 13:00:00,0.6485809129280374
2012-11-23 14:00:00,0.5917985691926623
2012-11-23 15:00:00,0.0
2012-11-23 16:00:00,0.5246078466600675
2012-11-23 17:00:00,0.5917470425649559
2012-11-23 18:00:00,0.0
2012-11-23 19:00:00,0.9431586435406591
2012-11-23 20:00:00,0.0
2012-11-23 21:00:00,0.0
2012-11-23 22:00:00,0.0
2012-11-23 23:00:00,-0.48304688481806707
2012-11-24 00:00:00,0.0
2012-11-24 01:00:00,-1.2513604305876658
2012-11-24 02:00:00,0.0
2012-11-24 03:00:00,0.0
2012-11-24 04:00:00,0.0
2012-11-24 05:00:00,0.0
2012-11-24 06:00:00,-0.9110785811971213
2012-11-24 07:00:00,-0.060322431093038295
2012-11-24 08:00:00,0.0
2012-11-24 09:00:00,0.23729537055441635
2012-11-24 10:00:00,0.0
2012-11-24 11:00:00,0.9069354242611989
2012-11-24 12:00:00,0.8345920389576905
2012-11-24 13:00:00,0.7778096952223222
2012-11-24 14:00:00,0.6743957534102681
2012-11-24 15:00:00,0.741586475942869
2012-11-24 16:00:00,0.571084864853629
2012-11-24 17:00:00,0.0
2012-11-24 18:00:00,0.9380059807697553
2012-11-24 19:00:00,0.0
2012-11-24 20:00:00,1.0464695320972974
2012-11-24 21:00:00,0.7106189726897245
2012-11-24 22:00:00,0.6020523681067635
2012-11-24 23:00:00,0.0
2012-11-25 00:00:00,0.0
2012-11-25 01:00:00,-1.3234977093803293
2012-11-25 02:00:00,-1.3339060881775622
2012-11-25 03:00:00,0.0
2012-11-25 04:00:00,-1.3802800531157045
2012-11-25 05:00:00,0.0
2012-11-25 06:00:00,0.0
2012-11-25 07:00:00,-0.3644841144595453
2012-11-25 08:00:00,-0.5965600456610981
2012-11-25 09:00:00,0.0
2012-11-25 10:00:00,0.5314608881453697
2012-11-25 11:00:00,0.8242351867881773
2012-11-25 12:00:00,0.8294393761867905
2012-11-25 13:00:00,0.7932676835350397
2012-11-25 14:00:00,0.540065834972782
2012-11-25 15:00:00,0.0
2012-11-25 16:00:00,0.6382755873862268
2012-11-25 17:00:00,0.0
2012-11-25 18:00:00,0.0
2012-11-25 19:00:00,0.0
2012-11-25 20:00:00,0.0
2012-11-25 21:00:00,0.5710848648536252
2012-11-25 22:00:00,0.0
2012-11-25 23:00:00,0.0
2012-11-26 00:00:00,-1.4216044085383652
2012-11-26 01:00:00,0.0
2012-11-26 02:00:00,0.0
2012-11-26 03:00:00,-1.4370108702233666
2012-11-26 04:00:00,-1.4782836990183117
2012-11-26 05:00:00,-1.4576215213069843
2012-11-26 06:00:00,-1.4679783734765077
2012-11-26 07:00:00,0.0
2012-11-26 08:00:00,-0.4675888965053499
2012-11-26 09:00:00,-0.022398833099180122
2012-11-26 10:00:00,0.0
2012-11-26 11:00:00,0.5486707818001912
2012-11-26 12:00:00,0.0
2012-11-26 13:00:00,0.47807930183880054
2012-11-26 14:00:00,0.0
2012-11-26 15:00:00,0.3420490046869096
2012-11-26 16:00:00,0.42644962087433225
2012-11-26 17:00:00,0.5659322020827221
2012-11-26 18:00:00,0.7054147832911151
2012-11-26 19:00:00,0.798471872933653
2012-11-26 20:00:00,0.0
2012-11-26 21:00:00,0.6072565575053729
2012-11-26 22:00:00,0.0
2012-11-26 23:00:00,-0.4779457486748696
2012-11-27 00:00:00,0.0
2012-11-27 01:00:00,0.0
2012-11-27 02:00:00,-1.5452683150400717
2012-11-27 03:00:00,0.0
2012-11-27 04:00:00,-1.4937416873310254
2012-11-27 05:00:00,0.0
2012-11-27 06:00:00,-1.5401156522691677
2012-11-27 07:00:00,-0.586203193491578
2012-11-27 08:00:00,-0.6635446616828579
2012-11-27 09:00:00,-0.14796922482612881
2012-11-27 10:00:00,0.0
2012-11-27 11:00:00,0.6382755873862268
2012-11-27 12:00:00,0.602103894734476
2012-11-27 13:00:00,0.0
2012-11-27 14:00:00,0.0
2012-11-27 15:00:00,0.43505456770173845
2012-11-27 16:00:00,0.3885260228804676
2012-11-27 17:00:00,0.5711363914813353
2012-11-27 18:00:00,0.7105674460620158
2012-11-27 19:00:00,0.0
2012-11-27 20:00:00,0.0
2012-11-27 21:00:00,0.0
2012-11-27 22:00:00,0.0
2012-11-27 23:00:00,0.0
2012-11-28 00:00:00,-1.3442114137193726
2012-11-28 01:00:00,-1.3905853786575149
2012-11-28 02:00:00,0.0
2012-11-28 03:00:00,0.0
2012-11-28 04:00:00,-1.488589024560122
2012-11-28 05:00:00,-1.4628257107055973
2012-11-28 06:00:00,-1.4731310362474113
2012-11-28 07:00:00,0.0
2012-11-28 08:00:00,0.0
2012-11-28 09:00:00,0.0
2012-11-28 10:00:00,0.10126507340253263
2012-11-28 11:00:00,0.5297605094309683
2012-11-28 12:00:00,0.0
2012-11-28 13:00:00,0.0
2012-11-28 14:00:00,0.34555281537112476
2012-11-28 15:00:00,0.0
2012-11-28 16:00:00,0.0
2012-11-28 17:00:00,0.0
2012-11-28 18:00:00,0.7777581685946128
2012-11-28 19:00:00,0.0
2012-11-28 20:00:00,0.7209242982315351
2012-11-28 21:00:00,0.5968997053358597
2012-11-28 22:00:00,0.3988313484222813
2012-11-28 23:00:00,-0.5913558562624849
2012-11-29 00:00:00,-1.4782836990183115
2012-11-29 01:00:00,-1.5091996756437398
2012-11-29 02:00:00,-1.5349629894982644
2012-11-29 03:00:00,-1.555573640581882
2012-11-29 04:00:00,0.0
2012-11-29 05:00:00,-1.5813369544364066
2012-11-29 06:00:00,0.0
2012-11-29 07:00:00,-0.36968830385816154
2012-11-29 08:00:00,0.0
2012-11-29 09:00:00,0.0
2012-11-29 10:00:00,0.0
2012-11-29 11:00:00,0.0
2012-11-29 12:00:00,0.5659322020827221
2012-11-29 13:00:00,0.4522129347288536
2012-11-29 14:00:00,0.0
2012-11-29 15:00:00,0.0
2012-11-29 16:00:00,0.0
2012-11-29 17:00:00,0.3868771707937824
2012-11-29 18:00:00,0.5917470425649567
2012-11-29 19:00:00,0.7106189726897283
2012-11-29 20:00:00,0.6692430906393644
2012-11-29 21:00:00,0.6951609843770138
2012-11-29 22:00:00,0.0
2012-11-29 23:00:00,-0.7512429820436578
2012-11-30 00:00:00,-1.4319097340801725
2012-11-30 01:00:00,-1.4422150596219798
2012-11-30 02:00:00,-1.457673047934694
2012-11-30 03:00:00,0.0
2012-11-30 04:00:00,-1.5091996756437431
2012-11-30 05:00:00,-1.5195050011855502
2012-11-30 06:00:00,-1.4988943501019325
2012-11-30 07:00:00,0.0
2012-11-30 08:00:00,-0.5758978679497674
2012-11-30 09:00:00,0.0
2012-11-30 10:00:00,0.0
2012-11-30 11:00:00,0.0
2012-11-30 12:00:00,0.0
2012-11-30 13:00:00,0.3988828750499907
2012-11-30 14:00:00,0.0
2012-11-30 15:00:00,0.3213868269755823
2012-11-30 16:00:00,0.0
2012-11-30 17:00:00,0.38172450802287555
2012-11-30 18:00:00,0.6641419544961669
2012-11-30 19:00:00,0.0
2012-11-30 20:00:00,0.0
2012-11-30 21:00:00,0.0
2012-11-30 22:00:00,0.0
2012-11-30 23:00:00,-0.7047659638500967
2012-12-01 00:00:00,0.0
2012-12-01 01:00:00,-1.4937416873310256
2012-12-01 02:00:00,-1.5711346821500154
2012-12-01 03:00:00,-1.555573640581882
2012-12-01 04:00:00,-1.5761842916654998
2012-12-01 05:00:00,-1.5761842916654998
2012-12-01 06:00:00,-1.4111960297411292
2012-12-01 07:00:00,-0.48830260084438964
2012-12-01 08:00:00,0.0
2012-12-01 09:00:00,-0.10319258534696578
2012-12-01 10:00:00,0.0
2012-12-01 11:00:00,0.7415864759428659
2012-12-01 12:00:00,0.0
2012-12-01 13:00:00,0.7105674460620189
2012-12-01 14:00:00,0.0
2012-12-01 15:00:00,0.0
2012-12-01 16:00:00,0.6434282501571298
2012-12-01 17:00:00,0.7415864759428659
2012-12-01 18:00:00,0.0
2012-12-01 19:00:00,0.9224449392016228
2012-12-01 20:00:00,0.0
2012-12-01 21:00:00,0.7622486536541928
2012-12-01 22:00:00,0.0
2012-12-01 23:00:00,-0.8079222725236073
2012-12-02 00:00:00,0.0
2012-12-02 01:00:00,-1.519556527813261
2012-12-02 02:00:00,-1.5761842916654998
2012-12-02 03:00:00,0.0
2012-12-02 04:00:00,-1.6123044576895456
2012-12-02 05:00:00,-1.5813369544364066
2012-12-02 06:00:00,-1.5864896172073102
2012-12-02 07:00:00,-0.45733509759124863
2012-12-02 08:00:00,0.0
2012-12-02 09:00:00,0.020780480921000256
2012-12-02 10:00:00,0.6589377650975536
2012-12-02 11:00:00,0.7881150207641329
2012-12-02 12:00:00,0.0
2012-12-02 13:00:00,0.7261284876301445
2012-12-02 14:00:00,0.5658806754550127
2012-12-02 15:00:00,0.0
2012-12-02 16:00:00,0.5538749711988037
2012-12-02 17:00:00,0.6485809129280343
2012-12-02 18:00:00,0.8862217199221588
2012-12-02 19:00:00,0.0
2012-12-02 20:00:00,0.8966300987193883
2012-12-02 21:00:00,0.937954454142039
2012-12-02 22:00:00,0.0
2012-12-02 23:00:00,-0.7048174904778057
2012-12-03 00:00:00,0.0
2012-12-03 01:00:00,-1.5040470128728363
2012-12-03 02:00:00,0.0
2012-12-03 03:00:00,-1.5452683150400717
2012-12-03 04:00:00,0.0
2012-12-03 05:00:00,0.0
2012-12-03 06:00:00,-1.4937416873310256
2012-12-03 07:00:00,-0.4675888965053495
2012-12-03 08:00:00,-0.7614967809577556
2012-12-03 09:00:00,-0.22015803024650527
2012-12-03 10:00:00,0.0
2012-12-03 11:00:00,0.0
2012-12-03 12:00:00,0.9379029275143327
2012-12-03 13:00:00,0.7054147832911121
2012-12-03 14:00:00,0.0
2012-12-03 15:00:00,0.9637692946242766
2012-12-03 16:00:00,0.8862732465498682
2012-12-03 17:00:00,0.0
2012-12-03 18:00:00,0.7984203463059436
2012-12-03 19:00:00,0.9895841351065073
2012-12-03 20:00:00,0.0
2012-12-03 21:00:00,0.7157201088329227
2012-12-03 22:00:00,0.0
2012-12-03 23:00:00,0.0
2012-12-04 00:00:00,0.0
2012-12-04 01:00:00,-1.478232172390602
2012-12-04 02:00:00,0.0
2012-12-04 03:00:00,0.0
2012-12-04 04:00:00,0.0
2012-12-04 05:00:00,-1.5091996756437396
2012-12-04 06:00:00,-1.4834363617892186
2012-12-04 07:00:00,-0.49340373698758366
2012-12-04 08:00:00,-0.3541787889177381
2012-12-04 09:00:00,0.0859616649729467
2012-12-04 10:00:00,0.4470602719579502
2012-12-04 11:00:00,0.8294909028144969
2012-12-04 12:00:00,0.6691915640116519
2012-12-04 13:00:00,0.6123576936485773
2012-12-04 14:00:00,0.47807930183879677
2012-12-04 15:00:00,0.0
2012-12-04 16:00:00,0.0
2012-12-04 17:00:00,0.5968997053358597
2012-12-04 18:00:00,0.8810690571512557
2012-12-04 19:00:00,0.0
2012-12-04 20:00:00,0.953463969082469
2012-12-04 21:00:00,0.8087256718477542
2012-12-04 22:00:00,0.0
2012-12-04 23:00:00,-0.5604398796370532
2012-12-05 00:00:00,-1.4885890245601185
2012-12-05 01:00:00,-1.4988943501019325
2012-12-05 02:00:00,0.0
2012-12-05 03:00:00,-1.524657663956454
2012-12-05 04:00:00,0.0
2012-12-05 05:00:00,-1.5452683150400748
2012-12-05 06:00:00,0.0
2012-12-05 07:00:00,0.0
2012-12-05 08:00:00,-0.7151228160196164
2012-12-05 09:00:00,-0.06537204060852637
2012-12-05 10:00:00,0.280113998180631
2012-12-05 11:00:00,0.0
2012-12-05 12:00:00,0.0
2012-12-05 13:00:00,0.48843615400831375
2012-12-05 14:00:00,0.421245431475716
2012-12-05 15:00:00,0.2955719864933451
2012-12-05 16:00:00,0.0
2012-12-05 17:00:00,0.0
2012-12-05 18:00:00,0.0
2012-12-05 19:00:00,0.8087256718477542
2012-12-05 20:00:00,0.881069057151255
2012-12-05 21:00:00,0.8346435655854006
2012-12-05 22:00:00,0.4935888167792206
2012-12-05 23:00:00,0.0
2012-12-06 00:00:00,0.0
2012-12-06 01:00:00,-1.4988943501019294
2012-12-06 02:00:00,-1.4885374979324124
2012-12-06 03:00:00,-1.4628257107056009
2012-12-06 04:00:00,0.0
2012-12-06 05:00:00,-1.550420977810975
2012-12-06 06:00:00,-1.5143523384146467
2012-12-06 07:00:00,-0.6532393361410472
2012-12-06 08:00:00,0.0
2012-12-06 09:00:00,-0.04816214695370489
2012-12-06 10:00:00,0.21302632890345585
2012-12-06 11:00:00,0.6330713979876105
2012-12-06 12:00:00,0.44706027195794673
2012-12-06 13:00:00,0.3540547089431148
2012-12-06 14:00:00,0.0
2012-12-06 15:00:00,0.0
2012-12-06 16:00:00,0.5504226871423014
2012-12-06 17:00:00,0.0
2012-12-06 18:00:00,0.8552542166690243
2012-12-06 19:00:00,0.9017312348625827
2012-12-06 20:00:00,0.8552542166690243
2012-12-06 21:00:00,0.7829108313655235
2012-12-06 22:00:00,0.0
2012-12-06 23:00:00,0.0
2012-12-07 00:00:00,0.0
2012-12-07 01:00:00,-1.4111960297411292
2012-12-07 02:00:00,-1.3906369052852243
2012-12-07 03:00:00,-1.4009422308270316
2012-12-07 04:00:00,0.0
2012-12-07 05:00:00,-1.4782836990183115
2012-12-07 06:00:00,0.0
2012-12-07 07:00:00,-0.9626567355338733
2012-12-07 08:00:00,0.0
2012-12-07 09:00:00,-0.06027090446533234
2012-12-07 10:00:00,0.0
2012-12-07 11:00:00,0.0
2012-12-07 12:00:00,0.39378173890679324
2012-12-07 13:00:00,0.617613409674893
2012-12-07 14:00:00,0.0
2012-12-07 15:00:00,0.41094010593390573
2012-12-07 16:00:00,0.0
2012-12-07 17:00:00,0.0
2012-12-07 18:00:00,0.9069354242611951
2012-12-07 19:00:00,0.0
2012-12-07 20:00:00,0.845000417754923
2012-12-07 21:00:00,0.7105674460620189
2012-12-07 22:00:00,0.0
2012-12-07 23:00:00,0.0
2012-12-08 00:00:00,-1.4008907041993255
2012-12-08 01:00:00,-1.4267055446815562
2012-12-08 02:00:00,-1.4628257107055973
2012-12-08 03:00:00,0.0
2012-12-08 04:00:00,-1.4988943501019294
2012-12-08 05:00:00,-1.488589024560122
2012-12-08 06:00:00,-1.297785922153521
2012-12-08 07:00:00,0.0
2012-12-08 08:00:00,-0.5295239030116251
2012-12-08 09:00:00,0.0
2012-12-08 10:00:00,0.8811205837789644
2012-12-08 11:00:00,0.8190309973895611
2012-12-08 12:00:00,0.0
2012-12-08 13:00:00,0.8346435655854038
2012-12-08 14:00:00,0.0
2012-12-08 15:00:00,0.6279702618444123
2012-12-08 16:00:00,0.0
2012-12-08 17:00:00,0.6743957534102681
2012-12-08 18:00:00,0.9792272829369872
2012-12-08 19:00:00,0.0
2012-12-08 20:00:00,0.7829108313655204
2012-12-08 21:00:00,0.6795999428088775
2012-12-08 22:00:00,0.0
2012-12-08 23:00:00,-0.6686973244537578
2012-12-09 00:00:00,0.0
2012-12-09 01:00:00,0.0
2012-12-09 02:00:00,0.0
2012-12-09 03:00:00,0.0
2012-12-09 04:00:00,0.0
2012-12-09 05:00:00,-1.5349629894982677
2012-12-09 06:00:00,-1.5452683150400748
2012-12-09 07:00:00,-0.7099701532487095
2012-12-09 08:00:00,-0.49335221035987087
2012-12-09 09:00:00,-0.14106465671312104
2012-12-09 10:00:00,0.5969512319635691
2012-12-09 11:00:00,0.7415864759428659
2012-12-09 12:00:00,0.0
2012-12-09 13:00:00,0.0
2012-12-09 14:00:00,0.5916955159372435
2012-12-09 15:00:00,0.5194551838891638
2012-12-09 16:00:00,0.7157716354606314
2012-12-09 17:00:00,0.5711363914813353
2012-12-09 18:00:00,0.0
2012-12-09 19:00:00,1.0361126799277782
2012-12-09 20:00:00,0.922444939201619
2012-12-09 21:00:00,0.0
2012-12-09 22:00:00,0.5143025211182569
2012-12-09 23:00:00,-0.2802896047829636
2012-12-10 00:00:00,-1.447316195765174
2012-12-10 01:00:00,0.0
2012-12-10 02:00:00,0.0
2012-12-10 03:00:00,-1.5452683150400717
2012-12-10 04:00:00,-1.5607263033527856
2012-12-10 05:00:00,-1.5813369544364066
2012-12-10 06:00:00,0.0
2012-12-10 07:00:00,0.0
2012-12-10 08:00:00,-0.7563441181868519
2012-12-10 09:00:00,-0.1151467629754685
2012-12-10 10:00:00,0.3524573834841356
2012-12-10 11:00:00,0.0
2012-12-10 12:00:00,0.5039456689487376
2012-12-10 13:00:00,0.450512556014459
2012-12-10 14:00:00,0.4832319646097005
2012-12-10 15:00:00,0.0
2012-12-10 16:00:00,0.5607795393118183
2012-12-10 17:00:00,0.0
2012-12-10 18:00:00,0.0
2012-12-10 19:00:00,1.0568263842668144
2012-12-10 20:00:00,0.9792272829369872
2012-12-10 21:00:00,0.8191340506449799
2012-12-10 22:00:00,0.6537335756989404
2012-12-10 23:00:00,-0.5585849210395236
2012-12-11 00:00:00,-1.457673047934694
2012-12-11 01:00:00,-1.4422150596219798
2012-12-11 02:00:00,-1.4834363617892186
2012-12-11 03:00:00,-1.5349629894982644
2012-12-11 04:00:00,-1.555573640581882
2012-12-11 05:00:00,-1.5452683150400748
2012-12-11 06:00:00,0.0
2012-12-11 07:00:00,-0.5037605891571038
2012-12-11 08:00:00,0.0
2012-12-11 09:00:00,-0.14101313008540517
2012-12-11 10:00:00,0.3627111823982403
2012-12-11 11:00:00,0.0
2012-12-11 12:00:00,0.5245563200323551
2012-12-11 13:00:00,0.4056843899075797
2012-12-11 14:00:00,0.5142509944905445
2012-12-11 15:00:00,0.0
2012-12-11 16:00:00,0.6330713979876136
2012-12-11 17:00:00,0.7105674460620189
2012-12-11 18:00:00,0.0
2012-12-11 19:00:00,0.0
2012-12-11 20:00:00,0.0
2012-12-11 21:00:00,0.7105674460620158
2012-12-11 22:00:00,0.0
2012-12-11 23:00:00,0.0
2012-12-12 00:00:00,-1.4782836990183148
2012-12-12 01:00:00,0.0
2012-12-12 02:00:00,-1.4988943501019358
2012-12-12 03:00:00,-1.5143523384146467
2012-12-12 04:00:00,0.0
2012-12-12 05:00:00,0.0
2012-12-12 06:00:00,-1.5555736405818854
2012-12-12 07:00:00,-0.6687488510814706
2012-12-12 08:00:00,0.0
2012-12-12 09:00:00,-0.20464851530608177
2012-12-12 10:00:00,0.53841698288609
2012-12-12 11:00:00,0.0
2012-12-12 12:00:00,0.0
2012-12-12 13:00:00,0.8655595422108319
2012-12-12 14:00:00,0.7880634941364235
2012-12-12 15:00:00,0.6330198713599041
2012-12-12 16:00:00,0.7519948547400915
2012-12-12 17:00:00,0.0
2012-12-12 18:00:00,0.0
2012-12-12 19:00:00,0.0
2012-12-12 20:00:00,0.0
2012-12-12 21:00:00,0.0
2012-12-12 22:00:00,0.5607795393118183
2012-12-12 23:00:00,-0.6842068393941851
2012-12-13 00:00:00,-1.3957895680561279
2012-12-13 01:00:00,-1.4679783734765044
2012-12-13 02:00:00,-1.4370108702233666
2012-12-13 03:00:00,-1.4215013552829396
2012-12-13 04:00:00,-1.4782836990183148
2012-12-13 05:00:00,-1.4730795096197018
2012-12-13 06:00:00,-1.4473677223928867
2012-12-13 07:00:00,0.0
2012-12-13 08:00:00,-0.4830984114457734
2012-12-13 09:00:00,0.0
2012-12-13 10:00:00,0.0
2012-12-13 11:00:00,0.8604584060676375
2012-12-13 12:00:00,0.7518918014846727
2012-12-13 13:00:00,0.0
2012-12-13 14:00:00,0.5813901903954358
2012-12-13 15:00:00,0.8191340506449867
2012-12-13 16:00:00,0.0
2012-12-13 17:00:00,0.7726055058237098
2012-12-13 18:00:00,1.196257438847498
2012-12-13 19:00:00,0.0
2012-12-13 20:00:00,0.9069354242611989
2012-12-13 21:00:00,0.8708152582371538
2012-12-13 22:00:00,0.6485809129280374
2012-12-13 23:00:00,-0.5844512881494702
2012-12-14 00:00:00,-1.3338030349221432
2012-12-14 01:00:00,-1.380331579743414
2012-12-14 02:00:00,-1.4215528819106493
2012-12-14 03:00:00,-1.4060948935979352
2012-12-14 04:00:00,0.0
2012-12-14 05:00:00,-1.4628257107055973
2012-12-14 06:00:00,-1.4782836990183148
2012-12-14 07:00:00,0.0
2012-12-14 08:00:00,0.0
2012-12-14 09:00:00,0.010269048868352029
2012-12-14 10:00:00,0.6640904278684575
2012-12-14 11:00:00,0.9947367978774142
2012-12-14 12:00:00,0.9895841351065103
2012-12-14 13:00:00,0.9223934125739096
2012-12-14 14:00:00,0.7726055058237128
2012-12-14 15:00:00,0.0
2012-12-14 16:00:00,0.6434282501571298
2012-12-14 17:00:00,0.8191340506449799
2012-12-14 18:00:00,0.9792788095646967
2012-12-14 19:00:00,1.1291182429426097
2012-12-14 20:00:00,0.8553057432967306
2012-12-14 21:00:00,0.0
2012-12-14 22:00:00,0.6486324395557399
2012-12-14 23:00:00,-0.44012520393643056
2012-12-15 00:00:00,0.0
2012-12-15 01:00:00,0.0
2012-12-15 02:00:00,0.0
2012-12-15 03:00:00,0.0
2012-12-15 04:00:00,-1.302887058296715
2012-12-15 05:00:00,-1.246259294444472
2012-12-15 06:00:00,0.0
2012-12-15 07:00:00,0.0
2012-12-15 08:00:00,-0.18403786422246388
2012-12-15 09:00:00,0.20632786730127878
2012-12-15 10:00:00,0.48838462738060434
2012-12-15 11:00:00,0.9586166318533728
2012-12-15 12:00:00,0.0
2012-12-15 13:00:00,0.9121396136598121
2012-12-15 14:00:00,0.6692946172670706
2012-12-15 15:00:00,0.850050027270408
2012-12-15 16:00:00,0.0
2012-12-15 17:00:00,1.0877938875199489
2012-12-15 18:00:00,0.0
2012-12-15 19:00:00,0.0
2012-12-15 20:00:00,0.0
2012-12-15 21:00:00,0.8656625954662469
2012-12-15 22:00:00,0.0
2012-12-15 23:00:00,-0.2561751430151309
2012-12-16 00:00:00,0.0
2012-12-16 01:00:00,-1.163765163482288
2012-12-16 02:00:00,-1.1946811401077164
2012-12-16 03:00:00,-1.2410551050458587
2012-12-16 04:00:00,0.0
2012-12-16 05:00:00,0.0
2012-12-16 06:00:00,0.0
2012-12-16 07:00:00,-0.35938297831635124
2012-12-16 08:00:00,0.0
2012-12-16 09:00:00,0.0
2012-12-16 10:00:00,0.6279187352167036
2012-12-16 11:00:00,0.0
2012-12-16 12:00:00,0.9844829989633167
2012-12-16 13:00:00,0.0
2012-12-16 14:00:00,0.0
2012-12-16 15:00:00,0.813878334618658
2012-12-16 16:00:00,0.788115020764136
2012-12-16 17:00:00,0.0
2012-12-16 18:00:00,0.0
2012-12-16 19:00:00,0.953463969082469
2012-12-16 20:00:00,0.0
2012-12-16 21:00:00,0.8604584060676375
2012-12-16 22:00:00,0.7519433281123821
2012-12-16 23:00:00,-0.20799774610717184
2012-12-17 00:00:00,-1.1534598379404775
2012-12-17 01:00:00,0.0
2012-12-17 02:00:00,0.0
2012-12-17 03:00:00,-1.1792231517950023
2012-12-17 04:00:00,0.0
2012-12-17 05:00:00,0.0
2012-12-17 06:00:00,0.0
2012-12-17 07:00:00,0.08250938091643785
2012-12-17 08:00:00,-0.05506671506671609
2012-12-17 09:00:00,0.0
2012-12-17 10:00:00,0.5452184977436858
2012-12-17 11:00:00,0.8604068794399281
2012-12-17 12:00:00,0.0
2012-12-17 13:00:00,0.0
2012-12-17 14:00:00,0.6434282501571298
2012-12-17 15:00:00,0.0
2012-12-17 16:00:00,0.0
2012-12-17 17:00:00,0.7157716354606314
2012-12-17 18:00:00,0.8087256718477542
2012-12-17 19:00:00,1.061927520410009
2012-12-17 20:00:00,0.9224449392016221
2012-12-17 21:00:00,0.0
2012-12-17 22:00:00,0.6124092202762829
2012-12-17 23:00:00,-0.4658885177909519
2012-12-18 00:00:00,0.0
2012-12-18 01:00:00,0.0
2012-12-18 02:00:00,0.0
2012-12-18 03:00:00,-1.0399466770974468
2012-12-18 04:00:00,-1.1482556485418647
2012-12-18 05:00:00,0.0
2012-12-18 06:00:00,0.0
2012-12-18 07:00:00,-0.269932752613447
2012-12-18 08:00:00,0.0
2012-12-18 09:00:00,0.0
2012-12-18 10:00:00,0.586594379794049
2012-12-18 11:00:00,0.0
2012-12-18 12:00:00,0.7105674460620219
2012-12-18 13:00:00,0.0
2012-12-18 14:00:00,0.5555753499132021
2012-12-18 15:00:00,0.5813901903954328
2012-12-18 16:00:00,0.700210593892502
2012-12-18 17:00:00,0.0
2012-12-18 18:00:00,0.0
2012-12-18 19:00:00,0.901782761490292
2012-12-18 20:00:00,0.0
2012-12-18 21:00:00,0.7313326770287616
2012-12-18 22:00:00,0.5038941423210312
2012-12-18 23:00:00,0.0
2012-12-19 00:00:00,-1.1225438613150527
2012-12-19 01:00:00,-1.1276965240859531
2012-12-19 02:00:00,0.0
2012-12-19 03:00:00,-1.1998338028786233
2012-12-19 04:00:00,-1.2719710816712835
2012-12-19 05:00:00,-1.2719710816712868
2012-12-19 06:00:00,-1.241106631673568
2012-12-19 07:00:00,0.0
2012-12-19 08:00:00,0.0
2012-12-19 09:00:00,0.0
2012-12-19 10:00:00,0.45571674541306534
2012-12-19 11:00:00,0.0
2012-12-19 12:00:00,0.664038901240748
2012-12-19 13:00:00,0.6330713979876136
2012-12-19 14:00:00,0.6382240607585205
2012-12-19 15:00:00,0.5607795393118146
2012-12-19 16:00:00,0.0
2012-12-19 17:00:00,0.6640904278684575
2012-12-19 18:00:00,0.9482597796838528
2012-12-19 19:00:00,0.9483113063115659
2012-12-19 20:00:00,1.0154505022164504
2012-12-19 21:00:00,0.9637692946242766
2012-12-19 22:00:00,0.519352130633745
2012-12-19 23:00:00,-0.6532908627687536
2012-12-20 00:00:00,-1.1998338028786197
2012-12-20 01:00:00,-1.2719710816712835
2012-12-20 02:00:00,-1.2565130933585726
2012-12-20 03:00:00,-1.2925817327549045
2012-12-20 04:00:00,0.0
2012-12-20 05:00:00,-1.323549236008042
2012-12-20 06:00:00,0.0
2012-12-20 07:00:00,0.0
2012-12-20 08:00:00,-0.29739644518236635
2012-12-20 09:00:00,0.0
2012-12-20 10:00:00,0.32324178557310884
2012-12-20 11:00:00,0.6951094577493013
2012-12-20 12:00:00,0.0
2012-12-20 13:00:00,0.0
2012-12-20 14:00:00,0.6950579311215951
2012-12-20 15:00:00,0.6692430906393613
2012-12-20 16:00:00,0.5968997053358597
2012-12-20 17:00:00,0.0
2012-12-20 18:00:00,1.4908351694601196
2012-12-20 19:00:00,0.0
2012-12-20 20:00:00,1.4184402575289126
2012-12-20 21:00:00,0.0
2012-12-20 22:00:00,0.0
2012-12-20 23:00:00,-0.38329133357334605
2012-12-21 00:00:00,0.0
2012-12-21 01:00:00,-1.153459837940481
2012-12-21 02:00:00,-1.1740704890240954
2012-12-21 03:00:00,-1.2101391284204304
2012-12-21 04:00:00,0.0
2012-12-21 05:00:00,-1.2410551050458587
2012-12-21 06:00:00,-1.225648643360854
2012-12-21 07:00:00,0.0
2012-12-21 08:00:00,0.3248906376597944
2012-12-21 09:00:00,0.10822116814324978
2012-12-21 10:00:00,0.7054147832911121
2012-12-21 11:00:00,1.1859521133056912
2012-12-21 12:00:00,0.0
2012-12-21 13:00:00,0.0
2012-12-21 14:00:00,0.0
2012-12-21 15:00:00,1.0929980769185683
2012-12-21 16:00:00,0.0
2012-12-21 17:00:00,0.0
2012-12-21 18:00:00,0.0
2012-12-21 19:00:00,0.9947883245051198
2012-12-21 20:00:00,0.9741261467937997
2012-12-21 21:00:00,0.8862732465498682
2012-12-21 22:00:00,0.7157201088329258
2012-12-21 23:00:00,0.0
2012-12-22 00:00:00,-0.5656440690356661
2012-12-22 01:00:00,0.0
2012-12-22 02:00:00,0.0
2012-12-22 03:00:00,-1.2462077678167656
2012-12-22 04:00:00,-1.2719710816712868
2012-12-22 05:00:00,-1.2719710816712835
2012-12-22 06:00:00,-1.0761183697491976
2012-12-22 07:00:00,-0.21495384084789207
2012-12-22 08:00:00,-0.29234683566688513
2012-12-22 09:00:00,0.1735569320783244
2012-12-22 10:00:00,0.0
2012-12-22 11:00:00,1.1549330834248404
2012-12-22 12:00:00,0.0
2012-12-22 13:00:00,0.8036245357045567
2012-12-22 14:00:00,0.0
2012-12-22 15:00:00,0.6951094577493044
2012-12-22 16:00:00,0.6951094577493074
2012-12-22 17:00:00,0.0
2012-12-22 18:00:00,0.8759679210080575
2012-12-22 19:00:00,0.8242351867881743
2012-12-22 20:00:00,0.0
2012-12-22 21:00:00,0.0
2012-12-22 22:00:00,0.7054147832911121
2012-12-22 23:00:00,0.5349646988295845
2012-12-23 00:00:00,-0.5295239030116285
2012-12-23 01:00:00,-1.1276449974582468
2012-12-23 02:00:00,-1.2204444539622377
2012-12-23 03:00:00,-1.2616657561294766
2012-12-23 04:00:00,0.0
2012-12-23 05:00:00,-1.2822764072130972
2012-12-23 06:00:00,-1.2771237444421937
2012-12-23 07:00:00,0.0
2012-12-23 08:00:00,-0.3387208006050205
2012-12-23 09:00:00,-0.09118688109076054
2012-12-23 10:00:00,0.25780296838261546
2012-12-23 11:00:00,0.0
2012-12-23 12:00:00,0.7570959908832859
2012-12-23 13:00:00,0.0
2012-12-23 14:00:00,0.0
2012-12-23 15:00:00,0.5297605094309683
2012-12-23 16:00:00,0.6795999428088814
2012-12-23 17:00:00,0.7260769610024389
2012-12-23 18:00:00,0.0
2012-12-23 19:00:00,1.0826927513767615
2012-12-23 20:00:00,0.0
2012-12-23 21:00:00,0.7984203463059466
2012-12-23 22:00:00,0.0
2012-12-23 23:00:00,0.46777397629698686
2012-12-24 00:00:00,0.0
2012-12-24 01:00:00,-1.163765163482288
2012-12-24 02:00:00,0.0
2012-12-24 03:00:00,-1.2204444539622408
2012-12-24 04:00:00,0.0
2012-12-24 05:00:00,-1.2410551050458587
2012-12-24 06:00:00,-1.215291791191334
2012-12-24 07:00:00,-0.5294723763839122
2012-12-24 08:00:00,-0.03966025338171139
2012-12-24 09:00:00,0.0
2012-12-24 10:00:00,0.8501530805258268
2012-12-24 11:00:00,1.077437035350436
2012-12-24 12:00:00,1.046418005469588
2012-12-24 13:00:00,0.0
2012-12-24 14:00:00,0.6021038947344699
2012-12-24 15:00:00,0.7623001802819022
2012-12-24 16:00:00,0.6382755873862199
2012-12-24 17:00:00,0.0
2012-12-24 18:00:00,0.0
2012-12-24 19:00:00,-0.7306323309600364
2012-12-24 20:00:00,0.0
2012-12-24 21:00:00,-1.1637136368545788
2012-12-24 22:00:00,-1.2617172827571859
2012-12-24 23:00:00,0.0
2012-12-25 00:00:00,-1.369974727573894
2012-12-25 01:00:00,-1.3957895680561279
2012-12-25 02:00:00,-1.4060433669702257
2012-12-25 03:00:00,-1.364822064802987
2012-12-25 04:00:00,-1.4473677223928867
2012-12-25 05:00:00,-1.3957895680561312
2012-12-25 06:00:00,0.0
2012-12-25 07:00:00,-1.369974727573894
2012-12-25 08:00:00,-1.3802800531157045
2012-12-25 09:00:00,0.0
2012-12-25 10:00:00,-1.4060948935979352
2012-12-25 11:00:00,-1.380331579743414
2012-12-25 12:00:00,0.0
2012-12-25 13:00:00,-1.3441083604639505
2012-12-25 14:00:00,-1.3390587509484657
2012-12-25 15:00:00,0.0
2012-12-25 16:00:00,0.0
2012-12-25 17:00:00,-1.3442114137193726
2012-12-25 18:00:00,0.0
2012-12-25 19:00:00,-1.3183450466094258
2012-12-25 20:00:00,0.0
2012-12-25 21:00:00,-1.287429069984001
2012-12-25 22:00:00,0.0
2012-12-25 23:00:00,0.0
2012-12-26 00:00:00,-1.467978373476501
2012-12-26 01:00:00,-1.4473677223928831
2012-12-26 02:00:00,0.0
2012-12-26 03:00:00,-1.5091996756437398
2012-12-26 04:00:00,-1.4834363617892152
2012-12-26 05:00:00,0.0
2012-12-26 06:00:00,0.0
2012-12-26 07:00:00,-0.3902989549417825
2012-12-26 08:00:00,-0.38339438682876825
2012-12-26 09:00:00,0.0
2012-12-26 10:00:00,0.0
2012-12-26 11:00:00,0.5349131722018752
2012-12-26 12:00:00,0.0
2012-12-26 13:00:00,0.617613409674896
2012-12-26 14:00:00,0.0
2012-12-26 15:00:00,0.2353888853291842
2012-12-26 16:00:00,0.41444391661812396
2012-12-26 17:00:00,0.5142509944905482
2012-12-26 18:00:00,0.7364338131719582
2012-12-26 19:00:00,0.813878334618658
2012-12-26 20:00:00,0.6330713979876075
2012-12-26 21:00:00,0.5917470425649567
2012-12-26 22:00:00,0.483180437981995
2012-12-26 23:00:00,-0.7460387926450416
2012-12-27 00:00:00,-1.3183450466094258
2012-12-27 01:00:00,-1.380331579743417
2012-12-27 02:00:00,0.0
2012-12-27 03:00:00,0.0
2012-12-27 04:00:00,-1.4731310362474113
2012-12-27 05:00:00,-1.4009422308270316
2012-12-27 06:00:00,-1.3545167392611799
2012-12-27 07:00:00,-0.658391998911951
2012-12-27 08:00:00,-0.4006042804835863
2012-12-27 09:00:00,-0.022450359726889513
2012-12-27 10:00:00,0.0
2012-12-27 11:00:00,0.0
2012-12-27 12:00:00,0.0
2012-12-27 13:00:00,0.5762375276245321
2012-12-27 14:00:00,0.0
2012-12-27 15:00:00,0.0
2012-12-27 16:00:00,0.65898929172526
2012-12-27 17:00:00,0.6021038947344729
2012-12-27 18:00:00,0.689905268350692
2012-12-27 19:00:00,0.0
2012-12-27 20:00:00,0.0
2012-12-27 21:00:00,0.0
2012-12-27 22:00:00,0.0
2012-12-27 23:00:00,0.0
2012-12-28 00:00:00,-1.0502520026392541
2012-12-28 01:00:00,0.0
2012-12-28 02:00:00,0.0
2012-12-28 03:00:00,-1.3545167392611766
2012-12-28 04:00:00,-1.524657663956457
2012-12-28 05:00:00,-1.5401156522691677
2012-12-28 06:00:00,-1.4524688585360774
2012-12-28 07:00:00,-0.6997163543346052
2012-12-28 08:00:00,-0.4057054166267838
2012-12-28 09:00:00,0.0
2012-12-28 10:00:00,0.0
2012-12-28 11:00:00,0.0
2012-12-28 12:00:00,0.0
2012-12-28 13:00:00,0.0
2012-12-28 14:00:00,0.4987930061778338
2012-12-28 15:00:00,0.5452184977436858
2012-12-28 16:00:00,0.42634656761891043
2012-12-28 17:00:00,0.5452700243713914
2012-12-28 18:00:00,0.6434282501571306
2012-12-28 19:00:00,0.8811721104066708
2012-12-28 20:00:00,0.0
2012-12-28 21:00:00,0.7829623579932291
2012-12-28 22:00:00,0.0
2012-12-28 23:00:00,-0.5397777019257259
2012-12-29 00:00:00,-1.4266540180538465
2012-12-29 01:00:00,0.0
2012-12-29 02:00:00,0.0
2012-12-29 03:00:00,0.0
2012-12-29 04:00:00,-1.524657663956457
2012-12-29 05:00:00,0.0
2012-12-29 06:00:00,-1.1121354825178233
2012-12-29 07:00:00,0.0
2012-12-29 08:00:00,0.0
2012-12-29 09:00:00,0.0
2012-12-29 10:00:00,0.3644115611126349
2012-12-29 11:00:00,0.860406879439925
2012-12-29 12:00:00,0.7984203463059466
2012-12-29 13:00:00,0.0
2012-12-29 14:00:00,0.0
2012-12-29 15:00:00,0.0
2012-12-29 16:00:00,0.0
2012-12-29 17:00:00,0.5555238232854927
2012-12-29 18:00:00,0.6227660724457998
2012-12-29 19:00:00,0.0
2012-12-29 20:00:00,0.0
2012-12-29 21:00:00,0.7157716354606314
2012-12-29 22:00:00,0.0
2012-12-29 23:00:00,-0.5862547201192874
2012-12-30 00:00:00,0.0
2012-12-30 01:00:00,-1.4112990829965515
2012-12-30 02:00:00,0.0
2012-12-30 03:00:00,0.0
2012-12-30 04:00:00,0.0
2012-12-30 05:00:00,0.0
2012-12-30 06:00:00,-1.4215528819106493
2012-12-30 07:00:00,0.0
2012-12-30 08:00:00,-0.5192185774698148
2012-12-30 09:00:00,0.0
2012-12-30 10:00:00,0.0
2012-12-30 11:00:00,0.9741261467937967
2012-12-30 12:00:00,1.1239655801717028
2012-12-30 13:00:00,0.8449488911272144
2012-12-30 14:00:00,0.0
2012-12-30 15:00:00,0.0
2012-12-30 16:00:00,0.0
2012-12-30 17:00:00,0.6072050308776704
2012-12-30 18:00:00,0.7003136471479177
2012-12-30 19:00:00,0.9586166318533728
2012-12-30 20:00:00,0.8087771984754598
2012-12-30 21:00:00,0.0
2012-12-30 22:00:00,0.0
2012-12-30 23:00:00,0.0
2012-12-31 00:00:00,-1.3493640764902795
2012-12-31 01:00:00,-1.457673047934694
2012-12-31 02:00:00,0.0
2012-12-31 03:00:00,0.0
2012-12-31 04:00:00,0.0
2012-12-31 05:00:00,-1.5298103267273608
2012-12-31 06:00:00,-1.4679783734765044
2012-12-31 07:00:00,-0.5294723763839156
2012-12-31 08:00:00,0.0
2012-12-31 09:00:00,0.0
2012-12-31 10:00:00,0.7157716354606314
2012-12-31 11:00:00,1.1652899355943604
2012-12-31 12:00:00,1.2066658176447207
2012-12-31 13:00:00,1.0774885619781414
2012-12-31 14:00:00,0.0
2012-12-31 15:00:00,0.7674528430528021
2012-12-31 16:00:00,0.9275976019725258
2012-12-31 17:00:00,0.7674013164250997
2012-12-31 18:00:00,0.6538366289543562
2012-12-31 19:00:00,0.0
2012-12-31 20:00:00,-0.65844352553966
2012-12-31 21:00:00,-1.143102985770961
2012-12-31 22:00:00,-1.2668699455280894
2012-12-31 23:00:00,-1.3699747275738972
2013-01-01 00:00:00,-1.5452683150400748
2013-01-01 01:00:00,0.0
2013-01-01 02:00:00,-1.550472504438686
2013-01-01 03:00:00,-1.5143523384146467
2013-01-01 04:00:00,-1.5349629894982608
2013-01-01 05:00:00,-1.5659304927514033
2013-01-01 06:00:00,-1.5453198416677856
2013-01-01 07:00:00,0.0
2013-01-01 08:00:00,-1.4834363617892186
2013-01-01 09:00:00,0.0
2013-01-01 10:00:00,0.0
2013-01-01 11:00:00,-1.406043366970229
2013-01-01 12:00:00,-1.4060433669702257
2013-01-01 13:00:00,-1.369974727573894
2013-01-01 14:00:00,-1.3339060881775622
2013-01-01 15:00:00,-1.302938584924421
2013-01-01 16:00:00,0.0
2013-01-01 17:00:00,0.0
2013-01-01 18:00:00,-1.3441598870916633
2013-01-01 19:00:00,0.0
2013-01-01 20:00:00,0.0
2013-01-01 21:00:00,-1.3493640764902761
2013-01-01 22:00:00,-1.4112990829965517
2013-01-01 23:00:00,0.0
2013-01-02 00:00:00,0.0
2013-01-02 01:00:00,-1.6174571204604504
2013-01-02 02:00:00,-1.6123044576895467
2013-01-02 03:00:00,-1.5916938066059245
2013-01-02 04:00:00,-1.6432719609426825
2013-01-02 05:00:00,-1.6277624460022573
2013-01-02 06:00:00,0.0
2013-01-02 07:00:00,-0.29229530903916884
2013-01-02 08:00:00,0.0
2013-01-02 09:00:00,-0.10154373326027716
2013-01-02 10:00:00,0.19932024593284572
2013-01-02 11:00:00,0.7209242982315351
2013-01-02 12:00:00,0.6434797767848361
2013-01-02 13:00:00,0.0
2013-01-02 14:00:00,0.45226446135656295
2013-01-02 15:00:00,0.4815315858953029
2013-01-02 16:00:00,0.5090468050919282
2013-01-02 17:00:00,0.4092397272195077
2013-01-02 18:00:00,0.0
2013-01-02 19:00:00,0.0
2013-01-02 20:00:00,0.6589377650975536
2013-01-02 21:00:00,0.6537851023266499
2013-01-02 22:00:00,0.49874147955012443
2013-01-02 23:00:00,0.0
2013-01-03 00:00:00,-1.457621521306981
2013-01-03 01:00:00,0.0
2013-01-03 02:00:00,-1.5246576639564537
2013-01-03 03:00:00,-1.571083155522308
2013-01-03 04:00:00,0.0
2013-01-03 05:00:00,0.0
2013-01-03 06:00:00,-1.4988943501019325
2013-01-03 07:00:00,-0.4778942220471602
2013-01-03 08:00:00,0.0
2013-01-03 09:00:00,-0.1736810120529442
2013-01-03 10:00:00,0.10466583083132865
2013-01-03 11:00:00,0.0
2013-01-03 12:00:00,0.0
2013-01-03 13:00:00,0.36791537179685657
2013-01-03 14:00:00,0.0
2013-01-03 15:00:00,0.0
2013-01-03 16:00:00,0.31968644826118464
2013-01-03 17:00:00,0.0
2013-01-03 18:00:00,0.0
2013-01-03 19:00:00,0.9482597796838536
2013-01-03 20:00:00,0.8190825240172704
2013-01-03 21:00:00,0.0
2013-01-03 22:00:00,0.5349131722018752
2013-01-03 23:00:00,-0.5552356902384401
2013-01-04 00:00:00,-1.442163532994267
2013-01-04 01:00:00,0.0
2013-01-04 02:00:00,0.0
2013-01-04 03:00:00,-1.4473677223928834
2013-01-04 04:00:00,-1.488589024560122
2013-01-04 05:00:00,-1.5710316288945962
2013-01-04 06:00:00,0.0
2013-01-04 07:00:00,-0.5501345540952429
2013-01-04 08:00:00,0.0
2013-01-04 09:00:00,-0.2614308590414501
2013-01-04 10:00:00,0.02222322649685132
2013-01-04 11:00:00,0.3249936909152166
2013-01-04 12:00:00,0.4367549464161399
2013-01-04 13:00:00,0.39022640159486904
2013-01-04 14:00:00,0.3196349216334753
2013-01-04 15:00:00,0.29206817580913375
2013-01-04 16:00:00,0.4419076091870429
2013-01-04 17:00:00,0.7054663099188245
2013-01-04 18:00:00,0.0
2013-01-04 19:00:00,0.9431071169129459
2013-01-04 20:00:00,0.7261284876301514
2013-01-04 21:00:00,0.0
2013-01-04 22:00:00,0.0
2013-01-04 23:00:00,-0.8028211363804163
2013-01-05 00:00:00,0.0
2013-01-05 01:00:00,-1.3905853786575149
2013-01-05 02:00:00,-1.5401671788968787
2013-01-05 03:00:00,-1.493741687331029
2013-01-05 04:00:00,0.0
2013-01-05 05:00:00,-1.5298103267273608
2013-01-05 06:00:00,0.0
2013-01-05 07:00:00,-0.570796731806573
2013-01-05 08:00:00,-0.45207938156492644
2013-01-05 09:00:00,-0.15307036096932325
2013-01-05 10:00:00,0.31978950151660346
2013-01-05 11:00:00,0.6279187352167036
2013-01-05 12:00:00,0.0
2013-01-05 13:00:00,0.0
2013-01-05 14:00:00,0.0
2013-01-05 15:00:00,0.0
2013-01-05 16:00:00,0.5710333382259166
2013-01-05 17:00:00,0.6640904278684575
2013-01-05 18:00:00,0.0
2013-01-05 19:00:00,0.9172922764307152
2013-01-05 20:00:00,0.684701078952075
2013-01-05 21:00:00,0.0
2013-01-05 22:00:00,0.48843615400831375
2013-01-05 23:00:00,-0.8130749352945107
2013-01-06 00:00:00,-1.4422150596219763
2013-01-06 01:00:00,0.0
2013-01-06 02:00:00,-1.4834363617892152
2013-01-06 03:00:00,0.0
2013-01-06 04:00:00,-1.5195050011855502
2013-01-06 05:00:00,-1.4988943501019325
2013-01-06 06:00:00,0.0
2013-01-06 07:00:00,-0.4109611326531098
2013-01-06 08:00:00,-0.5449303646966298
2013-01-06 09:00:00,-0.3232628122923064
2013-01-06 10:00:00,0.20102062464724718
2013-01-06 11:00:00,0.0
2013-01-06 12:00:00,0.4901365327227121
2013-01-06 13:00:00,0.31453378549027783
2013-01-06 14:00:00,0.0
2013-01-06 15:00:00,0.29902427054985736
2013-01-06 16:00:00,0.6485809129280374
2013-01-06 17:00:00,0.6124092202762866
2013-01-06 18:00:00,0.798471872933653
2013-01-06 19:00:00,0.7829108313655235
2013-01-06 20:00:00,0.5607280126841059
2013-01-06 21:00:00,0.5917470425649559
2013-01-06 22:00:00,0.41088857930619593
2013-01-06 23:00:00,-0.7563441181868553
2013-01-07 00:00:00,0.0
2013-01-07 01:00:00,-1.5401156522691712
2013-01-07 02:00:00,0.0
2013-01-07 03:00:00,-1.5504725044386902
2013-01-07 04:00:00,-1.5968464693768314
2013-01-07 05:00:00,-1.571031628894596
2013-01-07 06:00:00,-1.5349629894982644
2013-01-07 07:00:00,-0.570745205178864
2013-01-07 08:00:00,0.0
2013-01-07 09:00:00,0.0
2013-01-07 10:00:00,0.01707056372594751
2013-01-07 11:00:00,0.1666008373376038
2013-01-07 12:00:00,0.0
2013-01-07 13:00:00,0.0
2013-01-07 14:00:00,0.5452184977436889
2013-01-07 15:00:00,0.5659322020827221
2013-01-07 16:00:00,0.45226446135656295
2013-01-07 17:00:00,0.6744472800379737
2013-01-07 18:00:00,0.6795999428088844
2013-01-07 19:00:00,0.8708152582371544
2013-01-07 20:00:00,0.0
2013-01-07 21:00:00,0.5452700243713945
2013-01-07 22:00:00,0.3523543302287168
2013-01-07 23:00:00,0.0
2013-01-08 00:00:00,0.0
2013-01-08 01:00:00,-1.5091996756437398
2013-01-08 02:00:00,-1.5298103267273575
2013-01-08 03:00:00,-1.5298103267273608
2013-01-08 04:00:00,0.0
2013-01-08 05:00:00,0.0
2013-01-08 06:00:00,-1.5040470128728363
2013-01-08 07:00:00,0.0
2013-01-08 08:00:00,0.0
2013-01-08 09:00:00,0.0
2013-01-08 10:00:00,0.05313920312227951
2013-01-08 11:00:00,0.5504226871422983
2013-01-08 12:00:00,0.0
2013-01-08 13:00:00,0.0
2013-01-08 14:00:00,0.0
2013-01-08 15:00:00,0.5245563200323582
2013-01-08 16:00:00,0.4263980942466229
2013-01-08 17:00:00,0.6124092202762866
2013-01-08 18:00:00,0.7157716354606314
2013-01-08 19:00:00,0.9431071169129459
2013-01-08 20:00:00,0.8965785720916789
2013-01-08 21:00:00,0.4315507570175232
2013-01-08 22:00:00,0.0
2013-01-08 23:00:00,0.0
2013-01-09 00:00:00,-1.3905853786575149
2013-01-09 01:00:00,-1.4885374979324126
2013-01-09 02:00:00,0.0
2013-01-09 03:00:00,-1.5298103267273573
2013-01-09 04:00:00,-1.5453198416677834
2013-01-09 05:00:00,0.0
2013-01-09 06:00:00,-1.4885890245601185
2013-01-09 07:00:00,-0.4830984114457734
2013-01-09 08:00:00,-0.606865371202905
2013-01-09 09:00:00,0.0
2013-01-09 10:00:00,0.27331248332304237
2013-01-09 11:00:00,0.9223934125739096
2013-01-09 12:00:00,0.6279702618444161
2013-01-09 13:00:00,0.0
2013-01-09 14:00:00,0.5659837287104316
2013-01-09 15:00:00,0.49358881677921757
2013-01-09 16:00:00,0.6692946172670737
2013-01-09 17:00:00,0.8294393761867905
2013-01-09 18:00:00,0.0
2013-01-09 19:00:00,0.917292276430719
2013-01-09 20:00:00,0.0
2013-01-09 21:00:00,0.8552542166690212
2013-01-09 22:00:00,0.5555753499132021
2013-01-09 23:00:00,0.0
2013-01-10 00:00:00,-1.3441083604639505
2013-01-10 01:00:00,-1.4267570713092654
2013-01-10 02:00:00,-1.4421635329942701
2013-01-10 03:00:00,0.0
2013-01-10 04:00:00,-1.4679783734765044
2013-01-10 05:00:00,-1.4937416873310256
2013-01-10 06:00:00,-1.3958410946838407
2013-01-10 07:00:00,0.0
2013-01-10 08:00:00,0.0
2013-01-10 09:00:00,-0.07912965020684284
2013-01-10 10:00:00,0.0
2013-01-10 11:00:00,0.6951094577493013
2013-01-10 12:00:00,0.5865428531663427
2013-01-10 13:00:00,0.6227660724457998
2013-01-10 14:00:00,0.0
2013-01-10 15:00:00,0.0
2013-01-10 16:00:00,0.0
2013-01-10 17:00:00,0.5452184977436858
2013-01-10 18:00:00,0.0
2013-01-10 19:00:00,0.8965785720916789
2013-01-10 20:00:00,1.0102978394455475
2013-01-10 21:00:00,0.9327502647434296
2013-01-10 22:00:00,0.6279187352167067
2013-01-10 23:00:00,-0.5552356902384404
2013-01-11 00:00:00,-1.2514119572153788
2013-01-11 01:00:00,-1.2977343955258114
2013-01-11 02:00:00,-1.3236007626357518
2013-01-11 03:00:00,-1.3183965732371419
2013-01-11 04:00:00,0.0
2013-01-11 05:00:00,-1.3286503721512395
2013-01-11 06:00:00,-1.2411066316735646
2013-01-11 07:00:00,-0.23561601855921935
2013-01-11 08:00:00,0.0
2013-01-11 09:00:00,0.0
2013-01-11 10:00:00,0.1528432277392877
2013-01-11 11:00:00,0.0
2013-01-11 12:00:00,0.7363822865442496
2013-01-11 13:00:00,0.0
2013-01-11 14:00:00,0.0
2013-01-11 15:00:00,0.4108885793061963
2013-01-11 16:00:00,0.28351475560943046
2013-01-11 17:00:00,0.560728012684109
2013-01-11 18:00:00,0.6279187352167067
2013-01-11 19:00:00,0.0
2013-01-11 20:00:00,0.0
2013-01-11 21:00:00,0.6382755873862229
2013-01-11 22:00:00,0.49364034340692997
2013-01-11 23:00:00,-0.7151228160196129
2013-01-12 00:00:00,0.0
2013-01-12 01:00:00,-1.4679783734765008
2013-01-12 02:00:00,-1.4731310362474046
2013-01-12 03:00:00,-1.5195050011855535
2013-01-12 04:00:00,-1.5143523384146467
2013-01-12 05:00:00,0.0
2013-01-12 06:00:00,-1.3183965732371352
2013-01-12 07:00:00,0.0
2013-01-12 08:00:00,-0.41606226879630076
2013-01-12 09:00:00,0.0
2013-01-12 10:00:00,0.5504226871422983
2013-01-12 11:00:00,0.6434282501571268
2013-01-12 12:00:00,0.638327114013933
2013-01-12 13:00:00,0.6278672085890004
2013-01-12 14:00:00,0.5194036572614513
2013-01-12 15:00:00,0.0
2013-01-12 16:00:00,0.0
2013-01-12 17:00:00,0.0
2013-01-12 18:00:00,0.8242867134158837
2013-01-12 19:00:00,0.0
2013-01-12 20:00:00,0.8087771984754636
2013-01-12 21:00:00,0.6020523681067635
2013-01-12 22:00:00,0.45226446135656295
2013-01-12 23:00:00,0.0
2013-01-13 00:00:00,0.0
2013-01-13 01:00:00,-1.5556251672095929
2013-01-13 02:00:00,-1.586541143835021
2013-01-13 03:00:00,0.0
2013-01-13 04:00:00,0.0
2013-01-13 05:00:00,0.0
2013-01-13 06:00:00,-1.560726303352789
2013-01-13 07:00:00,-0.33872080060502396
2013-01-13 08:00:00,0.0
2013-01-13 09:00:00,0.0
2013-01-13 10:00:00,0.5813901903954358
2013-01-13 11:00:00,0.0
2013-01-13 12:00:00,0.0
2013-01-13 13:00:00,0.5039456689487407
2013-01-13 14:00:00,0.47287511244018127
2013-01-13 15:00:00,0.3833218334818544
2013-01-13 16:00:00,0.0
2013-01-13 17:00:00,0.6279187352167067
2013-01-13 18:00:00,0.8293878495590781
2013-01-13 19:00:00,0.0
2013-01-13 20:00:00,0.7158231620883376
2013-01-13 21:00:00,0.6227660724457998
2013-01-13 22:00:00,0.0
2013-01-13 23:00:00,-0.7254796681891296
2013-01-14 00:00:00,0.0
2013-01-14 01:00:00,0.0
2013-01-14 02:00:00,-1.5607778299804964
2013-01-14 03:00:00,0.0
2013-01-14 04:00:00,-1.5349629894982644
2013-01-14 05:00:00,0.0
2013-01-14 06:00:00,0.0
2013-01-14 07:00:00,-0.6274760222865228
2013-01-14 08:00:00,-0.3078048239795958
2013-01-14 09:00:00,0.0464407415201093
2013-01-14 10:00:00,0.0
2013-01-14 11:00:00,0.7570444642555796
2013-01-14 12:00:00,0.6899052683506912
2013-01-14 13:00:00,0.0
2013-01-14 14:00:00,0.0
2013-01-14 15:00:00,0.5435181190292844
2013-01-14 16:00:00,0.5125506157761499
2013-01-14 17:00:00,0.4935888167792206
2013-01-14 18:00:00,0.8036245357045567
2013-01-14 19:00:00,0.0
2013-01-14 20:00:00,0.9069354242611989
2013-01-14 21:00:00,0.5813901903954358
2013-01-14 22:00:00,0.388526022880471
2013-01-14 23:00:00,-0.5140143880712016
2013-01-15 00:00:00,-1.4679783734765077
2013-01-15 01:00:00,0.0
2013-01-15 02:00:00,-1.5349629894982677
2013-01-15 03:00:00,0.0
2013-01-15 04:00:00,0.0
2013-01-15 05:00:00,-1.5091996756437396
2013-01-15 06:00:00,-1.5504209778109819
2013-01-15 07:00:00,0.0
2013-01-15 08:00:00,0.0
2013-01-15 09:00:00,0.0
2013-01-15 10:00:00,0.10987002022994147
2013-01-15 11:00:00,0.0
2013-01-15 12:00:00,0.8294393761867905
2013-01-15 13:00:00,0.0
2013-01-15 14:00:00,0.0
2013-01-15 15:00:00,0.5074494796329555
2013-01-15 16:00:00,0.5039456689487376
2013-01-15 17:00:00,0.5658806754550159
2013-01-15 18:00:00,0.736433813171959
2013-01-15 19:00:00,0.0
2013-01-15 20:00:00,0.6848041322074938
2013-01-15 21:00:00,0.0
2013-01-15 22:00:00,0.40568438990758315
2013-01-15 23:00:00,-0.7305808043323274
2013-01-16 00:00:00,-1.3699747275738905
2013-01-16 01:00:00,0.0
2013-01-16 02:00:00,-1.4164002191397456
2013-01-16 03:00:00,-1.488589024560122
2013-01-16 04:00:00,0.0
2013-01-16 05:00:00,-1.4782836990183115
2013-01-16 06:00:00,0.0
2013-01-16 07:00:00,-0.483046884818064
2013-01-16 08:00:00,0.0
2013-01-16 09:00:00,0.0
2013-01-16 10:00:00,0.0
2013-01-16 11:00:00,0.0
2013-01-16 12:00:00,0.6072050308776704
2013-01-16 13:00:00,0.0
2013-01-16 14:00:00,0.0
2013-01-16 15:00:00,0.7725539791959997
2013-01-16 16:00:00,0.0
2013-01-16 17:00:00,0.0
2013-01-16 18:00:00,0.850050027270408
2013-01-16 19:00:00,0.7725539791959997
2013-01-16 20:00:00,0.0
2013-01-16 21:00:00,0.0
2013-01-16 22:00:00,0.4247492421599312
2013-01-16 23:00:00,0.0
2013-01-17 00:00:00,0.0
2013-01-17 01:00:00,-1.5040470128728396
2013-01-17 02:00:00,-1.467978373476501
2013-01-17 03:00:00,-1.5555736405818819
2013-01-17 04:00:00,-1.5555736405818819
2013-01-17 05:00:00,0.0
2013-01-17 06:00:00,-1.3132954370939445
2013-01-17 07:00:00,0.0
2013-01-17 08:00:00,-0.48830260084438964
2013-01-17 09:00:00,-0.3592799250609321
2013-01-17 10:00:00,0.0
2013-01-17 11:00:00,0.0
2013-01-17 12:00:00,0.5917985691926653
2013-01-17 13:00:00,0.0
2013-01-17 14:00:00,0.6279187352167067
2013-01-17 15:00:00,0.0
2013-01-17 16:00:00,0.0
2013-01-17 17:00:00,0.7054147832911121
2013-01-17 18:00:00,0.9793303361924098
2013-01-17 19:00:00,0.0
2013-01-17 20:00:00,0.8397447017286012
2013-01-17 21:00:00,0.0
2013-01-17 22:00:00,0.0
2013-01-17 23:00:00,0.0
2013-01-18 00:00:00,-1.3648735914306998
2013-01-18 01:00:00,0.0
2013-01-18 02:00:00,-1.4473677223928831
2013-01-18 03:00:00,0.0
2013-01-18 04:00:00,-1.524657663956454
2013-01-18 05:00:00,-1.488589024560122
2013-01-18 06:00:00,0.0
2013-01-18 07:00:00,0.0
2013-01-18 08:00:00,0.0
2013-01-18 09:00:00,0.0
2013-01-18 10:00:00,0.34204900468690996
2013-01-18 11:00:00,0.0
2013-01-18 12:00:00,0.6795999428088775
2013-01-18 13:00:00,0.6743957534102711
2013-01-18 14:00:00,0.6847526055797851
2013-01-18 15:00:00,0.5297605094309683
2013-01-18 16:00:00,0.7622486536541928
2013-01-18 17:00:00,0.8345920389576943
2013-01-18 18:00:00,0.0
2013-01-18 19:00:00,0.0
2013-01-18 20:00:00,0.0
2013-01-18 21:00:00,0.8811205837789682
2013-01-18 22:00:00,0.0
2013-01-18 23:00:00,-0.5810505307206743
2013-01-19 00:00:00,-1.241106631673568
2013-01-19 01:00:00,-1.297785922153521
2013-01-19 02:00:00,0.0
2013-01-19 03:00:00,0.0
2013-01-19 04:00:00,0.0
2013-01-19 05:00:00,-1.3339060881775622
2013-01-19 06:00:00,-1.2359539689026646
2013-01-19 07:00:00,0.0
2013-01-19 08:00:00,-0.5809990040929613
2013-01-19 09:00:00,0.0
2013-01-19 10:00:00,0.4488637039277669
2013-01-19 11:00:00,0.6795484161811712
2013-01-19 12:00:00,0.7674013164250966
2013-01-19 13:00:00,0.0
2013-01-19 14:00:00,0.7777581685946128
2013-01-19 15:00:00,0.6434282501571306
2013-01-19 16:00:00,0.5245563200323551
2013-01-19 17:00:00,0.5555753499132021
2013-01-19 18:00:00,0.855254216669025
2013-01-19 19:00:00,0.0
2013-01-19 20:00:00,0.0
2013-01-19 21:00:00,0.0
2013-01-19 22:00:00,0.46262131352608304
2013-01-19 23:00:00,-0.7099701532487062
2013-01-20 00:00:00,-1.3545167392611797
2013-01-20 01:00:00,0.0
2013-01-20 02:00:00,-1.5452683150400748
2013-01-20 03:00:00,-1.5401671788968787
2013-01-20 04:00:00,-1.5761842916655031
2013-01-20 05:00:00,-1.5813884810641174
2013-01-20 06:00:00,0.0
2013-01-20 07:00:00,0.0
2013-01-20 08:00:00,0.0
2013-01-20 09:00:00,0.0
2013-01-20 10:00:00,0.21137747681676686
2013-01-20 11:00:00,0.0
2013-01-20 12:00:00,0.0
2013-01-20 13:00:00,0.726076961002442
2013-01-20 14:00:00,0.0
2013-01-20 15:00:00,0.0
2013-01-20 16:00:00,0.0
2013-01-20 17:00:00,0.5762375276245328
2013-01-20 18:00:00,0.0
2013-01-20 19:00:00,0.6072050308776704
2013-01-20 20:00:00,0.5917985691926623
2013-01-20 21:00:00,0.6279187352167097
2013-01-20 22:00:00,0.4057359165352925
2013-01-20 23:00:00,0.0
2013-01-21 00:00:00,-1.4628257107055973
2013-01-21 01:00:00,-1.4782836990183117
2013-01-21 02:00:00,-1.591642279978217
2013-01-21 03:00:00,-1.5710316288945962
2013-01-21 04:00:00,-1.6432719609426811
2013-01-21 05:00:00,-1.6277624460022564
2013-01-21 06:00:00,0.0
2013-01-21 07:00:00,-0.5088617253002947
2013-01-21 08:00:00,0.0
2013-01-21 09:00:00,0.11888718007902618
2013-01-21 10:00:00,0.18721148842122476
2013-01-21 11:00:00,0.0
2013-01-21 12:00:00,0.5349131722018752
2013-01-21 13:00:00,0.4041385910763133
2013-01-21 14:00:00,0.37131612922564916
2013-01-21 15:00:00,0.0
2013-01-21 16:00:00,0.3626596557705275
2013-01-21 17:00:00,0.36616346645474573
2013-01-21 18:00:00,0.4935888167792206
2013-01-21 19:00:00,0.0
2013-01-21 20:00:00,0.5504226871422983
2013-01-21 21:00:00,0.0
2013-01-21 22:00:00,0.3369478685437125
2013-01-21 23:00:00,-0.5089132519280041
2013-01-22 00:00:00,0.0
2013-01-22 01:00:00,0.0
2013-01-22 02:00:00,-1.385484242514321
2013-01-22 03:00:00,0.0
2013-01-22 04:00:00,-1.3802285264879948
2013-01-22 05:00:00,-1.5762358182932128
2013-01-22 06:00:00,-1.215291791191334
2013-01-22 07:00:00,-0.3541787889177381
2013-01-22 08:00:00,0.0
2013-01-22 09:00:00,-0.0877861236619645
2013-01-22 10:00:00,0.25445373758152884
2013-01-22 11:00:00,0.0
2013-01-22 12:00:00,0.43160228364523606
2013-01-22 13:00:00,0.4936403434069269
2013-01-22 14:00:00,0.0
2013-01-22 15:00:00,0.0
2013-01-22 16:00:00,0.0
2013-01-22 17:00:00,0.5228559413179575
2013-01-22 18:00:00,0.7416380025705752
2013-01-22 19:00:00,0.586594379794049
2013-01-22 20:00:00,0.5814417170231453
2013-01-22 21:00:00,0.47287511244018127
2013-01-22 22:00:00,0.23714079067128818
2013-01-22 23:00:00,-0.9214354333666379
2013-01-23 00:00:00,-1.483436361789215
2013-01-23 01:00:00,0.0
2013-01-23 02:00:00,0.0
2013-01-23 03:00:00,-1.5658789661236925
2013-01-23 04:00:00,0.0
2013-01-23 05:00:00,-1.6019476055200244
2013-01-23 06:00:00,0.0
2013-01-23 07:00:00,0.0
2013-01-23 08:00:00,0.0
2013-01-23 09:00:00,-0.22865992381849876
2013-01-23 10:00:00,0.0
2013-01-23 11:00:00,0.9585651052256634
2013-01-23 12:00:00,0.0
2013-01-23 13:00:00,0.0
2013-01-23 14:00:00,0.6382240607585143
2013-01-23 15:00:00,0.6021038947344729
2013-01-23 16:00:00,0.6485809129280306
2013-01-23 17:00:00,0.0
2013-01-23 18:00:00,0.7984203463059436
2013-01-23 19:00:00,0.0
2013-01-23 20:00:00,0.0
2013-01-23 21:00:00,0.0
2013-01-23 22:00:00,0.0
2013-01-23 23:00:00,-0.6171706967447156
2013-01-24 00:00:00,0.0
2013-01-24 01:00:00,-1.36482206480299
2013-01-24 02:00:00,0.0
2013-01-24 03:00:00,0.0
2013-01-24 04:00:00,0.0
2013-01-24 05:00:00,-1.4473677223928867
2013-01-24 06:00:00,-1.4009422308270316
2013-01-24 07:00:00,-0.43667291987992174
2013-01-24 08:00:00,0.0
2013-01-24 09:00:00,-0.3009002558665846
2013-01-24 10:00:00,0.18396531087555384
2013-01-24 11:00:00,0.0
2013-01-24 12:00:00,0.0
2013-01-24 13:00:00,0.0
2013-01-24 14:00:00,0.5038941423210244
2013-01-24 15:00:00,0.48843615400831375
2013-01-24 16:00:00,0.5452700243713953
2013-01-24 17:00:00,0.0
2013-01-24 18:00:00,0.6899567949783976
2013-01-24 19:00:00,0.0
2013-01-24 20:00:00,0.0
2013-01-24 21:00:00,0.586594379794049
2013-01-24 22:00:00,0.0
2013-01-24 23:00:00,0.0
2013-01-25 00:00:00,-1.4215528819106493
2013-01-25 01:00:00,0.0
2013-01-25 02:00:00,-1.5401156522691712
2013-01-25 03:00:00,0.0
2013-01-25 04:00:00,0.0
2013-01-25 05:00:00,0.0
2013-01-25 06:00:00,-1.4731310362474113
2013-01-25 07:00:00,0.0
2013-01-25 08:00:00,-0.6790541766232783
2013-01-25 09:00:00,-0.02564501064484798
2013-01-25 10:00:00,0.4298503783031283
2013-01-25 11:00:00,0.0
2013-01-25 12:00:00,0.0
2013-01-25 13:00:00,0.0
2013-01-25 14:00:00,0.0
2013-01-25 15:00:00,0.6124092202762836
2013-01-25 16:00:00,0.7312811504010552
2013-01-25 17:00:00,0.6228175990735092
2013-01-25 18:00:00,0.7777066419669065
2013-01-25 19:00:00,0.932801791371142
2013-01-25 20:00:00,0.0
2013-01-25 21:00:00,0.6847526055797882
2013-01-25 22:00:00,0.571084864853626
2013-01-25 23:00:00,0.0
2013-01-26 00:00:00,-1.2823279338408033
2013-01-26 01:00:00,0.0
2013-01-26 02:00:00,-1.3802800531157011
2013-01-26 03:00:00,-1.369974727573894
2013-01-26 04:00:00,0.0
2013-01-26 05:00:00,0.0
2013-01-26 06:00:00,-1.153459837940481
2013-01-26 07:00:00,-0.6996648277069023
2013-01-26 08:00:00,0.0
2013-01-26 09:00:00,-0.18223443225264366
2013-01-26 10:00:00,0.4246977155322214
2013-01-26 11:00:00,0.7570959908832859
2013-01-26 12:00:00,0.7622486536541928
2013-01-26 13:00:00,0.5452184977436858
2013-01-26 14:00:00,0.0
2013-01-26 15:00:00,0.0
2013-01-26 16:00:00,0.0
2013-01-26 17:00:00,0.5245047934046457
2013-01-26 18:00:00,0.9483113063115659
2013-01-26 19:00:00,0.0
2013-01-26 20:00:00,0.7777581685946167
2013-01-26 21:00:00,0.0
2013-01-26 22:00:00,0.4418560825593339
2013-01-26 23:00:00,0.0
2013-01-27 00:00:00,-1.3339060881775622
2013-01-27 01:00:00,0.0
2013-01-27 02:00:00,-1.4988943501019325
2013-01-27 03:00:00,-1.447316195765174
2013-01-27 04:00:00,0.0
2013-01-27 05:00:00,-1.5040470128728363
2013-01-27 06:00:00,0.0
2013-01-27 07:00:00,0.0
2013-01-27 08:00:00,0.0
2013-01-27 09:00:00,-0.04285490429967329
2013-01-27 10:00:00,0.15114284902488628
2013-01-27 11:00:00,0.0
2013-01-27 12:00:00,0.0
2013-01-27 13:00:00,0.7984203463059405
2013-01-27 14:00:00,0.8811205837789682
2013-01-27 15:00:00,0.0
2013-01-27 16:00:00,0.8139298612463667
2013-01-27 17:00:00,0.8191340506449799
2013-01-27 18:00:00,0.8449488911272144
2013-01-27 19:00:00,0.0
2013-01-27 20:00:00,0.6331229246153192
2013-01-27 21:00:00,0.0
2013-01-27 22:00:00,0.4160412420771032
2013-01-27 23:00:00,0.0
2013-01-28 00:00:00,0.0
2013-01-28 01:00:00,0.0
2013-01-28 02:00:00,0.0
2013-01-28 03:00:00,-1.5504209778109785
2013-01-28 04:00:00,0.0
2013-01-28 05:00:00,0.0
2013-01-28 06:00:00,0.0
2013-01-28 07:00:00,-0.44697824542173203
2013-01-28 08:00:00,-0.6790541766232814
2013-01-28 09:00:00,0.01562781815009683
2013-01-28 10:00:00,0.5607280126841059
2013-01-28 11:00:00,0.7312296237733489
2013-01-28 12:00:00,0.8966300987193883
2013-01-28 13:00:00,0.8138783346186572
2013-01-28 14:00:00,0.0
2013-01-28 15:00:00,0.0
2013-01-28 16:00:00,0.45056408264216496
2013-01-28 17:00:00,0.5401173616004914
2013-01-28 18:00:00,0.0
2013-01-28 19:00:00,0.0
2013-01-28 20:00:00,0.6951094577493013
2013-01-28 21:00:00,0.5504226871422983
2013-01-28 22:00:00,0.35925889834172803
2013-01-28 23:00:00,0.0
2013-01-29 00:00:00,-1.4731310362474113
2013-01-29 01:00:00,-1.5195050011855502
2013-01-29 02:00:00,-1.5710831555223046
2013-01-29 03:00:00,-1.5658789661236925
2013-01-29 04:00:00,-1.5607263033527856
2013-01-29 05:00:00,0.0
2013-01-29 06:00:00,-1.5143523384146467
2013-01-29 07:00:00,-0.5088617253002978
2013-01-29 08:00:00,-0.5191670508421085
2013-01-29 09:00:00,-0.1891905269933677
2013-01-29 10:00:00,0.33019788031382946
2013-01-29 11:00:00,0.576237527624529
2013-01-29 12:00:00,0.5400658349727852
2013-01-29 13:00:00,0.5607795393118183
2013-01-29 14:00:00,0.5865943797940498
2013-01-29 15:00:00,0.4040355378208945
2013-01-29 16:00:00,0.46777397629698686
2013-01-29 17:00:00,0.5160028998326553
2013-01-29 18:00:00,0.0
2013-01-29 19:00:00,0.7312296237733458
2013-01-29 20:00:00,0.0
2013-01-29 21:00:00,0.602103894734476
2013-01-29 22:00:00,0.3317436791450993
2013-01-29 23:00:00,0.0
2013-01-30 00:00:00,-1.3751789169725102
2013-01-30 01:00:00,-1.524657663956454
2013-01-30 02:00:00,0.0
2013-01-30 03:00:00,0.0
2013-01-30 04:00:00,-1.550472504438687
2013-01-30 05:00:00,-1.5298618533550692
2013-01-30 06:00:00,0.0
2013-01-30 07:00:00,-0.47279308590396274
2013-01-30 08:00:00,-0.5346765657825285
2013-01-30 09:00:00,-0.19769242056536118
2013-01-30 10:00:00,0.12707991388476333
2013-01-30 11:00:00,0.0
2013-01-30 12:00:00,0.0
2013-01-30 13:00:00,0.0
2013-01-30 14:00:00,0.28526666095153785
2013-01-30 15:00:00,0.0
2013-01-30 16:00:00,0.514199467862842
2013-01-30 17:00:00,0.5038941423210275
2013-01-30 18:00:00,0.7932676835350367
2013-01-30 19:00:00,0.7209242982315383
2013-01-30 20:00:00,0.8191340506449768
2013-01-30 21:00:00,0.7416380025705752
2013-01-30 22:00:00,0.0
2013-01-30 23:00:00,-0.5914073828901908
2013-01-31 00:00:00,-1.2874805966117102
2013-01-31 01:00:00,-1.369974727573894
2013-01-31 02:00:00,-1.36482206480299
2013-01-31 03:00:00,-1.380331579743414
2013-01-31 04:00:00,0.0
2013-01-31 05:00:00,-1.369974727573894
2013-01-31 06:00:00,-1.3131923838385255
2013-01-31 07:00:00,-0.4676404231330589
2013-01-31 08:00:00,0.0
2013-01-31 09:00:00,0.0
2013-01-31 10:00:00,0.04803806697908547
2013-01-31 11:00:00,0.0
2013-01-31 12:00:00,0.736433813171959
2013-01-31 13:00:00,0.0
2013-01-31 14:00:00,0.6021038947344729
2013-01-31 15:00:00,0.529708982803262
2013-01-31 16:00:00,0.4557167454130722
2013-01-31 17:00:00,0.0
2013-01-31 18:00:00,0.0
2013-01-31 19:00:00,0.891425909320772
2013-01-31 20:00:00,0.9379544541420459
2013-01-31 21:00:00,0.0
2013-01-31 22:00:00,0.5452700243713945
2013-01-31 23:00:00,-0.5965085190333886
2013-02-01 00:00:00,-1.3545167392611799
2013-02-01 01:00:00,0.0
2013-02-01 02:00:00,-1.421604408538362
2013-02-01 03:00:00,-1.4370623968510763
2013-02-01 04:00:00,0.0
2013-02-01 05:00:00,0.0
2013-02-01 06:00:00,0.0
2013-02-01 07:00:00,0.0
2013-02-01 08:00:00,-0.5192185774698144
2013-02-01 09:00:00,0.0
2013-02-01 10:00:00,0.2560510630405111
2013-02-01 11:00:00,0.0
2013-02-01 12:00:00,0.5349131722018783
2013-02-01 13:00:00,0.5246078466600675
2013-02-01 14:00:00,0.3575069929996237
2013-02-01 15:00:00,0.4815315858953029
2013-02-01 16:00:00,0.0
2013-02-01 17:00:00,0.0
2013-02-01 18:00:00,0.0
2013-02-01 19:00:00,0.0
2013-02-01 20:00:00,0.0
2013-02-01 21:00:00,0.6951094577493013
2013-02-01 22:00:00,0.4419076091870433
2013-02-01 23:00:00,-0.6738499872246652
2013-02-02 00:00:00,-1.4318582074524633
2013-02-02 01:00:00,-1.447316195765174
2013-02-02 02:00:00,0.0
2013-02-02 03:00:00,-1.488589024560122
2013-02-02 04:00:00,0.0
2013-02-02 05:00:00,-1.5040470128728394
2013-02-02 06:00:00,0.0
2013-02-02 07:00:00,-0.3439249900036372
2013-02-02 08:00:00,-0.6274760222865262
2013-02-02 09:00:00,0.0
2013-02-02 10:00:00,0.0
2013-02-02 11:00:00,0.84500041775492
2013-02-02 12:00:00,0.5090468050919312
2013-02-02 13:00:00,0.0
2013-02-02 14:00:00,0.47287511244018127
2013-02-02 15:00:00,0.3936786856513744
2013-02-02 16:00:00,0.0
2013-02-02 17:00:00,0.4729266390678937
2013-02-02 18:00:00,0.6382755873862268
2013-02-02 19:00:00,0.891425909320772
2013-02-02 20:00:00,0.9328017913711352
2013-02-02 21:00:00,0.6692430906393613
2013-02-02 22:00:00,0.5039456689487376
2013-02-02 23:00:00,0.0
2013-02-03 00:00:00,-1.3751789169725102
2013-02-03 01:00:00,-1.4422150596219798
2013-02-03 02:00:00,0.0
2013-02-03 03:00:00,-1.4937932139587364
2013-02-03 04:00:00,0.0
2013-02-03 05:00:00,0.0
2013-02-03 06:00:00,-1.4937416873310254
2013-02-03 07:00:00,-0.47279308590396274
2013-02-03 08:00:00,0.0
2013-02-03 09:00:00,-0.15647111839812233
2013-02-03 10:00:00,0.29397466103437275
2013-02-03 11:00:00,0.7054147832911121
2013-02-03 12:00:00,0.4144439166181205
2013-02-03 13:00:00,0.4299019049308415
2013-02-03 14:00:00,0.3110299748060626
2013-02-03 15:00:00,0.0
2013-02-03 16:00:00,0.0
2013-02-03 17:00:00,0.0
2013-02-03 18:00:00,0.6227660724457998
2013-02-03 19:00:00,0.0
2013-02-03 20:00:00,0.7415864759428621
2013-02-03 21:00:00,0.5917470425649529
2013-02-03 22:00:00,0.46777397629698686
2013-02-03 23:00:00,0.0
2013-02-04 00:00:00,-1.4936901607033162
2013-02-04 01:00:00,-1.5298618533550725
2013-02-04 02:00:00,-1.58133695443641
2013-02-04 03:00:00,0.0
2013-02-04 04:00:00,-1.591642279978217
2013-02-04 05:00:00,-1.560726303352789
2013-02-04 06:00:00,-1.524657663956457
2013-02-04 07:00:00,-0.570745205178864
2013-02-04 08:00:00,0.0
2013-02-04 09:00:00,-0.2098527047046984
2013-02-04 10:00:00,0.2165301395876741
2013-02-04 11:00:00,0.5245563200323582
2013-02-04 12:00:00,0.0
2013-02-04 13:00:00,0.31978950151660346
2013-02-04 14:00:00,0.0
2013-02-04 15:00:00,0.29902427054985775
2013-02-04 16:00:00,0.0
2013-02-04 17:00:00,0.2784651460939458
2013-02-04 18:00:00,0.5917470425649529
2013-02-04 19:00:00,0.0
2013-02-04 20:00:00,0.0
2013-02-04 21:00:00,0.7570959908832889
2013-02-04 22:00:00,0.0
2013-02-04 23:00:00,-0.6326286850574262
2013-02-05 00:00:00,0.0
2013-02-05 01:00:00,-1.4834363617892186
2013-02-05 02:00:00,-1.5040470128728363
2013-02-05 03:00:00,0.0
2013-02-05 04:00:00,0.0
2013-02-05 05:00:00,-1.5710316288945962
2013-02-05 06:00:00,-1.4834363617892186
2013-02-05 07:00:00,-0.49860792638619345
2013-02-05 08:00:00,-0.5811020573483836
2013-02-05 09:00:00,-0.36963677723045213
2013-02-05 10:00:00,0.0
2013-02-05 11:00:00,0.5039456689487376
2013-02-05 12:00:00,0.3265910163741955
2013-02-05 13:00:00,0.3937817389067971
2013-02-05 14:00:00,0.2630071577812352
2013-02-05 15:00:00,0.21998242364417608
2013-02-05 16:00:00,0.2319881279003882
2013-02-05 17:00:00,0.0
2013-02-05 18:00:00,0.0
2013-02-05 19:00:00,0.6589377650975544
2013-02-05 20:00:00,0.6795999428088775
2013-02-05 21:00:00,0.5762890542522384
2013-02-05 22:00:00,0.3214383536032921
2013-02-05 23:00:00,-0.6790026499955719
2013-02-06 00:00:00,-1.4060948935979352
2013-02-06 01:00:00,-1.447316195765174
2013-02-06 02:00:00,-1.5298103267273608
2013-02-06 03:00:00,-1.5556251672095893
2013-02-06 04:00:00,-1.6019476055200277
2013-02-06 05:00:00,0.0
2013-02-06 06:00:00,0.0
2013-02-06 07:00:00,-0.5604914062647592
2013-02-06 08:00:00,0.0
2013-02-06 09:00:00,-0.269932752613447
2013-02-06 10:00:00,0.0
2013-02-06 11:00:00,0.5968997053358628
2013-02-06 12:00:00,0.0
2013-02-06 13:00:00,0.2560510630405111
2013-02-06 14:00:00,0.17865806822151845
2013-02-06 15:00:00,0.0
2013-02-06 16:00:00,0.0
2013-02-06 17:00:00,0.0
2013-02-06 18:00:00,0.0
2013-02-06 19:00:00,0.0
2013-02-06 20:00:00,0.0
2013-02-06 21:00:00,0.6279187352167067
2013-02-06 22:00:00,0.0
2013-02-06 23:00:00,0.0
2013-02-07 00:00:00,-1.3854327158866047
2013-02-07 01:00:00,0.0
2013-02-07 02:00:00,0.0
2013-02-07 03:00:00,-1.4834363617892186
2013-02-07 04:00:00,-1.5349629894982644
2013-02-07 05:00:00,0.0
2013-02-07 06:00:00,-1.4782836990183115
2013-02-07 07:00:00,-0.622323359515619
2013-02-07 08:00:00,0.0
2013-02-07 09:00:00,0.0
2013-02-07 10:00:00,0.037681214809568465
2013-02-07 11:00:00,0.0
2013-02-07 12:00:00,0.35585814091293505
2013-02-07 13:00:00,0.0
2013-02-07 14:00:00,0.0
2013-02-07 15:00:00,0.3662149930824517
2013-02-07 16:00:00,0.0
2013-02-07 17:00:00,0.27836209283852703
2013-02-07 18:00:00,0.0
2013-02-07 19:00:00,0.6485809129280374
2013-02-07 20:00:00,0.6692946172670737
2013-02-07 21:00:00,0.6227660724458028
2013-02-07 22:00:00,0.36786384516914067
2013-02-07 23:00:00,0.0
2013-02-08 00:00:00,-1.2152917911913372
2013-02-08 01:00:00,-1.406043366970229
2013-02-08 02:00:00,-1.380331579743414
2013-02-08 03:00:00,-1.4216044085383586
2013-02-08 04:00:00,0.0
2013-02-08 05:00:00,-1.5658789661236925
2013-02-08 06:00:00,0.0
2013-02-08 07:00:00,-0.42121493156720763
2013-02-08 08:00:00,0.0
2013-02-08 09:00:00,-0.1718775800831274
2013-02-08 10:00:00,0.15809894376561032
2013-02-08 11:00:00,0.5348616455741688
2013-02-08 12:00:00,0.0
2013-02-08 13:00:00,0.4728751124401843
2013-02-08 14:00:00,0.3352990164570235
2013-02-08 15:00:00,0.2526503056117151
2013-02-08 16:00:00,0.429953431558544
2013-02-08 17:00:00,0.5952508532491677
2013-02-08 18:00:00,0.0
2013-02-08 19:00:00,0.6382755873862229
2013-02-08 20:00:00,0.0
2013-02-08 21:00:00,0.5916955159372466
2013-02-08 22:00:00,0.0
2013-02-08 23:00:00,-0.6841553127664758
2013-02-09 00:00:00,0.0
2013-02-09 01:00:00,0.0
2013-02-09 02:00:00,0.0
2013-02-09 03:00:00,-1.5297588000996514
2013-02-09 04:00:00,-1.5813369544364066
2013-02-09 05:00:00,-1.5658789661236925
2013-02-09 06:00:00,-1.3442114137193726
2013-02-09 07:00:00,-0.4985563997584875
2013-02-09 08:00:00,-0.6532393361410472
2013-02-09 09:00:00,-0.16857987590975015
2013-02-09 10:00:00,0.09956469468813117
2013-02-09 11:00:00,0.49874147955012443
2013-02-09 12:00:00,0.0
2013-02-09 13:00:00,0.5142509944905476
2013-02-09 14:00:00,0.4419076091870433
2013-02-09 15:00:00,0.0
2013-02-09 16:00:00,0.5780409595943492
2013-02-09 17:00:00,0.0
2013-02-09 18:00:00,0.0
2013-02-09 19:00:00,0.9585651052256604
2013-02-09 20:00:00,0.7519433281123821
2013-02-09 21:00:00,0.6228175990735123
2013-02-09 22:00:00,0.4418560825593335
2013-02-09 23:00:00,-0.7460387926450416
2013-02-10 00:00:00,0.0
2013-02-10 01:00:00,0.0
2013-02-10 02:00:00,-1.5143523384146467
2013-02-10 03:00:00,-1.550472504438687
2013-02-10 04:00:00,-1.5813884810641174
2013-02-10 05:00:00,-1.5349629894982644
2013-02-10 06:00:00,-1.4937416873310254
2013-02-10 07:00:00,-0.5449303646966298
2013-02-10 08:00:00,0.0
2013-02-10 09:00:00,-0.05156290438250435
2013-02-10 10:00:00,0.34720166745781683
2013-02-10 11:00:00,0.0
2013-02-10 12:00:00,0.8139298612463667
2013-02-10 13:00:00,0.7726055058237128
2013-02-10 14:00:00,0.0
2013-02-10 15:00:00,0.0
2013-02-10 16:00:00,0.0
2013-02-10 17:00:00,0.0
2013-02-10 18:00:00,0.45741712412746677
2013-02-10 19:00:00,0.5969512319635691
2013-02-10 20:00:00,0.0
2013-02-10 21:00:00,0.0
2013-02-10 22:00:00,0.0
2013-02-10 23:00:00,-0.7667009703563684
2013-02-11 00:00:00,-1.5195050011855535
2013-02-11 01:00:00,0.0
2013-02-11 02:00:00,-1.6019476055200277
2013-02-11 03:00:00,-1.5452683150400748
2013-02-11 04:00:00,-1.6019991321477374
2013-02-11 05:00:00,0.0
2013-02-11 06:00:00,0.0
2013-02-11 07:00:00,0.0
2013-02-11 08:00:00,-0.3627837357451473
2013-02-11 09:00:00,-0.4264191209658239
2013-02-11 10:00:00,0.1116219255720523
2013-02-11 11:00:00,0.0
2013-02-11 12:00:00,0.0
2013-02-11 13:00:00,0.6072565575053798
2013-02-11 14:00:00,0.0
2013-02-11 15:00:00,0.39378173890679324
2013-02-11 16:00:00,0.414392389990418
2013-02-11 17:00:00,0.0
2013-02-11 18:00:00,0.0
2013-02-11 19:00:00,0.8656110688385382
2013-02-11 20:00:00,0.0
2013-02-11 21:00:00,0.5762890542522384
2013-02-11 22:00:00,0.0
2013-02-11 23:00:00,0.0
2013-02-12 00:00:00,0.0
2013-02-12 01:00:00,-1.5916938066059245
2013-02-12 02:00:00,-1.5813884810641141
2013-02-12 03:00:00,-1.6226613098590648
2013-02-12 04:00:00,0.0
2013-02-12 05:00:00,-1.622609783231357
2013-02-12 06:00:00,-1.5761842916654998
2013-02-12 07:00:00,-0.6481381999978497
2013-02-12 08:00:00,0.0
2013-02-12 09:00:00,0.0
2013-02-12 10:00:00,0.0
2013-02-12 11:00:00,0.0
2013-02-12 12:00:00,0.0
2013-02-12 13:00:00,0.42469771553222485
2013-02-12 14:00:00,0.4316022836452326
2013-02-12 15:00:00,0.0
2013-02-12 16:00:00,0.4832834912374107
2013-02-12 17:00:00,0.560728012684109
2013-02-12 18:00:00,0.0
2013-02-12 19:00:00,0.0
2013-02-12 20:00:00,0.0
2013-02-12 21:00:00,0.7002105938924988
2013-02-12 22:00:00,0.0
2013-02-12 23:00:00,0.0
2013-02-13 00:00:00,-1.4060948935979385
2013-02-13 01:00:00,0.0
2013-02-13 02:00:00,-1.5091996756437396
2013-02-13 03:00:00,-1.5143523384146467
2013-02-13 04:00:00,-1.5555736405818854
2013-02-13 05:00:00,0.0
2013-02-13 06:00:00,0.0
2013-02-13 07:00:00,-0.4985048731307747
2013-02-13 08:00:00,-0.5346765657825285
2013-02-13 09:00:00,0.0
2013-02-13 10:00:00,0.0
2013-02-13 11:00:00,0.0
2013-02-13 12:00:00,0.38342488673727315
2013-02-13 13:00:00,0.0
2013-02-13 14:00:00,1.2066142910170143
2013-02-13 15:00:00,0.6366782619272441
2013-02-13 16:00:00,0.34555281537112476
2013-02-13 17:00:00,0.0
2013-02-13 18:00:00,0.4574171241274698
2013-02-13 19:00:00,0.6124092202762829
2013-02-13 20:00:00,0.6692946172670706
2013-02-13 21:00:00,0.4987930061778338
2013-02-13 22:00:00,0.3421005313146224
2013-02-13 23:00:00,-0.7976169469817996
2013-02-14 00:00:00,-1.3648220648029903
2013-02-14 01:00:00,-1.524657663956457
2013-02-14 02:00:00,-1.5710831555223068
2013-02-14 03:00:00,-1.5658789661236925
2013-02-14 04:00:00,-1.627813972629968
2013-02-14 05:00:00,-1.5813884810641163
2013-02-14 06:00:00,0.0
2013-02-14 07:00:00,-0.550134554095246
2013-02-14 08:00:00,-0.7357334671032308
2013-02-14 09:00:00,0.0
2013-02-14 10:00:00,0.0
2013-02-14 11:00:00,0.0
2013-02-14 12:00:00,0.3713676558533585
2013-02-14 13:00:00,0.2250835597873705
2013-02-14 14:00:00,0.0
2013-02-14 15:00:00,0.3317436791450993
2013-02-14 16:00:00,0.10471735745903804
2013-02-14 17:00:00,0.3731195611954663
2013-02-14 18:00:00,0.45566521878535976
2013-02-14 19:00:00,0.7364338131719552
2013-02-14 20:00:00,0.8191340506449768
2013-02-14 21:00:00,0.4728751124401843
2013-02-14 22:00:00,0.27841361946623644
2013-02-14 23:00:00,0.0
2013-02-15 00:00:00,-1.4318582074524633
2013-02-15 01:00:00,-1.488589024560122
2013-02-15 02:00:00,0.0
2013-02-15 03:00:00,0.0
2013-02-15 04:00:00,0.0
2013-02-15 05:00:00,0.0
2013-02-15 06:00:00,0.0
2013-02-15 07:00:00,-0.4985563997584875
2013-02-15 08:00:00,0.0
2013-02-15 09:00:00,0.0
2013-02-15 10:00:00,0.2835147556094339
2013-02-15 11:00:00,0.0
2013-02-15 12:00:00,0.37816917071095096
2013-02-15 13:00:00,0.21817899167436272
2013-02-15 14:00:00,0.2887704716357565
2013-02-15 15:00:00,0.2887189450080436
2013-02-15 16:00:00,0.0
2013-02-15 17:00:00,0.28356628223714025
2013-02-15 18:00:00,0.0
2013-02-15 19:00:00,0.7105674460620189
2013-02-15 20:00:00,0.7415864759428621
2013-02-15 21:00:00,0.5503711605145889
2013-02-15 22:00:00,0.4039840111931847
2013-02-15 23:00:00,0.0
2013-02-16 00:00:00,-1.7567335951580056
2013-02-16 01:00:00,0.0
2013-02-16 02:00:00,-1.5143523384146467
2013-02-16 03:00:00,0.0
2013-02-16 04:00:00,-1.5349629894982677
2013-02-16 05:00:00,-1.5298103267273608
2013-02-16 06:00:00,0.0
2013-02-16 07:00:00,0.0
2013-02-16 08:00:00,-0.3850947655431628
2013-02-16 09:00:00,-0.14616579285631548
2013-02-16 10:00:00,0.0
2013-02-16 11:00:00,0.6537335756989374
2013-02-16 12:00:00,0.7312811504010513
2013-02-16 13:00:00,0.0
2013-02-16 14:00:00,0.3610623303115517
2013-02-16 15:00:00,0.3782722239663701
2013-02-16 16:00:00,0.45056408264216496
2013-02-16 17:00:00,0.7570959908832859
2013-02-16 18:00:00,0.8036245357045598
2013-02-16 19:00:00,0.0
2013-02-16 20:00:00,0.8708152582371544
2013-02-16 21:00:00,0.8448973644995043
2013-02-16 22:00:00,0.5142509944905482
2013-02-16 23:00:00,0.0
2013-02-17 00:00:00,-1.36482206480299
2013-02-17 01:00:00,0.0
2013-02-17 02:00:00,-1.5040470128728327
2013-02-17 03:00:00,0.0
2013-02-17 04:00:00,0.0
2013-02-17 05:00:00,-1.5040470128728363
2013-02-17 06:00:00,0.0
2013-02-17 07:00:00,0.0
2013-02-17 08:00:00,0.0
2013-02-17 09:00:00,-0.22015803024650182
2013-02-17 10:00:00,0.0
2013-02-17 11:00:00,0.7054147832911121
2013-02-17 12:00:00,0.0
2013-02-17 13:00:00,0.0
2013-02-17 14:00:00,0.5141994678628381
2013-02-17 15:00:00,0.519352130633742
2013-02-17 16:00:00,0.0
2013-02-17 17:00:00,0.0
2013-02-17 18:00:00,0.7674013164250966
2013-02-17 19:00:00,0.0
2013-02-17 20:00:00,0.0
2013-02-17 21:00:00,0.0
2013-02-17 22:00:00,0.47807930183879677
2013-02-17 23:00:00,-0.6223233595156225
2013-02-18 00:00:00,-1.3803315797434172
2013-02-18 01:00:00,0.0
2013-02-18 02:00:00,0.0
2013-02-18 03:00:00,0.0
2013-02-18 04:00:00,0.0
2013-02-18 05:00:00,-1.493741687331029
2013-02-18 06:00:00,-1.4679783734765044
2013-02-18 07:00:00,0.0
2013-02-18 08:00:00,-0.586203193491578
2013-02-18 09:00:00,0.0
2013-02-18 10:00:00,0.08925936914632394
2013-02-18 11:00:00,0.0
2013-02-18 12:00:00,0.0
2013-02-18 13:00:00,0.3678638451691437
2013-02-18 14:00:00,0.3247875844043787
2013-02-18 15:00:00,0.0
2013-02-18 16:00:00,0.0
2013-02-18 17:00:00,0.5038941423210282
2013-02-18 18:00:00,0.596951231963566
2013-02-18 19:00:00,0.8087256718477511
2013-02-18 20:00:00,0.767452843052806
2013-02-18 21:00:00,0.0
2013-02-18 22:00:00,0.47287511244018127
2013-02-18 23:00:00,-0.7203270054182261
2013-02-19 00:00:00,-1.3751789169725102
2013-02-19 01:00:00,0.0
2013-02-19 02:00:00,-1.4988943501019325
2013-02-19 03:00:00,0.0
2013-02-19 04:00:00,-1.488589024560122
2013-02-19 05:00:00,-1.5401156522691677
2013-02-19 06:00:00,0.0
2013-02-19 07:00:00,0.0
2013-02-19 08:00:00,-0.4418771092785345
2013-02-19 09:00:00,-0.13580894068679542
2013-02-19 10:00:00,0.17690616287941446
2013-02-19 11:00:00,0.0
2013-02-19 12:00:00,0.5659837287104316
2013-02-19 13:00:00,0.5814417170231461
2013-02-19 14:00:00,0.46772244966927745
2013-02-19 15:00:00,0.44541141987126154
2013-02-19 16:00:00,0.0
2013-02-19 17:00:00,0.0
2013-02-19 18:00:00,0.0
2013-02-19 19:00:00,0.767452843052806
2013-02-19 20:00:00,0.6589377650975536
2013-02-19 21:00:00,0.5194551838891638
2013-02-19 22:00:00,0.4471117985856595
2013-02-19 23:00:00,0.0
2013-02-20 00:00:00,-1.4267055446815562
2013-02-20 01:00:00,0.0
2013-02-20 02:00:00,0.0
2013-02-20 03:00:00,-1.5091996756437396
2013-02-20 04:00:00,-1.5864896172073102
2013-02-20 05:00:00,0.0
2013-02-20 06:00:00,-1.4885374979324126
2013-02-20 07:00:00,-0.4883026008443866
2013-02-20 08:00:00,-0.6326286850574296
2013-02-20 09:00:00,0.0
2013-02-20 10:00:00,0.0
2013-02-20 11:00:00,0.4780793018387937
2013-02-20 12:00:00,0.4522129347288536
2013-02-20 13:00:00,0.5038941423210312
2013-02-20 14:00:00,0.3541062355708246
2013-02-20 15:00:00,0.46256978689837364
2013-02-20 16:00:00,0.5659322020827214
2013-02-20 17:00:00,0.5917470425649559
2013-02-20 18:00:00,0.7312296237733458
2013-02-20 19:00:00,0.9431071169129497
2013-02-20 20:00:00,0.751943328112386
2013-02-20 21:00:00,0.6433767235294242
2013-02-20 22:00:00,0.0
2013-02-20 23:00:00,-0.6790026499955686
2013-02-21 00:00:00,-1.3545167392611832
2013-02-21 01:00:00,-1.4421635329942701
2013-02-21 02:00:00,0.0
2013-02-21 03:00:00,0.0
2013-02-21 04:00:00,-1.5143523384146467
2013-02-21 05:00:00,-1.4731310362474046
2013-02-21 06:00:00,-1.4370108702233633
2013-02-21 07:00:00,0.0
2013-02-21 08:00:00,-0.5449818913243392
2013-02-21 09:00:00,0.0
2013-02-21 10:00:00,0.15985084910772115
2013-02-21 11:00:00,0.5556268765409115
2013-02-21 12:00:00,0.6795999428088814
2013-02-21 13:00:00,0.3247875844043787
2013-02-21 14:00:00,0.0
2013-02-21 15:00:00,0.3644115611126349
2013-02-21 16:00:00,0.0
2013-02-21 17:00:00,0.3833733601095638
2013-02-21 18:00:00,0.6330713979876105
2013-02-21 19:00:00,0.8191340506449799
2013-02-21 20:00:00,0.6537335756989374
2013-02-21 21:00:00,0.0
2013-02-21 22:00:00,0.0
2013-02-21 23:00:00,-0.5500830274675336
2013-02-22 00:00:00,-1.246207767816762
2013-02-22 01:00:00,0.0
2013-02-22 02:00:00,0.0
2013-02-22 03:00:00,-1.4009422308270316
2013-02-22 04:00:00,-1.416451745767455
2013-02-22 05:00:00,0.0
2013-02-22 06:00:00,0.0
2013-02-22 07:00:00,0.0
2013-02-22 08:00:00,-0.36453564108725467
2013-02-22 09:00:00,-0.13075933117131078
2013-02-22 10:00:00,0.3265394897464861
2013-02-22 11:00:00,0.6021038947344729
2013-02-22 12:00:00,0.0
2013-02-22 13:00:00,0.37822069733866037
2013-02-22 14:00:00,0.35766157288275224
2013-02-22 15:00:00,0.40568438990758315
2013-02-22 16:00:00,0.0
2013-02-22 17:00:00,0.6795999428088814
2013-02-22 18:00:00,0.0
2013-02-22 19:00:00,0.8191340506449799
2013-02-22 20:00:00,0.0
2013-02-22 21:00:00,0.617613409674896
2013-02-22 22:00:00,0.0
2013-02-22 23:00:00,0.0
2013-02-23 00:00:00,-1.3132954370939445
2013-02-23 01:00:00,0.0
2013-02-23 02:00:00,-1.4834363617892186
2013-02-23 03:00:00,-1.560726303352789
2013-02-23 04:00:00,0.0
2013-02-23 05:00:00,-1.5504209778109785
2013-02-23 06:00:00,-1.4009422308270347
2013-02-23 07:00:00,0.0
2013-02-23 08:00:00,-0.7203270054182296
2013-02-23 09:00:00,0.0
2013-02-23 10:00:00,0.31463683874570003
2013-02-23 11:00:00,0.0
2013-02-23 12:00:00,0.5487738350556101
2013-02-23 13:00:00,0.0
2013-02-23 14:00:00,0.0
2013-02-23 15:00:00,0.0
2013-02-23 16:00:00,0.0
2013-02-23 17:00:00,0.0
2013-02-23 18:00:00,0.6640904278684536
2013-02-23 19:00:00,0.0
2013-02-23 20:00:00,0.7519433281123821
2013-02-23 21:00:00,0.648632439555743
2013-02-23 22:00:00,0.0
2013-02-23 23:00:00,-0.7667009703563684
2013-02-24 00:00:00,0.0
2013-02-24 01:00:00,0.0
2013-02-24 02:00:00,-1.5452683150400717
2013-02-24 03:00:00,-1.5659304927514
2013-02-24 04:00:00,-1.643220434314975
2013-02-24 05:00:00,-1.6019476055200244
2013-02-24 06:00:00,-1.5761842916655031
2013-02-24 07:00:00,0.0
2013-02-24 08:00:00,0.0
2013-02-24 09:00:00,-0.14946349702969272
2013-02-24 10:00:00,0.4814800592675935
2013-02-24 11:00:00,0.0
2013-02-24 12:00:00,0.0
2013-02-24 13:00:00,0.18726301504892764
2013-02-24 14:00:00,0.0
2013-02-24 15:00:00,0.33004330043070473
2013-02-24 16:00:00,0.4780793018387937
2013-02-24 17:00:00,0.0
2013-02-24 18:00:00,0.4677224496692805
2013-02-24 19:00:00,0.0
2013-02-24 20:00:00,0.7674013164250966
2013-02-24 21:00:00,0.0
2013-02-24 22:00:00,0.0
2013-02-24 23:00:00,-0.7821589586690826
2013-02-25 00:00:00,-1.380331579743414
2013-02-25 01:00:00,0.0
2013-02-25 02:00:00,-1.5813884810641141
2013-02-25 03:00:00,-1.5762358182932128
2013-02-25 04:00:00,-1.5504209778109785
2013-02-25 05:00:00,0.0
2013-02-25 06:00:00,0.0
2013-02-25 07:00:00,0.0
2013-02-25 08:00:00,0.0
2013-02-25 09:00:00,0.0
2013-02-25 10:00:00,0.0
2013-02-25 11:00:00,0.0
2013-02-25 12:00:00,0.34895357279991773
2013-02-25 13:00:00,0.4040355378208945
2013-02-25 14:00:00,0.21987937038876074
2013-02-25 15:00:00,0.0
2013-02-25 16:00:00,0.0
2013-02-25 17:00:00,0.0
2013-02-25 18:00:00,0.3937302122790873
2013-02-25 19:00:00,0.4246977155322218
2013-02-25 20:00:00,0.0
2013-02-25 21:00:00,0.46777397629698686
2013-02-25 22:00:00,0.0
2013-02-25 23:00:00,-0.6738499872246652
2013-02-26 00:00:00,0.0
2013-02-26 01:00:00,0.0
2013-02-26 02:00:00,-1.3545167392611797
2013-02-26 03:00:00,0.0
2013-02-26 04:00:00,-1.359617875404374
2013-02-26 05:00:00,0.0
2013-02-26 06:00:00,0.0
2013-02-26 07:00:00,-0.6944606383082826
2013-02-26 08:00:00,-0.8285844502349342
2013-02-26 09:00:00,0.0
2013-02-26 10:00:00,0.11502268300084527
2013-02-26 11:00:00,0.0
2013-02-26 12:00:00,0.4298503783031218
2013-02-26 13:00:00,0.16144817456670038
2013-02-26 14:00:00,0.14083752348307943
2013-02-26 15:00:00,0.12012381914404274
2013-02-26 16:00:00,0.0
2013-02-26 17:00:00,0.0
2013-02-26 18:00:00,0.3351444365738953
2013-02-26 19:00:00,0.4935372901515112
2013-02-26 20:00:00,0.4987414795501206
2013-02-26 21:00:00,0.39543059099348526
2013-02-26 22:00:00,0.0
2013-02-26 23:00:00,-0.8182275980654176
2013-02-27 00:00:00,0.0
2013-02-27 01:00:00,0.0
2013-02-27 02:00:00,0.0
2013-02-27 03:00:00,0.0
2013-02-27 04:00:00,-1.607203321546347
2013-02-27 05:00:00,0.0
2013-02-27 06:00:00,0.0
2013-02-27 07:00:00,0.0
2013-02-27 08:00:00,-0.7202754787905202
2013-02-27 09:00:00,0.0
2013-02-27 10:00:00,0.0
2013-02-27 11:00:00,0.0
2013-02-27 12:00:00,0.0
2013-02-27 13:00:00,0.33689634191600615
2013-02-27 14:00:00,0.19411605653423597
2013-02-27 15:00:00,0.02737588926775818
2013-02-27 16:00:00,0.0
2013-02-27 17:00:00,0.0
2013-02-27 18:00:00,0.38857754950817697
2013-02-27 19:00:00,0.49353729015150816
2013-02-27 20:00:00,0.617613409674893
2013-02-27 21:00:00,0.5194551838891607
2013-02-27 22:00:00,0.0
2013-02-27 23:00:00,0.0
2013-02-28 00:00:00,-1.4679268468487916
2013-02-28 01:00:00,0.0
2013-02-28 02:00:00,-1.6123044576895436
2013-02-28 03:00:00,-1.6639341386540107
2013-02-28 04:00:00,0.0
2013-02-28 05:00:00,-1.617457120460449
2013-02-28 06:00:00,-1.5967949427491241
2013-02-28 07:00:00,-0.6945121649359954
2013-02-28 08:00:00,-0.5759493945774767
2013-02-28 09:00:00,0.0
2013-02-28 10:00:00,0.2630586844089411
2013-02-28 11:00:00,0.25084687364189484
2013-02-28 12:00:00,0.43149923038981386
2013-02-28 13:00:00,0.32829139508859695
2013-02-28 14:00:00,0.3041769333207608
2013-02-28 15:00:00,0.3041769333207608
2013-02-28 16:00:00,0.0
2013-02-28 17:00:00,0.45566521878535976
2013-02-28 18:00:00,0.0
2013-02-28 19:00:00,0.0
2013-02-28 20:00:00,0.7157201088329219
2013-02-28 21:00:00,0.0
2013-02-28 22:00:00,0.46256978689837364
2013-02-28 23:00:00,-0.7563956448145578
2013-03-01 00:00:00,-1.4215528819106493
2013-03-01 01:00:00,0.0
2013-03-01 02:00:00,-1.6123044576895422
2013-03-01 03:00:00,-1.6071517949186387
2013-03-01 04:00:00,-1.6329151087731644
2013-03-01 05:00:00,0.0
2013-03-01 06:00:00,-1.6277624460022573
2013-03-01 07:00:00,0.0
2013-03-01 08:00:00,-0.6738499872246652
2013-03-01 09:00:00,-1.1223892814319227
2013-03-01 10:00:00,0.0
2013-03-01 11:00:00,0.0
2013-03-01 12:00:00,0.0
2013-03-01 13:00:00,0.2027210033616452
2013-03-01 14:00:00,0.30422845994846714
2013-03-01 15:00:00,0.4091882005918014
2013-03-01 16:00:00,0.0
2013-03-01 17:00:00,0.2887189450080436
2013-03-01 18:00:00,0.0
2013-03-01 19:00:00,0.875916394380352
2013-03-01 20:00:00,0.0
2013-03-01 21:00:00,0.5349131722018752
2013-03-01 22:00:00,0.4057359165352925
2013-03-01 23:00:00,-0.7512429820436544
2013-03-02 00:00:00,-1.524657663956457
2013-03-02 01:00:00,-1.5968464693768283
2013-03-02 02:00:00,-1.5710831555223035
2013-03-02 03:00:00,-1.5813884810641174
2013-03-02 04:00:00,-1.6277624460022597
2013-03-02 05:00:00,0.0
2013-03-02 06:00:00,0.0
2013-03-02 07:00:00,0.0
2013-03-02 08:00:00,-0.7614967809577553
2013-03-02 09:00:00,0.0
2013-03-02 10:00:00,0.33174367914509584
2013-03-02 11:00:00,0.5297605094309714
2013-03-02 12:00:00,0.6485809129280335
2013-03-02 13:00:00,0.0
2013-03-02 14:00:00,0.2870700929213581
2013-03-02 15:00:00,0.31973797488889405
2013-03-02 16:00:00,0.4040355378208945
2013-03-02 17:00:00,0.171805026736217
2013-03-02 18:00:00,0.0
2013-03-02 19:00:00,0.7106189726897245
2013-03-02 20:00:00,0.6692430906393644
2013-03-02 21:00:00,0.5762375276245328
2013-03-02 22:00:00,0.0
2013-03-02 23:00:00,0.0
2013-03-03 00:00:00,-1.3390587509484657
2013-03-03 01:00:00,0.0
2013-03-03 02:00:00,-1.5195050011855469
2013-03-03 03:00:00,-1.5298103267273608
2013-03-03 04:00:00,0.0
2013-03-03 05:00:00,-1.5453198416677847
2013-03-03 06:00:00,-1.5040470128728363
2013-03-03 07:00:00,0.0
2013-03-03 08:00:00,0.0
2013-03-03 09:00:00,-0.15647111839812233
2013-03-03 10:00:00,0.0
2013-03-03 11:00:00,0.19926871930513979
2013-03-03 12:00:00,0.0
2013-03-03 13:00:00,0.0
2013-03-03 14:00:00,0.08925936914632739
2013-03-03 15:00:00,0.0
2013-03-03 16:00:00,0.2405930747277936
2013-03-03 17:00:00,0.3988313484222813
2013-03-03 18:00:00,0.5246078466600675
2013-03-03 19:00:00,0.0
2013-03-03 20:00:00,0.5245563200323551
2013-03-03 21:00:00,0.6227145458180905
2013-03-03 22:00:00,0.5089952784642288
2013-03-03 23:00:00,-0.7718021064995625
2013-03-04 00:00:00,0.0
2013-03-04 01:00:00,0.0
2013-03-04 02:00:00,-1.5710316288945994
2013-03-04 03:00:00,-1.545268315040078
2013-03-04 04:00:00,-1.607100268290928
2013-03-04 05:00:00,-1.5349629894982644
2013-03-04 06:00:00,0.0
2013-03-04 07:00:00,-0.6584435255396638
2013-03-04 08:00:00,-0.7821589586690791
2013-03-04 09:00:00,-0.2080492727348778
2013-03-04 10:00:00,0.0
2013-03-04 11:00:00,0.18721148842122132
2013-03-04 12:00:00,0.0
2013-03-04 13:00:00,0.0
2013-03-04 14:00:00,0.0840551797477073
2013-03-04 15:00:00,0.0
2013-03-04 16:00:00,0.0
2013-03-04 17:00:00,0.0
2013-03-04 18:00:00,0.5865428531663435
2013-03-04 19:00:00,0.0
2013-03-04 20:00:00,0.5917470425649559
2013-03-04 21:00:00,0.0
2013-03-04 22:00:00,0.0
2013-03-04 23:00:00,-0.7254281415614237
2013-03-05 00:00:00,0.0
2013-03-05 01:00:00,0.0
2013-03-05 02:00:00,-1.4782836990183115
2013-03-05 03:00:00,-1.437062396851076
2013-03-05 04:00:00,0.0
2013-03-05 05:00:00,0.0
2013-03-05 06:00:00,0.0
2013-03-05 07:00:00,-0.5088101986725849
2013-03-05 08:00:00,0.0
2013-03-05 09:00:00,-0.16167530779673894
2013-03-05 10:00:00,0.2113774768167638
2013-03-05 11:00:00,0.6537335756989412
2013-03-05 12:00:00,0.5090468050919343
2013-03-05 13:00:00,0.5556268765409115
2013-03-05 14:00:00,0.37466536002673273
2013-03-05 15:00:00,0.28696703966593623
2013-03-05 16:00:00,0.352457383484139
2013-03-05 17:00:00,0.0
2013-03-05 18:00:00,0.6021038947344729
2013-03-05 19:00:00,0.6692430906393605
2013-03-05 20:00:00,0.0
2013-03-05 21:00:00,0.0
2013-03-05 22:00:00,0.0
2013-03-05 23:00:00,-0.5604398796370532
2013-03-06 00:00:00,0.0
2013-03-06 01:00:00,-1.2410551050458587
2013-03-06 02:00:00,-1.2359024422749552
2013-03-06 03:00:00,-1.308091247695328
2013-03-06 04:00:00,-1.3545167392611832
2013-03-06 05:00:00,0.0
2013-03-06 06:00:00,-1.26681841890038
2013-03-06 07:00:00,0.0
2013-03-06 08:00:00,0.0
2013-03-06 09:00:00,-0.12555514177269414
2013-03-06 10:00:00,0.0
2013-03-06 11:00:00,0.5556268765409077
2013-03-06 12:00:00,0.6072050308776665
2013-03-06 13:00:00,0.0
2013-03-06 14:00:00,0.4763789231243953
2013-03-06 15:00:00,0.38502221219625277
2013-03-06 16:00:00,0.5383654562583806
2013-03-06 17:00:00,0.7209242982315383
2013-03-06 18:00:00,0.6331229246153199
2013-03-06 19:00:00,0.7984203463059405
2013-03-06 20:00:00,0.746739138713769
2013-03-06 21:00:00,0.5658806754550159
2013-03-06 22:00:00,0.0
2013-03-06 23:00:00,0.0
2013-03-07 00:00:00,0.0
2013-03-07 01:00:00,-1.210139128420427
2013-03-07 02:00:00,-1.246207767816762
2013-03-07 03:00:00,0.0
2013-03-07 04:00:00,0.0
2013-03-07 05:00:00,-1.2513604305876658
2013-03-07 06:00:00,0.0
2013-03-07 07:00:00,-0.5707967318065699
2013-03-07 08:00:00,-0.33877232723272993
2013-03-07 09:00:00,0.0
2013-03-07 10:00:00,0.0
2013-03-07 11:00:00,0.5607795393118153
2013-03-07 12:00:00,0.0
2013-03-07 13:00:00,0.33004330043070473
2013-03-07 14:00:00,0.22508355978737354
2013-03-07 15:00:00,0.0
2013-03-07 16:00:00,0.2525987789840023
2013-03-07 17:00:00,0.0
2013-03-07 18:00:00,0.7519433281123821
2013-03-07 19:00:00,0.0
2013-03-07 20:00:00,0.0
2013-03-07 21:00:00,0.0
2013-03-07 22:00:00,0.46777397629698686
2013-03-07 23:00:00,-0.6480866733701438
2013-03-08 00:00:00,-1.2719710816712868
2013-03-08 01:00:00,-1.328753425406655
2013-03-08 02:00:00,-1.369974727573894
2013-03-08 03:00:00,0.0
2013-03-08 04:00:00,0.0
2013-03-08 05:00:00,-1.4267055446815562
2013-03-08 06:00:00,0.0
2013-03-08 07:00:00,-0.35938297831635124
2013-03-08 08:00:00,-0.6686973244537613
2013-03-08 09:00:00,0.0
2013-03-08 10:00:00,0.0
2013-03-08 11:00:00,0.6124092202762836
2013-03-08 12:00:00,0.0
2013-03-08 13:00:00,0.0
2013-03-08 14:00:00,0.0
2013-03-08 15:00:00,0.34550128874341846
2013-03-08 16:00:00,0.45741712412746677
2013-03-08 17:00:00,0.0
2013-03-08 18:00:00,0.6175618830471866
2013-03-08 19:00:00,0.8294393761867866
2013-03-08 20:00:00,0.0
2013-03-08 21:00:00,0.6175618830471905
2013-03-08 22:00:00,0.0
2013-03-08 23:00:00,0.0
2013-03-09 00:00:00,0.0
2013-03-09 01:00:00,-1.4060948935979385
2013-03-09 02:00:00,-1.4370108702233633
2013-03-09 03:00:00,0.0
2013-03-09 04:00:00,0.0
2013-03-09 05:00:00,0.0
2013-03-09 06:00:00,-1.400942230827035
2013-03-09 07:00:00,0.0
2013-03-09 08:00:00,-0.4057569432544901
2013-03-09 09:00:00,0.0
2013-03-09 10:00:00,0.23203965452809758
2013-03-09 11:00:00,0.0
2013-03-09 12:00:00,0.5710333382259196
2013-03-09 13:00:00,0.4815315858953029
2013-03-09 14:00:00,0.5452700243713945
2013-03-09 15:00:00,0.35761004625504283
2013-03-09 16:00:00,0.39893440167769706
2013-03-09 17:00:00,0.0
2013-03-09 18:00:00,0.0
2013-03-09 19:00:00,0.6847526055797843
2013-03-09 20:00:00,0.0
2013-03-09 21:00:00,0.0
2013-03-09 22:00:00,0.36271118239823685
2013-03-09 23:00:00,0.0
2013-03-10 00:00:00,0.0
2013-03-10 01:00:00,-1.411247556368842
2013-03-10 02:00:00,-1.4834363617892186
2013-03-10 03:00:00,0.0
2013-03-10 04:00:00,0.0
2013-03-10 05:00:00,-1.524657663956457
2013-03-10 06:00:00,-1.4988943501019294
2013-03-10 07:00:00,-0.7254796681891296
2013-03-10 08:00:00,-0.5140143880712016
2013-03-10 09:00:00,-0.23556449193150997
2013-03-10 10:00:00,0.0
2013-03-10 11:00:00,0.4212969581034254
2013-03-10 12:00:00,0.540065834972782
2013-03-10 13:00:00,0.4039840111931813
2013-03-10 14:00:00,0.0
2013-03-10 15:00:00,0.0
2013-03-10 16:00:00,0.0
2013-03-10 17:00:00,0.3265394897464861
2013-03-10 18:00:00,0.3197379748888906
2013-03-10 19:00:00,0.0
2013-03-10 20:00:00,0.6279187352167067
2013-03-10 21:00:00,0.0
2013-03-10 22:00:00,0.3299917738029915
2013-03-10 23:00:00,-0.6842068393941882
2013-03-11 00:00:00,-1.3029385849244244
2013-03-11 01:00:00,0.0
2013-03-11 02:00:00,-1.4731310362474046
2013-03-11 03:00:00,-1.4730795096196951
2013-03-11 04:00:00,-1.478232172390602
2013-03-11 05:00:00,0.0
2013-03-11 06:00:00,-1.411247556368842
2013-03-11 07:00:00,0.0
2013-03-11 08:00:00,-0.6377813478283301
2013-03-11 09:00:00,0.0
2013-03-11 10:00:00,0.0
2013-03-11 11:00:00,0.0
2013-03-11 12:00:00,0.41434086336270176
2013-03-11 13:00:00,0.3679153717968497
2013-03-11 14:00:00,0.35240585685642967
2013-03-11 15:00:00,0.3265394897464861
2013-03-11 16:00:00,0.30417693332075774
2013-03-11 17:00:00,0.0
2013-03-11 18:00:00,0.0
2013-03-11 19:00:00,0.0
2013-03-11 20:00:00,0.5245563200323582
2013-03-11 21:00:00,0.4264496208743292
2013-03-11 22:00:00,0.0
2013-03-11 23:00:00,-0.5398292285534354
2013-03-12 00:00:00,-1.2410551050458551
2013-03-12 01:00:00,-1.261717282757189
2013-03-12 02:00:00,0.0
2013-03-12 03:00:00,0.0
2013-03-12 04:00:00,0.0
2013-03-12 05:00:00,0.0
2013-03-12 06:00:00,-1.2616657561294762
2013-03-12 07:00:00,-0.591355856262478
2013-03-12 08:00:00,-0.5707452051788605
2013-03-12 09:00:00,0.0
2013-03-12 10:00:00,0.14083752348307943
2013-03-12 11:00:00,0.5762890542522384
2013-03-12 12:00:00,0.0
2013-03-12 13:00:00,0.4005317271366759
2013-03-12 14:00:00,0.3575585196273365
2013-03-12 15:00:00,0.37306803456775695
2013-03-12 16:00:00,0.36791537179685313
2013-03-12 17:00:00,0.4781308284665069
2013-03-12 18:00:00,0.47807930183880054
2013-03-12 19:00:00,0.5229074679456661
2013-03-12 20:00:00,0.6692430906393605
2013-03-12 21:00:00,0.4729266390678937
2013-03-12 22:00:00,0.28871894500804707
2013-03-12 23:00:00,-0.6996648277068989
2013-03-13 00:00:00,-1.4319097340801725
2013-03-13 01:00:00,-1.4782836990183115
2013-03-13 02:00:00,-1.5091481490160337
2013-03-13 03:00:00,0.0
2013-03-13 04:00:00,-1.5298103267273575
2013-03-13 05:00:00,-1.5555736405818854
2013-03-13 06:00:00,-1.493741687331029
2013-03-13 07:00:00,0.0
2013-03-13 08:00:00,0.0
2013-03-13 09:00:00,-0.47274155927625333
2013-03-13 10:00:00,0.053190729749988896
2013-03-13 11:00:00,0.0
2013-03-13 12:00:00,0.0
2013-03-13 13:00:00,0.0
2013-03-13 14:00:00,0.0
2013-03-13 15:00:00,0.1047173574590346
2013-03-13 16:00:00,0.1992687193051394
2013-03-13 17:00:00,0.3782722239663663
2013-03-13 18:00:00,0.0
2013-03-13 19:00:00,0.0
2013-03-13 20:00:00,0.6021038947344729
2013-03-13 21:00:00,0.0
2013-03-13 22:00:00,0.27661018749641925
2013-03-13 23:00:00,-0.8491951013185551
2013-03-14 00:00:00,-1.4730795096196987
2013-03-14 01:00:00,-1.524657663956454
2013-03-14 02:00:00,-1.5607778299804973
2013-03-14 03:00:00,0.0
2013-03-14 04:00:00,-1.617457120460449
2013-03-14 05:00:00,0.0
2013-03-14 06:00:00,-1.5658789661236925
2013-03-14 07:00:00,-0.8749584151730799
2013-03-14 08:00:00,-0.606865371202905
2013-03-14 09:00:00,-0.4830984114457734
2013-03-14 10:00:00,0.13233562991108555
2013-03-14 11:00:00,0.15289475436699712
2013-03-14 12:00:00,0.2199824236441795
2013-03-14 13:00:00,0.13568486071217561
2013-03-14 14:00:00,0.23028774918598674
2013-03-14 15:00:00,0.0
2013-03-14 16:00:00,0.11507420962855809
2013-03-14 17:00:00,0.43160228364523606
2013-03-14 18:00:00,0.0
2013-03-14 19:00:00,0.560728012684109
2013-03-14 20:00:00,0.0
2013-03-14 21:00:00,0.0
2013-03-14 22:00:00,0.0
2013-03-14 23:00:00,-0.8234317874640308
2013-03-15 00:00:00,-1.473131036247408
2013-03-15 01:00:00,-1.5401156522691712
2013-03-15 02:00:00,0.0
2013-03-15 03:00:00,-1.6071517949186396
2013-03-15 04:00:00,-1.6484246237135882
2013-03-15 05:00:00,-1.617457120460449
2013-03-15 06:00:00,-1.5968464693768325
2013-03-15 07:00:00,-0.8801110779439834
2013-03-15 08:00:00,0.0
2013-03-15 09:00:00,-0.46758889650535335
2013-03-15 10:00:00,-0.013845412899480675
2013-03-15 11:00:00,0.0
2013-03-15 12:00:00,0.26815982055213516
2013-03-15 13:00:00,0.19932024593284917
2013-03-15 14:00:00,0.0
2013-03-15 15:00:00,0.18896339376333254
2013-03-15 16:00:00,0.19416758316194535
2013-03-15 17:00:00,0.29907579717756716
2013-03-15 18:00:00,0.431602283645233
2013-03-15 19:00:00,0.0
2013-03-15 20:00:00,0.0
2013-03-15 21:00:00,0.0
2013-03-15 22:00:00,0.4040355378208945
2013-03-15 23:00:00,0.0
2013-03-16 00:00:00,0.0
2013-03-16 01:00:00,-1.5452683150400748
2013-03-16 02:00:00,0.0
2013-03-16 03:00:00,0.0
2013-03-16 04:00:00,-1.6690352747972048
2013-03-16 05:00:00,0.0
2013-03-16 06:00:00,-1.3957895680561279
2013-03-16 07:00:00,-0.7099701532487065
2013-03-16 08:00:00,0.0
2013-03-16 09:00:00,0.0
2013-03-16 10:00:00,0.28882199826346244
2013-03-16 11:00:00,0.0
2013-03-16 12:00:00,0.0
2013-03-16 13:00:00,0.4040355378208945
2013-03-16 14:00:00,0.3782722239663701
2013-03-16 15:00:00,0.3886290761358898
2013-03-16 16:00:00,0.0
2013-03-16 17:00:00,0.4367549464161395
2013-03-16 18:00:00,0.6021038947344729
2013-03-16 19:00:00,0.0
2013-03-16 20:00:00,0.0
2013-03-16 21:00:00,0.7157716354606283
2013-03-16 22:00:00,0.0
2013-03-16 23:00:00,0.0
2013-03-17 00:00:00,0.0
2013-03-17 01:00:00,-1.4060948935979352
2013-03-17 02:00:00,-1.5298103267273573
2013-03-17 03:00:00,0.0
2013-03-17 04:00:00,-1.5555736405818854
2013-03-17 05:00:00,-1.4937416873310254
2013-03-17 06:00:00,-1.4937416873310254
2013-03-17 07:00:00,-0.49345526361529346
2013-03-17 08:00:00,0.0
2013-03-17 09:00:00,0.0
2013-03-17 10:00:00,0.0
2013-03-17 11:00:00,0.0
2013-03-17 12:00:00,0.5917470425649559
2013-03-17 13:00:00,0.4264496208743292
2013-03-17 14:00:00,0.4660735975825854
2013-03-17 15:00:00,0.0
2013-03-17 16:00:00,0.0
2013-03-17 17:00:00,0.41088857930619593
2013-03-17 18:00:00,0.4471117985856595
2013-03-17 19:00:00,0.5659322020827252
2013-03-17 20:00:00,0.6795999428088814
2013-03-17 21:00:00,0.0
2013-03-17 22:00:00,0.3799210760530553
2013-03-17 23:00:00,0.0
2013-03-18 00:00:00,0.0
2013-03-18 01:00:00,0.0
2013-03-18 02:00:00,-1.5556251672095929
2013-03-18 03:00:00,-1.5556251672095938
2013-03-18 04:00:00,0.0
2013-03-18 05:00:00,0.0
2013-03-18 06:00:00,0.0
2013-03-18 07:00:00,-0.6532393361410472
2013-03-18 08:00:00,-0.622323359515619
2013-03-18 09:00:00,0.0
2013-03-18 10:00:00,-0.09118688109076054
2013-03-18 11:00:00,0.0
2013-03-18 12:00:00,0.16665236396531014
2013-03-18 13:00:00,0.0
2013-03-18 14:00:00,0.20447290870375603
2013-03-18 15:00:00,0.0
2013-03-18 16:00:00,0.0
2013-03-18 17:00:00,0.0
2013-03-18 18:00:00,0.4367549464161395
2013-03-18 19:00:00,0.0
2013-03-18 20:00:00,0.6537335756989374
2013-03-18 21:00:00,0.0
2013-03-18 22:00:00,0.28871894500804673
2013-03-18 23:00:00,0.0
2013-03-19 00:00:00,0.0
2013-03-19 01:00:00,-1.4885374979324126
2013-03-19 02:00:00,-1.5401156522691712
2013-03-19 03:00:00,0.0
2013-03-19 04:00:00,-1.5813369544364066
2013-03-19 05:00:00,0.0
2013-03-19 06:00:00,-1.235953968902661
2013-03-19 07:00:00,-0.6532393361410472
2013-03-19 08:00:00,0.0
2013-03-19 09:00:00,0.0
2013-03-19 10:00:00,0.0
2013-03-19 11:00:00,0.0
2013-03-19 12:00:00,0.0
2013-03-19 13:00:00,0.0
2013-03-19 14:00:00,0.2577514417549057
2013-03-19 15:00:00,0.0
2013-03-19 16:00:00,0.28361780886485266
2013-03-19 17:00:00,0.32489063765979787
2013-03-19 18:00:00,0.3850222121962558
2013-03-19 19:00:00,0.6330713979876105
2013-03-19 20:00:00,0.39022640159486904
2013-03-19 21:00:00,0.37816917071095096
2013-03-19 22:00:00,0.0
2013-03-19 23:00:00,0.0
2013-03-20 00:00:00,0.0
2013-03-20 01:00:00,0.0
2013-03-20 02:00:00,-1.5195050011855502
2013-03-20 03:00:00,0.0
2013-03-20 04:00:00,0.0
2013-03-20 05:00:00,0.0
2013-03-20 06:00:00,-1.5091996756437362
2013-03-20 07:00:00,0.0
2013-03-20 08:00:00,-0.8182275980654176
2013-03-20 09:00:00,0.0
2013-03-20 10:00:00,0.0
2013-03-20 11:00:00,0.0
2013-03-20 12:00:00,0.0
2013-03-20 13:00:00,0.26630486195460895
2013-03-20 14:00:00,0.0
2013-03-20 15:00:00,0.0
2013-03-20 16:00:00,0.17690616287941446
2013-03-20 17:00:00,0.3077322706326854
2013-03-20 18:00:00,0.0
2013-03-20 19:00:00,0.4935372901515112
2013-03-20 20:00:00,0.0
2013-03-20 21:00:00,0.0
2013-03-20 22:00:00,0.0
2013-03-20 23:00:00,-0.6429340105992369
2013-03-21 00:00:00,0.0
2013-03-21 01:00:00,-1.3751273903447974
2013-03-21 02:00:00,-1.4679783734765044
2013-03-21 03:00:00,0.0
2013-03-21 04:00:00,0.0
2013-03-21 05:00:00,0.0
2013-03-21 06:00:00,-1.4112990829965548
2013-03-21 07:00:00,-0.5449818913243426
2013-03-21 08:00:00,0.0
2013-03-21 09:00:00,0.0
2013-03-21 10:00:00,0.1494939969382011
2013-03-21 11:00:00,0.3265910163741989
2013-03-21 12:00:00,0.0
2013-03-21 13:00:00,0.0
2013-03-21 14:00:00,0.36101080368383887
2013-03-21 15:00:00,0.24574573749870426
2013-03-21 16:00:00,0.0
2013-03-21 17:00:00,0.0
2013-03-21 18:00:00,0.48323196460970436
2013-03-21 19:00:00,0.0
2013-03-21 20:00:00,0.7260769610024389
2013-03-21 21:00:00,0.684701078952078
2013-03-21 22:00:00,0.4160412420771028
2013-03-21 23:00:00,-0.574197489235366
2013-03-22 00:00:00,0.0
2013-03-22 01:00:00,-1.3441598870916631
2013-03-22 02:00:00,-1.406094893597935
2013-03-22 03:00:00,-1.4266540180538467
2013-03-22 04:00:00,-1.4422150596219798
2013-03-22 05:00:00,-1.4422150596219798
2013-03-22 06:00:00,-1.3700262542016033
2013-03-22 07:00:00,0.0
2013-03-22 08:00:00,-0.503709062529391
2013-03-22 09:00:00,0.0
2013-03-22 10:00:00,0.0
2013-03-22 11:00:00,0.6847526055797843
2013-03-22 12:00:00,0.0
2013-03-22 13:00:00,0.4454114198712585
2013-03-22 14:00:00,0.35065395151431883
2013-03-22 15:00:00,0.3610108036838423
2013-03-22 16:00:00,0.3282913950885939
2013-03-22 17:00:00,0.419545052761318
2013-03-22 18:00:00,0.48668424866620597
2013-03-22 19:00:00,0.7984203463059436
2013-03-22 20:00:00,0.7880634941364235
2013-03-22 21:00:00,0.0
2013-03-22 22:00:00,0.4419591358147561
2013-03-22 23:00:00,-0.6739015138523745
2013-03-23 00:00:00,-1.3493640764902761
2013-03-23 01:00:00,-1.4009422308270316
2013-03-23 02:00:00,-1.4885890245601185
2013-03-23 03:00:00,-1.5143523384146467
2013-03-23 04:00:00,0.0
2013-03-23 05:00:00,-1.5091996756437396
2013-03-23 06:00:00,-1.26681841890038
2013-03-23 07:00:00,0.0
2013-03-23 08:00:00,0.0
2013-03-23 09:00:00,-0.16342721313884292
2013-03-23 10:00:00,0.0
2013-03-23 11:00:00,0.0
2013-03-23 12:00:00,0.0
2013-03-23 13:00:00,0.0
2013-03-23 14:00:00,0.32834292171630636
2013-03-23 15:00:00,0.0
2013-03-23 16:00:00,0.0
2013-03-23 17:00:00,0.0
2013-03-23 18:00:00,0.3989344016777005
2013-03-23 19:00:00,0.0
2013-03-23 20:00:00,0.0
2013-03-23 21:00:00,0.6433767235294212
2013-03-23 22:00:00,0.0
2013-03-23 23:00:00,-0.6120180339738087
2013-03-24 00:00:00,-1.2977859221535175
2013-03-24 01:00:00,-1.3545682658888925
2013-03-24 02:00:00,-1.4834363617892186
2013-03-24 03:00:00,-1.4937416873310254
2013-03-24 04:00:00,0.0
2013-03-24 05:00:00,-1.457673047934694
2013-03-24 06:00:00,0.0
2013-03-24 07:00:00,-0.5037605891571003
2013-03-24 08:00:00,-0.7563956448145612
2013-03-24 09:00:00,0.0
2013-03-24 10:00:00,0.3611138569392542
2013-03-24 11:00:00,0.5194036572614513
2013-03-24 12:00:00,0.0
2013-03-24 13:00:00,0.7157716354606283
2013-03-24 14:00:00,0.45056408264216496
2013-03-24 15:00:00,0.0
2013-03-24 16:00:00,0.42990190493083463
2013-03-24 17:00:00,0.4935372901515112
2013-03-24 18:00:00,0.0
2013-03-24 19:00:00,0.5246078466600645
2013-03-24 20:00:00,0.0
2013-03-24 21:00:00,0.0
2013-03-24 22:00:00,0.0
2013-03-24 23:00:00,-0.6686973244537613
2013-03-25 00:00:00,-1.36482206480299
2013-03-25 01:00:00,-1.3493640764902728
2013-03-25 02:00:00,-1.4267570713092657
2013-03-25 03:00:00,-1.447316195765174
2013-03-25 04:00:00,-1.4679268468487916
2013-03-25 05:00:00,0.0
2013-03-25 06:00:00,0.0
2013-03-25 07:00:00,-0.5862031934915746
2013-03-25 08:00:00,-0.4006558071112991
2013-03-25 09:00:00,-0.2871426462682654
2013-03-25 10:00:00,0.0
2013-03-25 11:00:00,0.0
2013-03-25 12:00:00,0.5245563200323582
2013-03-25 13:00:00,0.0
2013-03-25 14:00:00,0.3093295960916646
2013-03-25 15:00:00,0.44190760918704675
2013-03-25 16:00:00,0.4573655974997574
2013-03-25 17:00:00,0.0
2013-03-25 18:00:00,0.5142509944905482
2013-03-25 19:00:00,0.0
2013-03-25 20:00:00,0.8036245357045559
2013-03-25 21:00:00,0.5813901903954358
2013-03-25 22:00:00,0.36796689842456254
2013-03-25 23:00:00,-0.6480351467424309
2013-03-26 00:00:00,-1.1843758145659058
2013-03-26 01:00:00,0.0
2013-03-26 02:00:00,-1.3442114137193693
2013-03-26 03:00:00,0.0
2013-03-26 04:00:00,0.0
2013-03-26 05:00:00,0.0
2013-03-26 06:00:00,-1.3596694020320867
2013-03-26 07:00:00,0.0
2013-03-26 08:00:00,-0.5037605891571003
2013-03-26 09:00:00,-0.13055322466046976
2013-03-26 10:00:00,0.20442138207604318
2013-03-26 11:00:00,0.7312811504010513
2013-03-26 12:00:00,0.0
2013-03-26 13:00:00,0.43675494641614293
2013-03-26 14:00:00,0.421245431475716
2013-03-26 15:00:00,0.41609276870480916
2013-03-26 16:00:00,0.3678638451691403
2013-03-26 17:00:00,0.0
2013-03-26 18:00:00,0.0
2013-03-26 19:00:00,0.5814417170231461
2013-03-26 20:00:00,0.0
2013-03-26 21:00:00,0.0
2013-03-26 22:00:00,0.4729266390678906
2013-03-26 23:00:00,-0.6275275489142322
2013-03-27 00:00:00,-1.230749779504048
2013-03-27 01:00:00,0.0
2013-03-27 02:00:00,-1.3699747275738938
2013-03-27 03:00:00,0.0
2013-03-27 04:00:00,-1.4060948935979352
2013-03-27 05:00:00,0.0
2013-03-27 06:00:00,-1.3338030349221397
2013-03-27 07:00:00,-0.3644841144595453
2013-03-27 08:00:00,-1.230698252876344
2013-03-27 09:00:00,-0.45037900285052573
2013-03-27 10:00:00,0.0
2013-03-27 11:00:00,0.6537335756989404
2013-03-27 12:00:00,0.6744472800379775
2013-03-27 13:00:00,0.5590276339697113
2013-03-27 14:00:00,0.0
2013-03-27 15:00:00,0.5090983317196445
2013-03-27 16:00:00,0.576237527624529
2013-03-27 17:00:00,0.0
2013-03-27 18:00:00,0.6795999428088844
2013-03-27 19:00:00,0.7726055058237128
2013-03-27 20:00:00,0.8190825240172735
2013-03-27 21:00:00,0.5968997053358597
2013-03-27 22:00:00,0.0
2013-03-27 23:00:00,0.0
2013-03-28 00:00:00,-1.2462077678167656
2013-03-28 01:00:00,-1.246207767816762
2013-03-28 02:00:00,-1.2719710816712868
2013-03-28 03:00:00,-1.3545167392611832
2013-03-28 04:00:00,-1.4422150596219763
2013-03-28 05:00:00,-1.380331579743414
2013-03-28 06:00:00,0.0
2013-03-28 07:00:00,-0.3747894400013525
2013-03-28 08:00:00,-0.5192185774698148
2013-03-28 09:00:00,-0.039711780009424213
2013-03-28 10:00:00,0.0
2013-03-28 11:00:00,0.7208727716038296
2013-03-28 12:00:00,0.0
2013-03-28 13:00:00,0.5556268765409152
2013-03-28 14:00:00,0.0
2013-03-28 15:00:00,0.4729781656956031
2013-03-28 16:00:00,0.0
2013-03-28 17:00:00,0.41439238999041456
2013-03-28 18:00:00,0.0
2013-03-28 19:00:00,0.7623001802818992
2013-03-28 20:00:00,0.0
2013-03-28 21:00:00,0.6485809129280335
2013-03-28 22:00:00,0.4728751124401843
2013-03-28 23:00:00,0.0
2013-03-29 00:00:00,-1.1843758145659058
2013-03-29 01:00:00,-1.3080397210676187
2013-03-29 02:00:00,-1.2565130933585726
2013-03-29 03:00:00,-1.3339060881775622
2013-03-29 04:00:00,0.0
2013-03-29 05:00:00,-1.3906369052852243
2013-03-29 06:00:00,0.0
2013-03-29 07:00:00,-0.3902474283140662
2013-03-29 08:00:00,0.0
2013-03-29 09:00:00,0.09281470645824813
2013-03-29 10:00:00,0.4574171241274698
2013-03-29 11:00:00,1.0102463128178343
2013-03-29 12:00:00,0.0
2013-03-29 13:00:00,0.6434282501571306
2013-03-29 14:00:00,0.0
2013-03-29 15:00:00,0.43155075701752665
2013-03-29 16:00:00,0.0
2013-03-29 17:00:00,0.7054663099188206
2013-03-29 18:00:00,0.0
2013-03-29 19:00:00,0.0
2013-03-29 20:00:00,0.9793303361924098
2013-03-29 21:00:00,0.0
2013-03-29 22:00:00,0.7312811504010552
2013-03-29 23:00:00,0.0
2013-03-30 00:00:00,-1.1637651634822848
2013-03-30 01:00:00,0.0
2013-03-30 02:00:00,0.0
2013-03-30 03:00:00,-1.3493640764902795
2013-03-30 04:00:00,0.0
2013-03-30 05:00:00,0.0
2013-03-30 06:00:00,-1.1998338028786202
2013-03-30 07:00:00,0.0
2013-03-30 08:00:00,-0.5552356902384404
2013-03-30 09:00:00,0.0
2013-03-30 10:00:00,0.5348616455741688
2013-03-30 11:00:00,0.5917985691926653
2013-03-30 12:00:00,0.5658806754550098
2013-03-30 13:00:00,0.0
2013-03-30 14:00:00,0.3988828750499907
2013-03-30 15:00:00,0.4005832537643891
2013-03-30 16:00:00,0.0
2013-03-30 17:00:00,0.0
2013-03-30 18:00:00,0.0
2013-03-30 19:00:00,0.6537851023266468
2013-03-30 20:00:00,0.8397447017285974
2013-03-30 21:00:00,0.6589377650975536
2013-03-30 22:00:00,0.5814417170231422
2013-03-30 23:00:00,0.0
2013-03-31 00:00:00,-1.1534598379404775
2013-03-31 01:00:00,-1.689645925880826
2013-03-31 02:00:00,0.0
2013-03-31 03:00:00,-1.2771237444421903
2013-03-31 04:00:00,-1.4060948935979352
2013-03-31 05:00:00,-1.380331579743414
2013-03-31 06:00:00,-1.364873591430703
2013-03-31 07:00:00,-0.41090960602539695
2013-03-31 08:00:00,-0.7563956448145616
2013-03-31 09:00:00,-0.21495384084789207
2013-03-31 10:00:00,0.5159513732049459
2013-03-31 11:00:00,0.45226446135656295
2013-03-31 12:00:00,0.0
2013-03-31 13:00:00,0.0
2013-03-31 14:00:00,0.0
2013-03-31 15:00:00,0.44020723047264526
2013-03-31 16:00:00,0.331692152517393
2013-03-31 17:00:00,0.43510609432945085
2013-03-31 18:00:00,0.0
2013-03-31 19:00:00,0.0
2013-03-31 20:00:00,-0.7357334671032308
2013-03-31 21:00:00,-0.9471472205934529
2013-03-31 22:00:00,0.0
2013-03-31 23:00:00,-1.1121870091455293
2013-04-01 00:00:00,0.0
2013-04-01 01:00:00,-1.2359024422749518
2013-04-01 02:00:00,-1.3647705381752775
2013-04-01 03:00:00,-1.3802800531157011
2013-04-01 04:00:00,0.0
2013-04-01 05:00:00,-1.3802800531157042
2013-04-01 06:00:00,-1.333854561549856
2013-04-01 07:00:00,-0.47279308590396274
2013-04-01 08:00:00,0.0
2013-04-01 09:00:00,0.0
2013-04-01 10:00:00,0.0
2013-04-01 11:00:00,0.6589377650975506
2013-04-01 12:00:00,0.0
2013-04-01 13:00:00,0.0
2013-04-01 14:00:00,0.5452184977436851
2013-04-01 15:00:00,0.4729266390678899
2013-04-01 16:00:00,0.5642318233683238
2013-04-01 17:00:00,0.0
2013-04-01 18:00:00,0.0
2013-04-01 19:00:00,0.0
2013-04-01 20:00:00,0.540065834972782
2013-04-01 21:00:00,0.5142509944905513
2013-04-01 22:00:00,0.0
2013-04-01 23:00:00,-0.7203270054182261
2013-04-02 00:00:00,-1.2977859221535175
2013-04-02 01:00:00,-1.3647705381752775
2013-04-02 02:00:00,-1.380331579743417
2013-04-02 03:00:00,-1.4473677223928867
2013-04-02 04:00:00,0.0
2013-04-02 05:00:00,0.0
2013-04-02 06:00:00,-1.3802800531157078
2013-04-02 07:00:00,-0.4108580793976876
2013-04-02 08:00:00,0.0
2013-04-02 09:00:00,0.0
2013-04-02 10:00:00,0.0
2013-04-02 11:00:00,0.0
2013-04-02 12:00:00,0.0
2013-04-02 13:00:00,0.44716332521336893
2013-04-02 14:00:00,0.0
2013-04-02 15:00:00,0.0
2013-04-02 16:00:00,0.0
2013-04-02 17:00:00,0.3300433004307013
2013-04-02 18:00:00,0.0
2013-04-02 19:00:00,0.421245431475716
2013-04-02 20:00:00,0.5452700243713945
2013-04-02 21:00:00,0.0
2013-04-02 22:00:00,0.38507373882396523
2013-04-02 23:00:00,-0.725479668189133
2013-04-03 00:00:00,-1.302938584924428
2013-04-03 01:00:00,-1.369974727573894
2013-04-03 02:00:00,0.0
2013-04-03 03:00:00,-1.4627741840778878
2013-04-03 04:00:00,0.0
2013-04-03 05:00:00,0.0
2013-04-03 06:00:00,-1.385484242514321
2013-04-03 07:00:00,0.0
2013-04-03 08:00:00,-0.4624362337344461
2013-04-03 09:00:00,-0.24592134410103345
2013-04-03 10:00:00,0.0
2013-04-03 11:00:00,0.0
2013-04-03 12:00:00,0.5814417170231453
2013-04-03 13:00:00,0.6175618830471866
2013-04-03 14:00:00,0.4263980942466198
2013-04-03 15:00:00,0.36626651971016794
2013-04-03 16:00:00,0.4832319646096975
2013-04-03 17:00:00,0.2561025896682205
2013-04-03 18:00:00,0.3937817389067967
2013-04-03 19:00:00,0.49874147955012443
2013-04-03 20:00:00,0.4040870644486039
2013-04-03 21:00:00,0.0
2013-04-03 22:00:00,0.0
2013-04-03 23:00:00,0.0
2013-04-04 00:00:00,0.0
2013-04-04 01:00:00,0.0
2013-04-04 02:00:00,0.0
2013-04-04 03:00:00,0.0
2013-04-04 04:00:00,-1.390636905285221
2013-04-04 05:00:00,-1.3441598870916633
2013-04-04 06:00:00,-1.302887058296715
2013-04-04 07:00:00,-0.2922953090391723
2013-04-04 08:00:00,-0.6532393361410438
2013-04-04 09:00:00,0.0
2013-04-04 10:00:00,0.26640791521002777
2013-04-04 11:00:00,0.6314225459009215
2013-04-04 12:00:00,0.0
2013-04-04 13:00:00,0.596951231963566
2013-04-04 14:00:00,0.0
2013-04-04 15:00:00,0.421245431475716
2013-04-04 16:00:00,0.17175350010851068
2013-04-04 17:00:00,0.4453598932435487
2013-04-04 18:00:00,0.0
2013-04-04 19:00:00,0.0
2013-04-04 20:00:00,0.0
2013-04-04 21:00:00,0.0
2013-04-04 22:00:00,0.0
2013-04-04 23:00:00,0.0
2013-04-05 00:00:00,0.0
2013-04-05 01:00:00,0.0
2013-04-05 02:00:00,-1.5195050011855502
2013-04-05 03:00:00,-1.5658789661236892
2013-04-05 04:00:00,0.0
2013-04-05 05:00:00,-1.6122529310618348
2013-04-05 06:00:00,-1.5658789661236925
2013-04-05 07:00:00,-0.5140143880712016
2013-04-05 08:00:00,0.0
2013-04-05 09:00:00,0.0
2013-04-05 10:00:00,0.0
2013-04-05 11:00:00,0.6072050308776673
2013-04-05 12:00:00,0.1168261149706655
2013-04-05 13:00:00,0.0
2013-04-05 14:00:00,0.0
2013-04-05 15:00:00,0.2767132407518384
2013-04-05 16:00:00,0.09446355854493714
2013-04-05 17:00:00,0.3058773120351592
2013-04-05 18:00:00,0.5297605094309714
2013-04-05 19:00:00,0.4729266390678906
2013-04-05 20:00:00,0.7003136471479177
2013-04-05 21:00:00,0.0
2013-04-05 22:00:00,0.45221293472885055
2013-04-05 23:00:00,-0.7718536331272753
2013-04-06 00:00:00,0.0
2013-04-06 01:00:00,0.0
2013-04-06 02:00:00,-1.5040470128728363
2013-04-06 03:00:00,-1.5040470128728363
2013-04-06 04:00:00,0.0
2013-04-06 05:00:00,-1.5607263033527856
2013-04-06 06:00:00,-1.3802800531157045
2013-04-06 07:00:00,0.0
2013-04-06 08:00:00,-0.5192185774698148
2013-04-06 09:00:00,-0.2562266696428403
2013-04-06 10:00:00,0.40923972721951074
2013-04-06 11:00:00,0.4815315858952991
2013-04-06 12:00:00,0.4728751124401843
2013-04-06 13:00:00,0.0
2013-04-06 14:00:00,0.0
2013-04-06 15:00:00,0.16144817456670038
2013-04-06 16:00:00,0.2061732874181506
2013-04-06 17:00:00,0.24744611621309884
2013-04-06 18:00:00,0.2147782342455667
2013-04-06 19:00:00,0.3249936909152166
2013-04-06 20:00:00,0.4263980942466198
2013-04-06 21:00:00,0.0
2013-04-06 22:00:00,0.4883846273806013
2013-04-06 23:00:00,0.0
2013-04-07 00:00:00,0.0
2013-04-07 01:00:00,0.0
2013-04-07 02:00:00,-1.4628257107055973
2013-04-07 03:00:00,0.0
2013-04-07 04:00:00,0.0
2013-04-07 05:00:00,-1.5555736405818819
2013-04-07 06:00:00,-1.4525203851637902
2013-04-07 07:00:00,-0.7821589586690826
2013-04-07 08:00:00,-0.41090960602539695
2013-04-07 09:00:00,-0.17883367482385107
2013-04-07 10:00:00,0.23719231729899795
2013-04-07 11:00:00,0.0
2013-04-07 12:00:00,0.0
2013-04-07 13:00:00,0.6847526055797843
2013-04-07 14:00:00,0.3094841759747962
2013-04-07 15:00:00,0.0
2013-04-07 16:00:00,0.4471117985856561
2013-04-07 17:00:00,0.0
2013-04-07 18:00:00,0.6588862384698412
2013-04-07 19:00:00,0.0
2013-04-07 20:00:00,0.0
2013-04-07 21:00:00,0.0
2013-04-07 22:00:00,0.0
2013-04-07 23:00:00,-0.7873631480676988
2013-04-08 00:00:00,-1.3699232009461844
2013-04-08 01:00:00,-1.3854842425143208
2013-04-08 02:00:00,-1.4421635329942701
2013-04-08 03:00:00,-1.488589024560122
2013-04-08 04:00:00,-1.5195050011855502
2013-04-08 05:00:00,-1.5143523384146467
2013-04-08 06:00:00,-1.4164002191397491
2013-04-08 07:00:00,-0.5604398796370532
2013-04-08 08:00:00,0.0
2013-04-08 09:00:00,0.0
2013-04-08 10:00:00,0.0
2013-04-08 11:00:00,0.0
2013-04-08 12:00:00,0.38337336010956763
2013-04-08 13:00:00,0.0
2013-04-08 14:00:00,0.0
2013-04-08 15:00:00,0.3833733601095638
2013-04-08 16:00:00,0.41439238999041417
2013-04-08 17:00:00,0.37816917071095096
2013-04-08 18:00:00,0.4092912538472171
2013-04-08 19:00:00,0.0
2013-04-08 20:00:00,0.0
2013-04-08 21:00:00,0.5038941423210275
2013-04-08 22:00:00,0.0
2013-04-08 23:00:00,-0.6945636915637048
2013-04-09 00:00:00,-1.308091247695328
2013-04-09 01:00:00,0.0
2013-04-09 02:00:00,0.0
2013-04-09 03:00:00,-1.4834363617892152
2013-04-09 04:00:00,0.0
2013-04-09 05:00:00,-1.488589024560122
2013-04-09 06:00:00,-1.4576215213069843
2013-04-09 07:00:00,0.0
2013-04-09 08:00:00,-0.5140659146989109
2013-04-09 09:00:00,0.0
2013-04-09 10:00:00,0.12022687239946152
2013-04-09 11:00:00,0.6279187352167036
2013-04-09 12:00:00,0.4935372901515112
2013-04-09 13:00:00,0.45226446135656295
2013-04-09 14:00:00,0.41609276870480916
2013-04-09 15:00:00,0.25084687364189484
2013-04-09 16:00:00,0.26805676729671635
2013-04-09 17:00:00,0.0
2013-04-09 18:00:00,0.0
2013-04-09 19:00:00,0.4626213135260869
2013-04-09 20:00:00,0.0
2013-04-09 21:00:00,0.4057359165352925
2013-04-09 22:00:00,0.0
2013-04-09 23:00:00,0.0
2013-04-10 00:00:00,-1.3183965732371385
2013-04-10 01:00:00,-1.4060948935979352
2013-04-10 02:00:00,-1.3957895680561279
2013-04-10 03:00:00,-1.5091996756437431
2013-04-10 04:00:00,0.0
2013-04-10 05:00:00,0.0
2013-04-10 06:00:00,-1.4267570713092657
2013-04-10 07:00:00,0.0
2013-04-10 08:00:00,-0.37484096662906535
2013-04-10 09:00:00,0.0
2013-04-10 10:00:00,0.0
2013-04-10 11:00:00,0.6227660724458028
2013-04-10 12:00:00,0.0
2013-04-10 13:00:00,0.43160228364523606
2013-04-10 14:00:00,0.4763789231243991
2013-04-10 15:00:00,0.0
2013-04-10 16:00:00,0.35245738348413597
2013-04-10 17:00:00,0.0
2013-04-10 18:00:00,0.0
2013-04-10 19:00:00,0.0
2013-04-10 20:00:00,0.7311780971456364
2013-04-10 21:00:00,0.0
2013-04-10 22:00:00,0.0
2013-04-10 23:00:00,-0.7048174904778062
2013-04-11 00:00:00,0.0
2013-04-11 01:00:00,-1.3648735914306998
2013-04-11 02:00:00,0.0
2013-04-11 03:00:00,-1.4215528819106493
2013-04-11 04:00:00,-1.478232172390602
2013-04-11 05:00:00,0.0
2013-04-11 06:00:00,0.0
2013-04-11 07:00:00,-0.6068138445751955
2013-04-11 08:00:00,0.0
2013-04-11 09:00:00,0.0
2013-04-11 10:00:00,0.0
2013-04-11 11:00:00,0.7105674460620189
2013-04-11 12:00:00,0.0
2013-04-11 13:00:00,0.37992107605305836
2013-04-11 14:00:00,0.0
2013-04-11 15:00:00,0.3041769333207612
2013-04-11 16:00:00,0.0
2013-04-11 17:00:00,0.28877047163575303
2013-04-11 18:00:00,0.3885775495081804
2013-04-11 19:00:00,0.5814417170231461
2013-04-11 20:00:00,0.7002621205202113
2013-04-11 21:00:00,0.8191340506449799
2013-04-11 22:00:00,0.0
2013-04-11 23:00:00,0.0
2013-04-12 00:00:00,-1.2101391284204304
2013-04-12 01:00:00,-1.3339060881775622
2013-04-12 02:00:00,0.0
2013-04-12 03:00:00,-1.4060948935979385
2013-04-12 04:00:00,-1.4628257107055973
2013-04-12 05:00:00,-1.45252038516379
2013-04-12 06:00:00,0.0
2013-04-12 07:00:00,0.0
2013-04-12 08:00:00,-0.5398292285534323
2013-04-12 09:00:00,0.0
2013-04-12 10:00:00,0.0
2013-04-12 11:00:00,0.0
2013-04-12 12:00:00,0.0
2013-04-12 13:00:00,0.36796689842456254
2013-04-12 14:00:00,0.3351959632016116
2013-04-12 15:00:00,0.10471735745903804
2013-04-12 16:00:00,0.21472670761785692
2013-04-12 17:00:00,0.2613067790668337
2013-04-12 18:00:00,0.0
2013-04-12 19:00:00,0.571084864853629
2013-04-12 20:00:00,0.7725539791960034
2013-04-12 21:00:00,0.0
2013-04-12 22:00:00,0.0
2013-04-12 23:00:00,-0.6102661286317044
2013-04-13 00:00:00,-1.179223151794999
2013-04-13 01:00:00,0.0
2013-04-13 02:00:00,-1.3390587509484657
2013-04-13 03:00:00,0.0
2013-04-13 04:00:00,-1.4525203851637936
2013-04-13 05:00:00,-1.4319097340801725
2013-04-13 06:00:00,-1.2101391284204304
2013-04-13 07:00:00,-0.5862031934915746
2013-04-13 08:00:00,-0.24592134410102964
2013-04-13 09:00:00,0.0
2013-04-13 10:00:00,0.0
2013-04-13 11:00:00,0.0
2013-04-13 12:00:00,0.0
2013-04-13 13:00:00,0.0
2013-04-13 14:00:00,0.0
2013-04-13 15:00:00,0.0
2013-04-13 16:00:00,0.2715090513532256
2013-04-13 17:00:00,0.0
2013-04-13 18:00:00,0.5607795393118153
2013-04-13 19:00:00,0.0
2013-04-13 20:00:00,0.8087771984754598
2013-04-13 21:00:00,0.0
2013-04-13 22:00:00,0.6382240607585173
2013-04-13 23:00:00,-0.6893079755373827
2013-04-14 00:00:00,0.0
2013-04-14 01:00:00,-1.2720226082989963
2013-04-14 02:00:00,-1.3905853786575149
2013-04-14 03:00:00,-1.4267055446815562
2013-04-14 04:00:00,0.0
2013-04-14 05:00:00,-1.457673047934697
2013-04-14 06:00:00,-1.3647705381752775
2013-04-14 07:00:00,0.0
2013-04-14 08:00:00,0.0
2013-04-14 09:00:00,0.0
2013-04-14 10:00:00,0.1322325766556702
2013-04-14 11:00:00,0.0
2013-04-14 12:00:00,0.0
2013-04-14 13:00:00,0.5401173616004876
2013-04-14 14:00:00,0.0
2013-04-14 15:00:00,0.29041932372244167
2013-04-14 16:00:00,0.33519596320160816
2013-04-14 17:00:00,0.0
2013-04-14 18:00:00,0.4040355378208976
2013-04-14 19:00:00,0.421245431475716
2013-04-14 20:00:00,0.5401173616004876
2013-04-14 21:00:00,0.689905268350692
2013-04-14 22:00:00,0.0
2013-04-14 23:00:00,-0.6120180339738087
2013-04-15 00:00:00,-1.1173396719164366
2013-04-15 01:00:00,0.0
2013-04-15 02:00:00,0.0
2013-04-15 03:00:00,-1.302887058296715
2013-04-15 04:00:00,-1.3545167392611832
2013-04-15 05:00:00,-1.3183450466094258
2013-04-15 06:00:00,-1.297785922153521
2013-04-15 07:00:00,-0.3954000910849735
2013-04-15 08:00:00,-0.4624362337344465
2013-04-15 09:00:00,-0.11184905880208439
2013-04-15 10:00:00,0.0
2013-04-15 11:00:00,0.7106189726897245
2013-04-15 12:00:00,0.0
2013-04-15 13:00:00,0.0
2013-04-15 14:00:00,0.0
2013-04-15 15:00:00,0.2405415481000842
2013-04-15 16:00:00,0.0
2013-04-15 17:00:00,0.1666008373376038
2013-04-15 18:00:00,0.32999177380298844
2013-04-15 19:00:00,0.0
2013-04-15 20:00:00,0.4143923899904111
2013-04-15 21:00:00,0.5555753499132051
2013-04-15 22:00:00,0.0
2013-04-15 23:00:00,-0.7048174904778057
2013-04-16 00:00:00,0.0
2013-04-16 01:00:00,0.0
2013-04-16 02:00:00,-1.3545167392611832
2013-04-16 03:00:00,-1.4215528819106524
2013-04-16 04:00:00,-1.4628257107055973
2013-04-16 05:00:00,0.0
2013-04-16 06:00:00,-1.416451745767455
2013-04-16 07:00:00,0.0
2013-04-16 08:00:00,-0.4161137954240132
2013-04-16 09:00:00,-0.23561601855921935
2013-04-16 10:00:00,0.0840551797477073
2013-04-16 11:00:00,0.0
2013-04-16 12:00:00,0.39537906436577286
2013-04-16 13:00:00,0.3351959632016047
2013-04-16 14:00:00,0.35585814091293544
2013-04-16 15:00:00,0.26630486195460895
2013-04-16 16:00:00,0.2715090513532256
2013-04-16 17:00:00,0.31968644826118464
2013-04-16 18:00:00,0.0
2013-04-16 19:00:00,0.4143408633627052
2013-04-16 20:00:00,0.5710848648536252
2013-04-16 21:00:00,0.6227145458180943
2013-04-16 22:00:00,0.0
2013-04-16 23:00:00,-0.658391998911951
2013-04-17 00:00:00,-1.215291791191334
2013-04-17 01:00:00,0.0
2013-04-17 02:00:00,0.0
2013-04-17 03:00:00,-1.3802800531157042
2013-04-17 04:00:00,-1.4060948935979385
2013-04-17 05:00:00,-1.375127390344801
2013-04-17 06:00:00,0.0
2013-04-17 07:00:00,0.0
2013-04-17 08:00:00,-0.4057569432544935
2013-04-17 09:00:00,-0.18398633759475486
2013-04-17 10:00:00,0.0
2013-04-17 11:00:00,0.5642318233683207
2013-04-17 12:00:00,0.0
2013-04-17 13:00:00,0.0
2013-04-17 14:00:00,0.4263980942466198
2013-04-17 15:00:00,0.0
2013-04-17 16:00:00,0.0
2013-04-17 17:00:00,0.4211939048480066
2013-04-17 18:00:00,0.576237527624529
2013-04-17 19:00:00,0.0
2013-04-17 20:00:00,0.5452700243713945
2013-04-17 21:00:00,0.7054663099188206
2013-04-17 22:00:00,0.46772244966927745
2013-04-17 23:00:00,0.0
2013-04-18 00:00:00,-1.2101391284204304
2013-04-18 01:00:00,-1.2616657561294762
2013-04-18 02:00:00,-1.2977343955258114
2013-04-18 03:00:00,-1.3700262542016066
2013-04-18 04:00:00,0.0
2013-04-18 05:00:00,-1.3699747275738905
2013-04-18 06:00:00,-1.313243910466235
2013-04-18 07:00:00,-0.44697824542173203
2013-04-18 08:00:00,-0.5295239030116251
2013-04-18 09:00:00,0.0
2013-04-18 10:00:00,-0.11700172157299124
2013-04-18 11:00:00,0.5228559413179605
2013-04-18 12:00:00,0.0
2013-04-18 13:00:00,0.0
2013-04-18 14:00:00,0.0
2013-04-18 15:00:00,0.1511428490248897
2013-04-18 16:00:00,0.12017534577175214
2013-04-18 17:00:00,0.24579726412641367
2013-04-18 18:00:00,0.4246977155322214
2013-04-18 19:00:00,0.0
2013-04-18 20:00:00,0.0
2013-04-18 21:00:00,0.7312296237733489
2013-04-18 22:00:00,0.0
2013-04-18 23:00:00,-0.761548307585465
2013-04-19 00:00:00,0.0
2013-04-19 01:00:00,-1.3596694020320834
2013-04-19 02:00:00,0.0
2013-04-19 03:00:00,-1.447316195765174
2013-04-19 04:00:00,-1.5091996756437431
2013-04-19 05:00:00,-1.5349629894982644
2013-04-19 06:00:00,-1.4627741840778878
2013-04-19 07:00:00,-0.5655925424079601
2013-04-19 08:00:00,0.0
2013-04-19 09:00:00,0.0
2013-04-19 10:00:00,-0.10664486940347119
2013-04-19 11:00:00,0.0
2013-04-19 12:00:00,0.24224192681448564
2013-04-19 13:00:00,0.0
2013-04-19 14:00:00,0.13568486071217561
2013-04-19 15:00:00,0.125328008542659
2013-04-19 16:00:00,0.0
2013-04-19 17:00:00,0.0
2013-04-19 18:00:00,0.38337336010956763
2013-04-19 19:00:00,0.4608694081839722
2013-04-19 20:00:00,0.6951094577493074
2013-04-19 21:00:00,0.7777581685946167
2013-04-19 22:00:00,0.46777397629698686
2013-04-19 23:00:00,-0.606865371202905
2013-04-20 00:00:00,-1.2462077678167656
2013-04-20 01:00:00,-1.333906088177562
2013-04-20 02:00:00,-1.3648735914306998
2013-04-20 03:00:00,-1.4060948935979385
2013-04-20 04:00:00,-1.5195050011855502
2013-04-20 05:00:00,0.0
2013-04-20 06:00:00,0.0
2013-04-20 07:00:00,0.0
2013-04-20 08:00:00,0.0
2013-04-20 09:00:00,-0.2235587876753047
2013-04-20 10:00:00,0.17860654159380904
2013-04-20 11:00:00,0.7261284876301484
2013-04-20 12:00:00,0.6021038947344691
2013-04-20 13:00:00,0.5400143083450688
2013-04-20 14:00:00,0.0
2013-04-20 15:00:00,0.4883846273806013
2013-04-20 16:00:00,0.0
2013-04-20 17:00:00,0.5143025211182569
2013-04-20 18:00:00,0.560728012684109
2013-04-20 19:00:00,0.5555753499132051
2013-04-20 20:00:00,0.6279187352167036
2013-04-20 21:00:00,0.7208727716038258
2013-04-20 22:00:00,0.684701078952078
2013-04-20 23:00:00,0.0
2013-04-21 00:00:00,-1.1895284773368129
2013-04-21 01:00:00,0.0
2013-04-21 02:00:00,0.0
2013-04-21 03:00:00,-1.447316195765174
2013-04-21 04:00:00,-1.447316195765174
2013-04-21 05:00:00,-1.4009422308270316
2013-04-21 06:00:00,-1.4060948935979385
2013-04-21 07:00:00,0.0
2013-04-21 08:00:00,-0.5552356902384404
2013-04-21 09:00:00,-0.22010650361879586
2013-04-21 10:00:00,0.0
2013-04-21 11:00:00,0.0
2013-04-21 12:00:00,0.648632439555743
2013-04-21 13:00:00,0.49358881677921757
2013-04-21 14:00:00,0.0
2013-04-21 15:00:00,0.3145337854902809
2013-04-21 16:00:00,0.0
2013-04-21 17:00:00,0.3249421642875103
2013-04-21 18:00:00,0.4780793018387937
2013-04-21 19:00:00,0.5298120360586808
2013-04-21 20:00:00,0.4728751124401805
2013-04-21 21:00:00,0.5349131722018752
2013-04-21 22:00:00,0.4780793018387975
2013-04-21 23:00:00,-0.3885470495996717
2013-04-22 00:00:00,0.0
2013-04-22 01:00:00,0.0
2013-04-22 02:00:00,-1.158560974083672
2013-04-22 03:00:00,0.0
2013-04-22 04:00:00,-1.2359024422749552
2013-04-22 05:00:00,-1.2307497795040514
2013-04-22 06:00:00,-1.034742487698834
2013-04-22 07:00:00,0.0
2013-04-22 08:00:00,0.0
2013-04-22 09:00:00,-0.3026006345809795
2013-04-22 10:00:00,0.0
2013-04-22 11:00:00,0.0
2013-04-22 12:00:00,0.0
2013-04-22 13:00:00,0.0
2013-04-22 14:00:00,0.4005832537643891
2013-04-22 15:00:00,0.37816917071095096
2013-04-22 16:00:00,0.0
2013-04-22 17:00:00,0.0
2013-04-22 18:00:00,0.5090983317196407
2013-04-22 19:00:00,0.0
2013-04-22 20:00:00,0.0
2013-04-22 21:00:00,0.5090983317196414
2013-04-22 22:00:00,0.388526022880471
2013-04-22 23:00:00,-0.6893079755373827
2013-04-23 00:00:00,0.0
2013-04-23 01:00:00,0.0
2013-04-23 02:00:00,-1.3029385849244244
2013-04-23 03:00:00,-1.3803831063711267
2013-04-23 04:00:00,-1.421604408538362
2013-04-23 05:00:00,0.0
2013-04-23 06:00:00,-1.3080397210676185
2013-04-23 07:00:00,-0.36963677723044874
2013-04-23 08:00:00,-0.4006042804835863
2013-04-23 09:00:00,0.0
2013-04-23 10:00:00,0.0
2013-04-23 11:00:00,0.0
2013-04-23 12:00:00,0.0
2013-04-23 13:00:00,0.0
2013-04-23 14:00:00,0.41604124207709975
2013-04-23 15:00:00,0.4350030410740321
2013-04-23 16:00:00,0.0
2013-04-23 17:00:00,0.5401173616004914
2013-04-23 18:00:00,0.6743957534102644
2013-04-23 19:00:00,0.782962357993226
2013-04-23 20:00:00,0.7829623579932291
2013-04-23 21:00:00,0.7415864759428651
2013-04-23 22:00:00,0.0
2013-04-23 23:00:00,0.0
2013-04-24 00:00:00,-1.1637136368545788
2013-04-24 01:00:00,-1.2668699455280927
2013-04-24 02:00:00,0.0
2013-04-24 03:00:00,-1.385432715886608
2013-04-24 04:00:00,-1.4215013552829396
2013-04-24 05:00:00,0.0
2013-04-24 06:00:00,0.0
2013-04-24 07:00:00,0.0
2013-04-24 08:00:00,-0.49855639975848404
2013-04-24 09:00:00,-0.27168465795555097
2013-04-24 10:00:00,0.12017534577175214
2013-04-24 11:00:00,0.6382755873862229
2013-04-24 12:00:00,0.0
2013-04-24 13:00:00,0.5229074679456692
2013-04-24 14:00:00,0.5556268765409115
2013-04-24 15:00:00,0.32483911103208807
2013-04-24 16:00:00,0.3385451940026948
2013-04-24 17:00:00,0.0
2013-04-24 18:00:00,0.6279187352167067
2013-04-24 19:00:00,0.7209242982315383
2013-04-24 20:00:00,0.7054147832911121
2013-04-24 21:00:00,0.7519433281123821
2013-04-24 22:00:00,0.0
2013-04-24 23:00:00,0.0
2013-04-25 00:00:00,-1.210139128420427
2013-04-25 01:00:00,0.0
2013-04-25 02:00:00,-1.1998338028786197
2013-04-25 03:00:00,-1.3183965732371385
2013-04-25 04:00:00,-1.4009422308270316
2013-04-25 05:00:00,-1.3802800531157011
2013-04-25 06:00:00,-1.3390072243207596
2013-04-25 07:00:00,0.0
2013-04-25 08:00:00,-0.19954737916288773
2013-04-25 09:00:00,0.0
2013-04-25 10:00:00,0.0
2013-04-25 11:00:00,0.0
2013-04-25 12:00:00,0.6640904278684544
2013-04-25 13:00:00,0.0
2013-04-25 14:00:00,0.5607795393118153
2013-04-25 15:00:00,0.0
2013-04-25 16:00:00,0.3041769333207612
2013-04-25 17:00:00,0.37816917071095096
2013-04-25 18:00:00,0.47807930183879677
2013-04-25 19:00:00,0.571084864853626
2013-04-25 20:00:00,0.0
2013-04-25 21:00:00,0.8501015538981175
2013-04-25 22:00:00,0.6227145458180905
2013-04-25 23:00:00,-0.5088617253002978
2013-04-26 00:00:00,-1.2152917911913372
2013-04-26 01:00:00,-1.2307497795040514
2013-04-26 02:00:00,0.0
2013-04-26 03:00:00,-1.3338545615498525
2013-04-26 04:00:00,-1.385432715886608
2013-04-26 05:00:00,-1.3596694020320867
2013-04-26 06:00:00,-1.3236007626357518
2013-04-26 07:00:00,0.0
2013-04-26 08:00:00,-0.31805862289369363
2013-04-26 09:00:00,-0.14791769819841943
2013-04-26 10:00:00,0.36271118239823685
2013-04-26 11:00:00,0.0
2013-04-26 12:00:00,0.0
2013-04-26 13:00:00,0.0
2013-04-26 14:00:00,0.0
2013-04-26 15:00:00,0.0
2013-04-26 16:00:00,0.0
2013-04-26 17:00:00,0.29907579717756333
2013-04-26 18:00:00,0.6434282501571306
2013-04-26 19:00:00,0.0
2013-04-26 20:00:00,0.8863247731775745
2013-04-26 21:00:00,0.0
2013-04-26 22:00:00,0.7312296237733458
2013-04-26 23:00:00,-0.6531878095133378
2013-04-27 00:00:00,-1.2204444539622412
2013-04-27 01:00:00,0.0
2013-04-27 02:00:00,-1.3442114137193726
2013-04-27 03:00:00,0.0
2013-04-27 04:00:00,0.0
2013-04-27 05:00:00,-1.524657663956457
2013-04-27 06:00:00,-1.297734395525808
2013-04-27 07:00:00,-0.42121493156720763
2013-04-27 08:00:00,-0.4934037369875806
2013-04-27 09:00:00,-0.00503435956123046
2013-04-27 10:00:00,0.17350540545061502
2013-04-27 11:00:00,0.0
2013-04-27 12:00:00,0.30427998657617994
2013-04-27 13:00:00,0.45056408264216535
2013-04-27 14:00:00,0.22513508641507987
2013-04-27 15:00:00,0.27836209283852703
2013-04-27 16:00:00,0.1528432277392877
2013-04-27 17:00:00,0.19241567781983795
2013-04-27 18:00:00,0.0
2013-04-27 19:00:00,0.3299917738029915
2013-04-27 20:00:00,0.41614429533252195
2013-04-27 21:00:00,0.0
2013-04-27 22:00:00,0.0
2013-04-27 23:00:00,0.0
2013-04-28 00:00:00,-1.308142774323041
2013-04-28 01:00:00,0.0
2013-04-28 02:00:00,0.0
2013-04-28 03:00:00,0.0
2013-04-28 04:00:00,-1.565930492751401
2013-04-28 05:00:00,-1.5761842916655031
2013-04-28 06:00:00,-1.5143523384146431
2013-04-28 07:00:00,-0.503709062529391
2013-04-28 08:00:00,-0.7151228160196134
2013-04-28 09:00:00,-0.42636759433811106
2013-04-28 10:00:00,0.32143835360328865
2013-04-28 11:00:00,0.0
2013-04-28 12:00:00,0.0
2013-04-28 13:00:00,0.23198812790038476
2013-04-28 14:00:00,0.12707991388476333
2013-04-28 15:00:00,0.15119437565259947
2013-04-28 16:00:00,0.13223257665567364
2013-04-28 17:00:00,0.20452443533146197
2013-04-28 18:00:00,0.28871894500804707
2013-04-28 19:00:00,0.5090983317196414
2013-04-28 20:00:00,0.0
2013-04-28 21:00:00,0.5142509944905476
2013-04-28 22:00:00,0.0
2013-04-28 23:00:00,-0.7512429820436578
2013-04-29 00:00:00,-1.3390072243207596
2013-04-29 01:00:00,-1.447316195765174
2013-04-29 02:00:00,-1.4988943501019325
2013-04-29 03:00:00,0.0
2013-04-29 04:00:00,-1.540115652269168
2013-04-29 05:00:00,-1.560726303352789
2013-04-29 06:00:00,0.0
2013-04-29 07:00:00,-0.6326286850574296
2013-04-29 08:00:00,0.0
2013-04-29 09:00:00,-0.41611379542401017
2013-04-29 10:00:00,0.0
2013-04-29 11:00:00,0.0
2013-04-29 12:00:00,0.21993089701646668
2013-04-29 13:00:00,0.0
2013-04-29 14:00:00,0.13223257665566676
2013-04-29 15:00:00,0.0
2013-04-29 16:00:00,0.1511428490248897
2013-04-29 17:00:00,0.2956235131210579
2013-04-29 18:00:00,0.2525987789840023
2013-04-29 19:00:00,0.5866459064217584
2013-04-29 20:00:00,0.5762375276245321
2013-04-29 21:00:00,0.5710848648536221
2013-04-29 22:00:00,0.0
2013-04-29 23:00:00,0.0
2013-04-30 00:00:00,0.0
2013-04-30 01:00:00,0.0
2013-04-30 02:00:00,-1.3906369052852243
2013-04-30 03:00:00,-1.4628257107055973
2013-04-30 04:00:00,0.0
2013-04-30 05:00:00,0.0
2013-04-30 06:00:00,0.0
2013-04-30 07:00:00,-0.47279308590396274
2013-04-30 08:00:00,-0.5243712402407182
2013-04-30 09:00:00,-0.4624877603621555
2013-04-30 10:00:00,0.0016125754132334186
2013-04-30 11:00:00,0.0
2013-04-30 12:00:00,0.0
2013-04-30 13:00:00,0.0
2013-04-30 14:00:00,0.2938716077789505
2013-04-30 15:00:00,0.0
2013-04-30 16:00:00,0.17170197348080127
2013-04-30 17:00:00,0.23544041195689017
2013-04-30 18:00:00,0.0
2013-04-30 19:00:00,0.421245431475716
2013-04-30 20:00:00,0.4160927687048126
2013-04-30 21:00:00,0.0
2013-04-30 22:00:00,0.0
2013-04-30 23:00:00,-0.7718021064995625
2013-05-01 00:00:00,0.0
2013-05-01 01:00:00,-1.4009422308270316
2013-05-01 02:00:00,0.0
2013-05-01 03:00:00,0.0
2013-05-01 04:00:00,-1.488589024560122
2013-05-01 05:00:00,-1.4679783734765044
2013-05-01 06:00:00,0.0
2013-05-01 07:00:00,-0.524422766868431
2013-05-01 08:00:00,-0.5914073828901908
2013-05-01 09:00:00,0.0
2013-05-01 10:00:00,0.125328008542659
2013-05-01 11:00:00,0.0
2013-05-01 12:00:00,0.36276270902594626
2013-05-01 13:00:00,0.2508468736418983
2013-05-01 14:00:00,0.0
2013-05-01 15:00:00,0.0
2013-05-01 16:00:00,0.40923972721951113
2013-05-01 17:00:00,0.33519596320160816
2013-05-01 18:00:00,0.0
2013-05-01 19:00:00,0.4815315858953029
2013-05-01 20:00:00,0.7519433281123791
2013-05-01 21:00:00,0.0
2013-05-01 22:00:00,0.4522644613565599
2013-05-01 23:00:00,0.0
2013-05-02 00:00:00,-1.3287018987789492
2013-05-02 01:00:00,-1.3699232009461844
2013-05-02 02:00:00,-1.4267055446815562
2013-05-02 03:00:00,0.0
2013-05-02 04:00:00,-1.4730795096197018
2013-05-02 05:00:00,-1.4937416873310254
2013-05-02 06:00:00,0.0
2013-05-02 07:00:00,-0.606865371202905
2013-05-02 08:00:00,-0.5398292285534392
2013-05-02 09:00:00,-0.5088101986725884
2013-05-02 10:00:00,-0.18919052699336425
2013-05-02 11:00:00,0.0
2013-05-02 12:00:00,0.17870959484922783
2013-05-02 13:00:00,0.23724384392670694
2013-05-02 14:00:00,0.0
2013-05-02 15:00:00,0.0
2013-05-02 16:00:00,0.1580474171379009
2013-05-02 17:00:00,0.0
2013-05-02 18:00:00,0.0
2013-05-02 19:00:00,0.0
2013-05-02 20:00:00,0.0
2013-05-02 21:00:00,0.32483911103208807
2013-05-02 22:00:00,0.12022687239945809
2013-05-02 23:00:00,-0.8595004268603624
2013-05-03 00:00:00,-1.328701898778949
2013-05-03 01:00:00,-1.3390587509484657
2013-05-03 02:00:00,-1.4216044085383621
2013-05-03 03:00:00,-1.4370623968510727
2013-05-03 04:00:00,-1.5143523384146433
2013-05-03 05:00:00,-1.457673047934694
2013-05-03 06:00:00,-1.4318582074524597
2013-05-03 07:00:00,-0.3851462921708722
2013-05-03 08:00:00,-0.622323359515619
2013-05-03 09:00:00,-0.48304688481806746
2013-05-03 10:00:00,-0.10154373326028059
2013-05-03 11:00:00,0.48163463915071786
2013-05-03 12:00:00,0.0
2013-05-03 13:00:00,0.0
2013-05-03 14:00:00,0.5038941423210244
2013-05-03 15:00:00,0.4522644613565599
2013-05-03 16:00:00,0.28356628223714025
2013-05-03 17:00:00,0.33519596320160816
2013-05-03 18:00:00,0.4263980942466198
2013-05-03 19:00:00,0.0
2013-05-03 20:00:00,0.0
2013-05-03 21:00:00,0.586594379794049
2013-05-03 22:00:00,0.2559995364128017
2013-05-03 23:00:00,0.0
2013-05-04 00:00:00,-1.1586125007113812
2013-05-04 01:00:00,0.0
2013-05-04 02:00:00,-1.3338545615498494
2013-05-04 03:00:00,-1.3390587509484657
2013-05-04 04:00:00,-1.3957895680561279
2013-05-04 05:00:00,0.0
2013-05-04 06:00:00,-1.1843242879381997
2013-05-04 07:00:00,-0.32326281229230985
2013-05-04 08:00:00,0.0
2013-05-04 09:00:00,-0.16342721313884292
2013-05-04 10:00:00,0.31288493340359225
2013-05-04 11:00:00,0.813981387874073
2013-05-04 12:00:00,0.7002105938924988
2013-05-04 13:00:00,0.576237527624529
2013-05-04 14:00:00,0.5813901903954328
2013-05-04 15:00:00,0.5504226871423021
2013-05-04 16:00:00,0.0
2013-05-04 17:00:00,0.0
2013-05-04 18:00:00,0.6434282501571298
2013-05-04 19:00:00,0.0
2013-05-04 20:00:00,0.6743957534102681
2013-05-04 21:00:00,0.6227660724457967
2013-05-04 22:00:00,0.0
2013-05-04 23:00:00,-0.6893595021650886
2013-05-05 00:00:00,-1.1792231517950023
2013-05-05 01:00:00,0.0
2013-05-05 02:00:00,0.0
2013-05-05 03:00:00,-1.3957895680561279
2013-05-05 04:00:00,-1.421604408538362
2013-05-05 05:00:00,-1.406146420225648
2013-05-05 06:00:00,0.0
2013-05-05 07:00:00,0.0
2013-05-05 08:00:00,0.0
2013-05-05 09:00:00,0.0
2013-05-05 10:00:00,0.0
2013-05-05 11:00:00,0.5814417170231453
2013-05-05 12:00:00,0.534861645574165
2013-05-05 13:00:00,0.0
2013-05-05 14:00:00,0.0
2013-05-05 15:00:00,0.4143408633627052
2013-05-05 16:00:00,0.0
2013-05-05 17:00:00,0.4418560825593335
2013-05-05 18:00:00,0.46772244966927745
2013-05-05 19:00:00,0.6020523681067665
2013-05-05 20:00:00,0.5865943797940529
2013-05-05 21:00:00,0.0
2013-05-05 22:00:00,0.5504226871422983
2013-05-05 23:00:00,0.0
2013-05-06 00:00:00,0.0
2013-05-06 01:00:00,-1.2204444539622408
2013-05-06 02:00:00,-1.3441598870916633
2013-05-06 03:00:00,-1.3957895680561279
2013-05-06 04:00:00,-1.3751789169725102
2013-05-06 05:00:00,0.0
2013-05-06 06:00:00,-1.1586125007113843
2013-05-06 07:00:00,-0.3644841144595453
2013-05-06 08:00:00,-0.5089132519280041
2013-05-06 09:00:00,0.0
2013-05-06 10:00:00,0.0
2013-05-06 11:00:00,0.5246078466600675
2013-05-06 12:00:00,0.5349131722018752
2013-05-06 13:00:00,0.0
2013-05-06 14:00:00,0.0
2013-05-06 15:00:00,0.44025875710035467
2013-05-06 16:00:00,0.3472016674578134
2013-05-06 17:00:00,0.4557167454130684
2013-05-06 18:00:00,0.6124092202762829
2013-05-06 19:00:00,0.788115020764136
2013-05-06 20:00:00,0.767452843052806
2013-05-06 21:00:00,0.0
2013-05-06 22:00:00,0.4677224496692805
2013-05-06 23:00:00,-0.4624362337344465
2013-05-07 00:00:00,0.0
2013-05-07 01:00:00,0.0
2013-05-07 02:00:00,0.0
2013-05-07 03:00:00,-1.4885890245601254
2013-05-07 04:00:00,0.0
2013-05-07 05:00:00,-1.5607263033527923
2013-05-07 06:00:00,-1.457673047934694
2013-05-07 07:00:00,-0.6068138445751955
2013-05-07 08:00:00,-0.2459213441010266
2013-05-07 09:00:00,0.0
2013-05-07 10:00:00,0.0
2013-05-07 11:00:00,0.0
2013-05-07 12:00:00,0.34730472071323215
2013-05-07 13:00:00,0.0
2013-05-07 14:00:00,0.38512526545167464
2013-05-07 15:00:00,0.0
2013-05-07 16:00:00,0.283669335492559
2013-05-07 17:00:00,0.2956750397487673
2013-05-07 18:00:00,0.0
2013-05-07 19:00:00,0.5142509944905482
2013-05-07 20:00:00,0.0
2013-05-07 21:00:00,0.7932676835350397
2013-05-07 22:00:00,0.0
2013-05-07 23:00:00,-0.5398292285534357
2013-05-08 00:00:00,0.0
2013-05-08 01:00:00,-1.2616657561294795
2013-05-08 02:00:00,-1.2771237444421937
2013-05-08 03:00:00,-1.3441598870916598
2013-05-08 04:00:00,-1.3390072243207563
2013-05-08 05:00:00,0.0
2013-05-08 06:00:00,-1.0244886887847366
2013-05-08 07:00:00,-0.5739913827245352
2013-05-08 08:00:00,0.0
2013-05-08 09:00:00,0.0
2013-05-08 10:00:00,0.1631485532810984
2013-05-08 11:00:00,0.617613409674896
2013-05-08 12:00:00,0.3833218334818548
2013-05-08 13:00:00,0.0
2013-05-08 14:00:00,0.4625697868983706
2013-05-08 15:00:00,0.0
2013-05-08 16:00:00,0.0
2013-05-08 17:00:00,0.42474924215993426
2013-05-08 18:00:00,0.0
2013-05-08 19:00:00,0.5814417170231461
2013-05-08 20:00:00,0.0
2013-05-08 21:00:00,0.6950579311215989
2013-05-08 22:00:00,0.0
2013-05-08 23:00:00,-0.6377813478283331
2013-05-09 00:00:00,-1.1792231517950023
2013-05-09 01:00:00,0.0
2013-05-09 02:00:00,-1.2565130933585726
2013-05-09 03:00:00,0.0
2013-05-09 04:00:00,0.0
2013-05-09 05:00:00,-1.3596694020320867
2013-05-09 06:00:00,0.0
2013-05-09 07:00:00,-0.41090960602539695
2013-05-09 08:00:00,0.0
2013-05-09 09:00:00,-0.1428165620552254
2013-05-09 10:00:00,0.25940029384159774
2013-05-09 11:00:00,0.7829623579932291
2013-05-09 12:00:00,0.5969512319635691
2013-05-09 13:00:00,0.0
2013-05-09 14:00:00,0.0
2013-05-09 15:00:00,0.6744472800379745
2013-05-09 16:00:00,0.0
2013-05-09 17:00:00,0.0
2013-05-09 18:00:00,0.4367549464161395
2013-05-09 19:00:00,0.0
2013-05-09 20:00:00,0.6692430906393613
2013-05-09 21:00:00,0.0
2013-05-09 22:00:00,0.0
2013-05-09 23:00:00,0.0
2013-05-10 00:00:00,-1.246207767816762
2013-05-10 01:00:00,-1.297734395525808
2013-05-10 02:00:00,0.0
2013-05-10 03:00:00,-1.3596694020320867
2013-05-10 04:00:00,-1.4008907041993222
2013-05-10 05:00:00,0.0
2013-05-10 06:00:00,-1.2823279338408033
2013-05-10 07:00:00,-0.3438734633759312
2013-05-10 08:00:00,0.0
2013-05-10 09:00:00,0.0
2013-05-10 10:00:00,0.36786384516914067
2013-05-10 11:00:00,0.0
2013-05-10 12:00:00,0.0
2013-05-10 13:00:00,0.0
2013-05-10 14:00:00,0.4367034197884301
2013-05-10 15:00:00,0.3954305909934822
2013-05-10 16:00:00,0.0
2013-05-10 17:00:00,0.42469771553222485
2013-05-10 18:00:00,0.5711363914813353
2013-05-10 19:00:00,0.6227660724458036
2013-05-10 20:00:00,0.49874147955012443
2013-05-10 21:00:00,0.5969512319635691
2013-05-10 22:00:00,0.0
2013-05-10 23:00:00,-0.5913558562624849
2013-05-11 00:00:00,-1.2049864656495235
2013-05-11 01:00:00,0.0
2013-05-11 02:00:00,-1.2617172827571859
2013-05-11 03:00:00,0.0
2013-05-11 04:00:00,-1.3648735914306998
2013-05-11 05:00:00,-1.3957380414284217
2013-05-11 06:00:00,0.0
2013-05-11 07:00:00,-0.3438734633759274
2013-05-11 08:00:00,-0.4830984114457734
2013-05-11 09:00:00,-0.058364419240096777
2013-05-11 10:00:00,0.0
2013-05-11 11:00:00,0.7157201088329227
2013-05-11 12:00:00,0.5762375276245328
2013-05-11 13:00:00,0.5504226871422983
2013-05-11 14:00:00,0.0
2013-05-11 15:00:00,0.3351959632016047
2013-05-11 16:00:00,0.48838462738060434
2013-05-11 17:00:00,0.0
2013-05-11 18:00:00,0.7570959908832859
2013-05-11 19:00:00,0.7157716354606283
2013-05-11 20:00:00,0.0
2013-05-11 21:00:00,0.4263980942466198
2013-05-11 22:00:00,0.0
2013-05-11 23:00:00,0.0
2013-05-12 00:00:00,-1.1894769507091036
2013-05-12 01:00:00,-1.2462592944444715
2013-05-12 02:00:00,0.0
2013-05-12 03:00:00,0.0
2013-05-12 04:00:00,0.0
2013-05-12 05:00:00,-1.4112475563688387
2013-05-12 06:00:00,0.0
2013-05-12 07:00:00,0.0
2013-05-12 08:00:00,0.0
2013-05-12 09:00:00,0.0
2013-05-12 10:00:00,-0.04996557892352168
2013-05-12 11:00:00,0.480037313691739
2013-05-12 12:00:00,0.4471117985856561
2013-05-12 13:00:00,0.3850737388239622
2013-05-12 14:00:00,0.0
2013-05-12 15:00:00,0.2525472523562963
2013-05-12 16:00:00,0.25084687364189484
2013-05-12 17:00:00,0.352457383484139
2013-05-12 18:00:00,0.45741712412746677
2013-05-12 19:00:00,0.0
2013-05-12 20:00:00,0.726076961002442
2013-05-12 21:00:00,0.7416380025705714
2013-05-12 22:00:00,0.571084864853626
2013-05-12 23:00:00,-0.22525916638969928
2013-05-13 00:00:00,0.0
2013-05-13 01:00:00,0.0
2013-05-13 02:00:00,-1.117288145288727
2013-05-13 03:00:00,-1.1843758145659058
2013-05-13 04:00:00,-1.2307497795040514
2013-05-13 05:00:00,-1.1792231517950023
2013-05-13 06:00:00,-0.9729105344479743
2013-05-13 07:00:00,-0.19434318976427112
2013-05-13 08:00:00,-0.5398292285534323
2013-05-13 09:00:00,0.0
2013-05-13 10:00:00,-0.11695019494528186
2013-05-13 11:00:00,0.429953431558544
2013-05-13 12:00:00,0.4470602719579502
2013-05-13 13:00:00,0.316182637576966
2013-05-13 14:00:00,0.0
2013-05-13 15:00:00,0.388526022880471
2013-05-13 16:00:00,0.4040355378208945
2013-05-13 17:00:00,0.0
2013-05-13 18:00:00,0.42644962087433225
2013-05-13 19:00:00,0.571084864853626
2013-05-13 20:00:00,0.5968997053358597
2013-05-13 21:00:00,0.5607795393118183
2013-05-13 22:00:00,0.0
2013-05-13 23:00:00,0.0
2013-05-14 00:00:00,0.0
2013-05-14 01:00:00,0.0
2013-05-14 02:00:00,0.0
2013-05-14 03:00:00,-1.081219505892395
2013-05-14 04:00:00,-1.081219505892395
2013-05-14 05:00:00,-1.1173396719164366
2013-05-14 06:00:00,-0.9883685227606918
2013-05-14 07:00:00,0.0
2013-05-14 08:00:00,0.0
2013-05-14 09:00:00,0.0
2013-05-14 10:00:00,0.029230847865284362
2013-05-14 11:00:00,0.0
2013-05-14 12:00:00,0.4195450527613214
2013-05-14 13:00:00,0.31968644826118464
2013-05-14 14:00:00,0.1889633937633291
2013-05-14 15:00:00,-0.02935492783990416
2013-05-14 16:00:00,0.0
2013-05-14 17:00:00,0.0
2013-05-14 18:00:00,0.0
2013-05-14 19:00:00,0.31453378549027783
2013-05-14 20:00:00,0.35755851962733687
2013-05-14 21:00:00,0.2095740448469535
2013-05-14 22:00:00,0.0
2013-05-14 23:00:00,-0.5295239030116251
2013-05-15 00:00:00,-1.009030700472022
2013-05-15 01:00:00,-1.0399982037251532
2013-05-15 02:00:00,0.0
2013-05-15 03:00:00,-1.0812195058923917
2013-05-15 04:00:00,-1.163765163482288
2013-05-15 05:00:00,-1.1173911985441458
2013-05-15 06:00:00,-0.9316892322807389
2013-05-15 07:00:00,0.0
2013-05-15 08:00:00,0.0
2013-05-15 09:00:00,0.0
2013-05-15 10:00:00,-0.02940645446761049
2013-05-15 11:00:00,0.4764819763798148
2013-05-15 12:00:00,0.0
2013-05-15 13:00:00,0.0
2013-05-15 14:00:00,0.0
2013-05-15 15:00:00,0.0
2013-05-15 16:00:00,0.18901492039103848
2013-05-15 17:00:00,0.1992687193051394
2013-05-15 18:00:00,0.42474924215993465
2013-05-15 19:00:00,0.43160228364523606
2013-05-15 20:00:00,0.3146368387456966
2013-05-15 21:00:00,0.0
2013-05-15 22:00:00,0.14599018625398627
2013-05-15 23:00:00,-0.5140143880712016
2013-05-16 00:00:00,-0.9935211855315922
2013-05-16 01:00:00,0.0
2013-05-16 02:00:00,-1.0966774942051092
2013-05-16 03:00:00,0.0
2013-05-16 04:00:00,-1.210139128420434
2013-05-16 05:00:00,-1.210139128420434
2013-05-16 06:00:00,0.0
2013-05-16 07:00:00,-0.1994958525351749
2013-05-16 08:00:00,0.0
2013-05-16 09:00:00,-0.39029895494177946
2013-05-16 10:00:00,0.0
2013-05-16 11:00:00,0.0
2013-05-16 12:00:00,0.3455012887434154
2013-05-16 13:00:00,0.3093295960916646
2013-05-16 14:00:00,0.0
2013-05-16 15:00:00,0.3575585196273334
2013-05-16 16:00:00,0.2147782342455667
2013-05-16 17:00:00,0.4316022836452326
2013-05-16 18:00:00,0.0
2013-05-16 19:00:00,0.6847526055797813
2013-05-16 20:00:00,0.5711363914813345
2013-05-16 21:00:00,0.0
2013-05-16 22:00:00,0.309381122719374
2013-05-16 23:00:00,0.0
2013-05-17 00:00:00,-0.8389413024044543
2013-05-17 01:00:00,-0.9162312439680247
2013-05-17 02:00:00,-0.9626052089061704
2013-05-17 03:00:00,0.0
2013-05-17 04:00:00,0.0
2013-05-17 05:00:00,-1.03479401432654
2013-05-17 06:00:00,-0.9316892322807389
2013-05-17 07:00:00,-0.14796922482613226
2013-05-17 08:00:00,-0.3955031443403957
2013-05-17 09:00:00,-0.16337568651113696
2013-05-17 10:00:00,0.283669335492559
2013-05-17 11:00:00,0.8035730090768504
2013-05-17 12:00:00,0.0
2013-05-17 13:00:00,0.3678638451691437
2013-05-17 14:00:00,0.0
2013-05-17 15:00:00,0.0
2013-05-17 16:00:00,0.0
2013-05-17 17:00:00,0.4126920112760131
2013-05-17 18:00:00,0.3765203186242593
2013-05-17 19:00:00,0.0
2013-05-17 20:00:00,0.0
2013-05-17 21:00:00,0.5659322020827252
2013-05-17 22:00:00,0.0
2013-05-17 23:00:00,-0.7099701532487065
2013-05-18 00:00:00,0.0
2013-05-18 01:00:00,-1.3442114137193726
2013-05-18 02:00:00,-1.385432715886608
2013-05-18 03:00:00,-1.4061464202256477
2013-05-18 04:00:00,-1.4628257107056009
2013-05-18 05:00:00,-1.4782836990183115
2013-05-18 06:00:00,0.0
2013-05-18 07:00:00,-0.39024742831407006
2013-05-18 08:00:00,0.0
2013-05-18 09:00:00,0.0
2013-05-18 10:00:00,0.2750128620374404
2013-05-18 11:00:00,0.808828725103173
2013-05-18 12:00:00,0.5710333382259196
2013-05-18 13:00:00,0.0
2013-05-18 14:00:00,0.0
2013-05-18 15:00:00,0.0
2013-05-18 16:00:00,0.3523028036010074
2013-05-18 17:00:00,0.0
2013-05-18 18:00:00,0.0
2013-05-18 19:00:00,0.0
2013-05-18 20:00:00,0.45741712412746677
2013-05-18 21:00:00,0.7054147832911121
2013-05-18 22:00:00,0.0
2013-05-18 23:00:00,0.0
2013-05-19 00:00:00,0.0
2013-05-19 01:00:00,0.0
2013-05-19 02:00:00,0.0
2013-05-19 03:00:00,-1.4730795096196951
2013-05-19 04:00:00,-1.4318582074524597
2013-05-19 05:00:00,-1.4885890245601185
2013-05-19 06:00:00,-1.3802800531157045
2013-05-19 07:00:00,-0.8955690662566944
2013-05-19 08:00:00,-0.4057569432544935
2013-05-19 09:00:00,0.0
2013-05-19 10:00:00,0.2097286247300786
2013-05-19 11:00:00,0.0
2013-05-19 12:00:00,0.4092397272195077
2013-05-19 13:00:00,0.3523028036010074
2013-05-19 14:00:00,0.0
2013-05-19 15:00:00,0.0
2013-05-19 16:00:00,0.3352474898293175
2013-05-19 17:00:00,0.3523543302287168
2013-05-19 18:00:00,0.0
2013-05-19 19:00:00,0.4987930061778338
2013-05-19 20:00:00,0.0
2013-05-19 21:00:00,0.46256978689837364
2013-05-19 22:00:00,0.36271118239823685
2013-05-19 23:00:00,-0.6738499872246652
2013-05-20 00:00:00,0.0
2013-05-20 01:00:00,-1.3648220648029903
2013-05-20 02:00:00,0.0
2013-05-20 03:00:00,0.0
2013-05-20 04:00:00,-1.5401156522691712
2013-05-20 05:00:00,-1.5504725044386891
2013-05-20 06:00:00,0.0
2013-05-20 07:00:00,-0.4520793815649226
2013-05-20 08:00:00,-0.2819899834973651
2013-05-20 09:00:00,0.0
2013-05-20 10:00:00,-0.14791769819841943
2013-05-20 11:00:00,0.19932024593284917
2013-05-20 12:00:00,0.0
2013-05-20 13:00:00,-0.11700172157299124
2013-05-20 14:00:00,0.006765238184140281
2013-05-20 15:00:00,-0.09633954386166739
2013-05-20 16:00:00,-0.12215438434389506
2013-05-20 17:00:00,-0.039660253381714826
2013-05-20 18:00:00,0.0
2013-05-20 19:00:00,0.05829186589318637
2013-05-20 20:00:00,0.20957404484695005
2013-05-20 21:00:00,0.17865806822152186
2013-05-20 22:00:00,0.12537953517036876
2013-05-20 23:00:00,0.0
2013-05-21 00:00:00,-1.2204444539622408
2013-05-21 01:00:00,-1.3029385849244244
2013-05-21 02:00:00,-1.3390072243207563
2013-05-21 03:00:00,-1.3957895680561279
2013-05-21 04:00:00,-1.4318582074524597
2013-05-21 05:00:00,0.0
2013-05-21 06:00:00,0.0
2013-05-21 07:00:00,-0.2974994984377855
2013-05-21 08:00:00,-0.43152025710902137
2013-05-21 09:00:00,-0.23046335578831592
2013-05-21 10:00:00,0.0
2013-05-21 11:00:00,0.0
2013-05-21 12:00:00,0.49358881677921757
2013-05-21 13:00:00,0.4023351591064965
2013-05-21 14:00:00,0.0
2013-05-21 15:00:00,0.23193660127267193
2013-05-21 16:00:00,0.24909496829978747
2013-05-21 17:00:00,0.2835147556094339
2013-05-21 18:00:00,0.3902264015948721
2013-05-21 19:00:00,0.0
2013-05-21 20:00:00,0.0
2013-05-21 21:00:00,0.0
2013-05-21 22:00:00,0.280113998180631
2013-05-21 23:00:00,0.0
2013-05-22 00:00:00,-1.1998338028786233
2013-05-22 01:00:00,-1.297785922153521
2013-05-22 02:00:00,-1.3390072243207563
2013-05-22 03:00:00,0.0
2013-05-22 04:00:00,0.0
2013-05-22 05:00:00,-1.3854842425143175
2013-05-22 06:00:00,-1.174070489024099
2013-05-22 07:00:00,-0.2768373207264582
2013-05-22 08:00:00,-0.5914073828901908
2013-05-22 09:00:00,-0.1634787397665527
2013-05-22 10:00:00,0.017019037098238123
2013-05-22 11:00:00,0.5658806754550127
2013-05-22 12:00:00,0.3508085313974504
2013-05-22 13:00:00,0.3851252654516716
2013-05-22 14:00:00,0.3317952057728087
2013-05-22 15:00:00,0.20442138207604663
2013-05-22 16:00:00,0.0
2013-05-22 17:00:00,0.22333165444526615
2013-05-22 18:00:00,0.0
2013-05-22 19:00:00,0.5917470425649559
2013-05-22 20:00:00,0.0
2013-05-22 21:00:00,0.0
2013-05-22 22:00:00,0.5090983317196445
2013-05-22 23:00:00,-0.5243712402407182
2013-05-23 00:00:00,0.0
2013-05-23 01:00:00,-1.246207767816762
2013-05-23 02:00:00,0.0
2013-05-23 03:00:00,-1.3441598870916598
2013-05-23 04:00:00,-1.3493125498625635
2013-05-23 05:00:00,0.0
2013-05-23 06:00:00,-1.3648735914306998
2013-05-23 07:00:00,-0.4263675943381145
2013-05-23 08:00:00,0.0
2013-05-23 09:00:00,-0.2974479718100757
2013-05-23 10:00:00,0.0
2013-05-23 11:00:00,0.0
2013-05-23 12:00:00,0.3352474898293179
2013-05-23 13:00:00,0.0
2013-05-23 14:00:00,0.0
2013-05-23 15:00:00,0.3575585196273331
2013-05-23 16:00:00,0.4625697868983706
2013-05-23 17:00:00,0.571084864853629
2013-05-23 18:00:00,0.5452184977436858
2013-05-23 19:00:00,0.0
2013-05-23 20:00:00,0.0
2013-05-23 21:00:00,0.8707637316094451
2013-05-23 22:00:00,0.0
2013-05-23 23:00:00,-0.3575280197188247
2013-05-24 00:00:00,-1.1224923346873399
2013-05-24 01:00:00,-1.2204444539622377
2013-05-24 02:00:00,-1.2513604305876689
2013-05-24 03:00:00,-1.339007224320753
2013-05-24 04:00:00,0.0
2013-05-24 05:00:00,0.0
2013-05-24 06:00:00,0.0
2013-05-24 07:00:00,0.0
2013-05-24 08:00:00,0.0
2013-05-24 09:00:00,0.0
2013-05-24 10:00:00,0.0
2013-05-24 11:00:00,0.0
2013-05-24 12:00:00,0.0
2013-05-24 13:00:00,0.0
2013-05-24 14:00:00,0.39537906436577247
2013-05-24 15:00:00,0.30072464926425235
2013-05-24 16:00:00,0.0
2013-05-24 17:00:00,0.3988313484222817
2013-05-24 18:00:00,0.6382755873862268
2013-05-24 19:00:00,0.7829108313655196
2013-05-24 20:00:00,0.0
2013-05-24 21:00:00,0.7157716354606314
2013-05-24 22:00:00,0.0
2013-05-24 23:00:00,-0.5604398796370532
2013-05-25 00:00:00,-1.1276449974582468
2013-05-25 01:00:00,0.0
2013-05-25 02:00:00,0.0
2013-05-25 03:00:00,-1.3286503721512364
2013-05-25 04:00:00,-1.4009422308270347
2013-05-25 05:00:00,-1.3750758637170915
2013-05-25 06:00:00,-1.1173396719164366
2013-05-25 07:00:00,-0.1891905269933677
2013-05-25 08:00:00,-0.5810505307206711
2013-05-25 09:00:00,-0.006940844786466412
2013-05-25 10:00:00,0.10471735745903804
2013-05-25 11:00:00,0.6279187352167067
2013-05-25 12:00:00,0.41614429533252195
2013-05-25 13:00:00,0.7829623579932291
2013-05-25 14:00:00,0.0
2013-05-25 15:00:00,0.0
2013-05-25 16:00:00,0.0
2013-05-25 17:00:00,0.0
2013-05-25 18:00:00,0.388526022880471
2013-05-25 19:00:00,0.7054147832911121
2013-05-25 20:00:00,0.7209758248592445
2013-05-25 21:00:00,0.0
2013-05-25 22:00:00,0.0
2013-05-25 23:00:00,-0.4761938433327622
2013-05-26 00:00:00,-1.101881683603719
2013-05-26 01:00:00,0.0
2013-05-26 02:00:00,0.0
2013-05-26 03:00:00,-1.3287018987789456
2013-05-26 04:00:00,0.0
2013-05-26 05:00:00,0.0
2013-05-26 06:00:00,0.0
2013-05-26 07:00:00,0.0
2013-05-26 08:00:00,0.0
2013-05-26 09:00:00,0.0
2013-05-26 10:00:00,0.0
2013-05-26 11:00:00,0.8708152582371544
2013-05-26 12:00:00,0.0
2013-05-26 13:00:00,0.0
2013-05-26 14:00:00,0.0
2013-05-26 15:00:00,0.5813901903954397
2013-05-26 16:00:00,0.35065395151432227
2013-05-26 17:00:00,0.0
2013-05-26 18:00:00,0.4402072304726487
2013-05-26 19:00:00,0.5865943797940529
2013-05-26 20:00:00,0.46777397629698686
2013-05-26 21:00:00,0.5297605094309714
2013-05-26 22:00:00,0.39537906436577247
2013-05-26 23:00:00,0.0
2013-05-27 00:00:00,-1.1430514591432515
2013-05-27 01:00:00,0.0
2013-05-27 02:00:00,-1.2822764072130972
2013-05-27 03:00:00,0.0
2013-05-27 04:00:00,-1.3700262542016068
2013-05-27 05:00:00,-1.323549236008042
2013-05-27 06:00:00,-1.1688662996254857
2013-05-27 07:00:00,-0.37303753465924816
2013-05-27 08:00:00,-0.33361966446182306
2013-05-27 09:00:00,-0.3129574867504992
2013-05-27 10:00:00,0.02222322649685132
2013-05-27 11:00:00,0.5503711605145897
2013-05-27 12:00:00,0.26640791521002777
2013-05-27 13:00:00,0.2835662822371433
2013-05-27 14:00:00,0.3747168866544452
2013-05-27 15:00:00,0.0
2013-05-27 16:00:00,0.19926871930513979
2013-05-27 17:00:00,0.0
2013-05-27 18:00:00,0.0
2013-05-27 19:00:00,0.5504226871422953
2013-05-27 20:00:00,0.45741712412746677
2013-05-27 21:00:00,0.5142509944905482
2013-05-27 22:00:00,0.0
2013-05-27 23:00:00,-0.586203193491578
2013-05-28 00:00:00,-1.1843758145659058
2013-05-28 01:00:00,0.0
2013-05-28 02:00:00,0.0
2013-05-28 03:00:00,-1.3235492360080456
2013-05-28 04:00:00,-1.3493125498625667
2013-05-28 05:00:00,-1.3854842425143141
2013-05-28 06:00:00,0.0
2013-05-28 07:00:00,0.0
2013-05-28 08:00:00,0.0
2013-05-28 09:00:00,0.0
2013-05-28 10:00:00,0.05834339252089576
2013-05-28 11:00:00,0.0
2013-05-28 12:00:00,0.0
2013-05-28 13:00:00,0.14769056496838429
2013-05-28 14:00:00,0.20962557147465946
2013-05-28 15:00:00,0.17690616287941446
2013-05-28 16:00:00,0.14083752348307943
2013-05-28 17:00:00,0.0
2013-05-28 18:00:00,0.27320943006762016
2013-05-28 19:00:00,0.0
2013-05-28 20:00:00,0.4109401059339088
2013-05-28 21:00:00,0.0
2013-05-28 22:00:00,0.0
2013-05-28 23:00:00,0.0
2013-05-29 00:00:00,-1.204986465649527
2013-05-29 01:00:00,0.0
2013-05-29 02:00:00,0.0
2013-05-29 03:00:00,0.0
2013-05-29 04:00:00,-1.3854327158866113
2013-05-29 05:00:00,-1.4009422308270347
2013-05-29 06:00:00,0.0
2013-05-29 07:00:00,-0.11184905880208744
2013-05-29 08:00:00,0.0
2013-05-29 09:00:00,-0.2922953090391723
2013-05-29 10:00:00,0.3508085313974504
2013-05-29 11:00:00,0.0
2013-05-29 12:00:00,0.0
2013-05-29 13:00:00,0.0
2013-05-29 14:00:00,0.0
2013-05-29 15:00:00,0.45226446135656295
2013-05-29 16:00:00,0.5039456689487376
2013-05-29 17:00:00,0.4471117985856595
2013-05-29 18:00:00,0.0
2013-05-29 19:00:00,0.0
2013-05-29 20:00:00,0.0
2013-05-29 21:00:00,0.5607795393118153
2013-05-29 22:00:00,0.41094010593390917
2013-05-29 23:00:00,-0.7151228160196096
2013-05-30 00:00:00,-1.2204444539622377
2013-05-30 01:00:00,0.0
2013-05-30 02:00:00,-1.3905853786575149
2013-05-30 03:00:00,0.0
2013-05-30 04:00:00,-1.4988943501019325
2013-05-30 05:00:00,-1.4834363617892217
2013-05-30 06:00:00,-1.3442114137193726
2013-05-30 07:00:00,0.0
2013-05-30 08:00:00,-0.503709062529391
2013-05-30 09:00:00,-0.4057054166267838
2013-05-30 10:00:00,0.0
2013-05-30 11:00:00,0.0
2013-05-30 12:00:00,0.23023622255827736
2013-05-30 13:00:00,0.13053219794126875
2013-05-30 14:00:00,0.11502268300084871
2013-05-30 15:00:00,0.1563470384235029
2013-05-30 16:00:00,0.37822069733866037
2013-05-30 17:00:00,0.2938716077789505
2013-05-30 18:00:00,0.41784467404692
2013-05-30 19:00:00,0.6072565575053798
2013-05-30 20:00:00,0.679548416181175
2013-05-30 21:00:00,0.0
2013-05-30 22:00:00,0.0
2013-05-30 23:00:00,0.0
2013-05-31 00:00:00,0.0
2013-05-31 01:00:00,0.0
2013-05-31 02:00:00,0.0
2013-05-31 03:00:00,-1.3751273903447974
2013-05-31 04:00:00,-1.437062396851076
2013-05-31 05:00:00,0.0
2013-05-31 06:00:00,-1.0967290208328186
2013-05-31 07:00:00,-0.6274244956588169
2013-05-31 08:00:00,0.0
2013-05-31 09:00:00,0.0
2013-05-31 10:00:00,0.0
2013-05-31 11:00:00,0.6640904278684536
2013-05-31 12:00:00,0.3110299748060626
2013-05-31 13:00:00,0.586594379794046
2013-05-31 14:00:00,0.0
2013-05-31 15:00:00,0.3575585196273365
2013-05-31 16:00:00,0.4557167454130684
2013-05-31 17:00:00,0.4091882005918014
2013-05-31 18:00:00,0.0
2013-05-31 19:00:00,0.5503711605145897
2013-05-31 20:00:00,0.6640904278684575
2013-05-31 21:00:00,0.0
2013-05-31 22:00:00,0.0
2013-05-31 23:00:00,-0.5398292285534357
2013-06-01 00:00:00,-1.1173396719164366
2013-06-01 01:00:00,0.0
2013-06-01 02:00:00,-1.3029385849244244
2013-06-01 03:00:00,-1.3544652126334702
2013-06-01 04:00:00,0.0
2013-06-01 05:00:00,0.0
2013-06-01 06:00:00,0.0
2013-06-01 07:00:00,0.0
2013-06-01 08:00:00,0.0
2013-06-01 09:00:00,0.0
2013-06-01 10:00:00,0.4179477273023357
2013-06-01 11:00:00,0.0
2013-06-01 12:00:00,0.586594379794049
2013-06-01 13:00:00,0.0
2013-06-01 14:00:00,0.0
2013-06-01 15:00:00,0.0
2013-06-01 16:00:00,0.0
2013-06-01 17:00:00,0.0
2013-06-01 18:00:00,0.7881150207641329
2013-06-01 19:00:00,0.0
2013-06-01 20:00:00,0.8707637316094482
2013-06-01 21:00:00,0.0
2013-06-01 22:00:00,0.6744472800379745
2013-06-01 23:00:00,0.0
2013-06-02 00:00:00,-1.0038780377011152
2013-06-02 01:00:00,-1.1534598379404775
2013-06-02 02:00:00,0.0
2013-06-02 03:00:00,0.0
2013-06-02 04:00:00,-1.3236007626357549
2013-06-02 05:00:00,-1.2720226082989963
2013-06-02 06:00:00,-1.1895284773368127
2013-06-02 07:00:00,-0.48825107421667685
2013-06-02 08:00:00,-0.11700172157299124
2013-06-02 09:00:00,-0.32841547506320984
2013-06-02 10:00:00,0.0
2013-06-02 11:00:00,0.6227660724457998
2013-06-02 12:00:00,0.6175618830471866
2013-06-02 13:00:00,0.4729266390678899
2013-06-02 14:00:00,0.0
2013-06-02 15:00:00,0.0
2013-06-02 16:00:00,0.0
2013-06-02 17:00:00,0.3610623303115517
2013-06-02 18:00:00,0.0
2013-06-02 19:00:00,0.7105674460620189
2013-06-02 20:00:00,0.0
2013-06-02 21:00:00,0.7829623579932291
2013-06-02 22:00:00,0.5969512319635691
2013-06-02 23:00:00,-0.37303753465924816
2013-06-03 00:00:00,0.0
2013-06-03 01:00:00,0.0
2013-06-03 02:00:00,-1.1586125007113812
2013-06-03 03:00:00,-1.2462592944444748
2013-06-03 04:00:00,0.0
2013-06-03 05:00:00,-1.2616657561294766
2013-06-03 06:00:00,-1.1998338028786202
2013-06-03 07:00:00,0.0
2013-06-03 08:00:00,0.0
2013-06-03 09:00:00,-0.2253106930174121
2013-06-03 10:00:00,0.13568486071217561
2013-06-03 11:00:00,0.0
2013-06-03 12:00:00,0.3145337854902809
2013-06-03 13:00:00,0.38342488673727354
2013-06-03 14:00:00,0.35580661428522603
2013-06-03 15:00:00,0.25084687364189484
2013-06-03 16:00:00,0.3782206973386638
2013-06-03 17:00:00,0.31973797488889405
2013-06-03 18:00:00,0.0
2013-06-03 19:00:00,0.586594379794049
2013-06-03 20:00:00,0.0
2013-06-03 21:00:00,0.0
2013-06-03 22:00:00,0.7622486536541928
2013-06-03 23:00:00,-0.06362013526641898
2013-06-04 00:00:00,-0.8543477640894624
2013-06-04 01:00:00,-0.957504072762973
2013-06-04 02:00:00,-1.0914733048064964
2013-06-04 03:00:00,-1.1327976602291505
2013-06-04 04:00:00,-1.168917826253195
2013-06-04 05:00:00,-1.204986465649527
2013-06-04 06:00:00,-1.0761183697491976
2013-06-04 07:00:00,-0.30265216120869237
2013-06-04 08:00:00,-0.2768888473541676
2013-06-04 09:00:00,0.0
2013-06-04 10:00:00,0.0
2013-06-04 11:00:00,0.5349646988295876
2013-06-04 12:00:00,0.49874147955012443
2013-06-04 13:00:00,0.0
2013-06-04 14:00:00,0.5400143083450727
2013-06-04 15:00:00,0.49879300617783684
2013-06-04 16:00:00,0.5659322020827221
2013-06-04 17:00:00,0.5813901903954358
2013-06-04 18:00:00,0.6331229246153199
2013-06-04 19:00:00,1.0154505022164475
2013-06-04 20:00:00,0.0
2013-06-04 21:00:00,0.0
2013-06-04 22:00:00,0.5917985691926623
2013-06-04 23:00:00,-0.4813980327313754
2013-06-05 00:00:00,-1.0038780377011152
2013-06-05 01:00:00,-1.1173396719164361
2013-06-05 02:00:00,0.0
2013-06-05 03:00:00,0.0
2013-06-05 04:00:00,-1.2719710816712835
2013-06-05 05:00:00,-1.2359024422749552
2013-06-05 06:00:00,0.0
2013-06-05 07:00:00,-0.13245970988570535
2013-06-05 08:00:00,-0.2304118291606031
2013-06-05 09:00:00,-0.08608574494755962
2013-06-05 10:00:00,0.0
2013-06-05 11:00:00,0.5142509944905445
2013-06-05 12:00:00,0.576237527624529
2013-06-05 13:00:00,0.0
2013-06-05 14:00:00,0.0
2013-06-05 15:00:00,0.0
2013-06-05 16:00:00,0.0
2013-06-05 17:00:00,0.37827222396637317
2013-06-05 18:00:00,0.0
2013-06-05 19:00:00,0.7364853397996646
2013-06-05 20:00:00,0.0
2013-06-05 21:00:00,0.0
2013-06-05 22:00:00,0.0
2013-06-05 23:00:00,0.0
2013-06-06 00:00:00,-0.9935727121593046
2013-06-06 01:00:00,0.0
2013-06-06 02:00:00,-1.1276965240859531
2013-06-06 03:00:00,-1.2255971167331445
2013-06-06 04:00:00,-1.1483071751695741
2013-06-06 05:00:00,0.0
2013-06-06 06:00:00,0.0
2013-06-06 07:00:00,-0.19434318976427453
2013-06-06 08:00:00,0.0
2013-06-06 09:00:00,0.0
2013-06-06 10:00:00,0.0
2013-06-06 11:00:00,0.5762375276245321
2013-06-06 12:00:00,0.4987414795501282
2013-06-06 13:00:00,0.42469771553221836
2013-06-06 14:00:00,0.4935888167792206
2013-06-06 15:00:00,0.0
2013-06-06 16:00:00,0.0
2013-06-06 17:00:00,0.5452184977436858
2013-06-06 18:00:00,0.0
2013-06-06 19:00:00,0.560728012684109
2013-06-06 20:00:00,0.7312811504010513
2013-06-06 21:00:00,0.6124092202762798
2013-06-06 22:00:00,0.0
2013-06-06 23:00:00,0.0
2013-06-07 00:00:00,0.0
2013-06-07 01:00:00,-1.086372168663299
2013-06-07 02:00:00,-1.0915763580619118
2013-06-07 03:00:00,-1.174070489024099
2013-06-07 04:00:00,-1.1689178262531916
2013-06-07 05:00:00,-1.158560974083675
2013-06-07 06:00:00,-1.1070343463746293
2013-06-07 07:00:00,-0.15832607699564888
2013-06-07 08:00:00,-0.3490261261468312
2013-06-07 09:00:00,-0.08088155554894987
2013-06-07 10:00:00,0.3662149930824517
2013-06-07 11:00:00,0.0
2013-06-07 12:00:00,0.6330713979876105
2013-06-07 13:00:00,0.0
2013-06-07 14:00:00,0.5194551838891607
2013-06-07 15:00:00,0.6175618830471874
2013-06-07 16:00:00,0.5607795393118221
2013-06-07 17:00:00,0.5555238232854927
2013-06-07 18:00:00,0.0
2013-06-07 19:00:00,0.6124092202762836
2013-06-07 20:00:00,0.6020523681067665
2013-06-07 21:00:00,0.0
2013-06-07 22:00:00,0.5555753499132051
2013-06-07 23:00:00,0.0
2013-06-08 00:00:00,-0.7563441181868484
2013-06-08 01:00:00,-0.9007732556553076
2013-06-08 02:00:00,0.0
2013-06-08 03:00:00,0.0
2013-06-08 04:00:00,-0.8955690662566974
2013-06-08 05:00:00,-0.7924642842108932
2013-06-08 06:00:00,0.0
2013-06-08 07:00:00,-0.25442323767302005
2013-06-08 08:00:00,0.0
2013-06-08 09:00:00,0.0
2013-06-08 10:00:00,0.6279702618444131
2013-06-08 11:00:00,0.7467906653414821
2013-06-08 12:00:00,0.6951094577493074
2013-06-08 13:00:00,0.7674013164250997
2013-06-08 14:00:00,0.6537335756989404
2013-06-08 15:00:00,0.4660220709548791
2013-06-08 16:00:00,0.0
2013-06-08 17:00:00,0.5969512319635691
2013-06-08 18:00:00,0.0
2013-06-08 19:00:00,0.0
2013-06-08 20:00:00,0.0
2013-06-08 21:00:00,0.0
2013-06-08 22:00:00,0.6175618830471866
2013-06-08 23:00:00,-0.33181623249201275
2013-06-09 00:00:00,0.0
2013-06-09 01:00:00,-1.065761517579681
2013-06-09 02:00:00,0.0
2013-06-09 03:00:00,-1.0399982037251567
2013-06-09 04:00:00,-1.1225438613150527
2013-06-09 05:00:00,0.0
2013-06-09 06:00:00,-1.107034346374626
2013-06-09 07:00:00,-0.032652632013281405
2013-06-09 08:00:00,-0.35417878891773463
2013-06-09 09:00:00,0.0
2013-06-09 10:00:00,0.0
2013-06-09 11:00:00,0.7570959908832897
2013-06-09 12:00:00,0.0
2013-06-09 13:00:00,0.7415864759428621
2013-06-09 14:00:00,0.0
2013-06-09 15:00:00,0.4987414795501275
2013-06-09 16:00:00,0.0
2013-06-09 17:00:00,0.0
2013-06-09 18:00:00,0.0
2013-06-09 19:00:00,0.5607280126841059
2013-06-09 20:00:00,0.8088287251031699
2013-06-09 21:00:00,0.0
2013-06-09 22:00:00,0.0
2013-06-09 23:00:00,0.0
2013-06-10 00:00:00,-0.9110785811971213
2013-06-10 01:00:00,0.0
2013-06-10 02:00:00,0.0
2013-06-10 03:00:00,-1.0914733048064964
2013-06-10 04:00:00,-1.1173396719164361
2013-06-10 05:00:00,0.0
2013-06-10 06:00:00,-1.1225438613150494
2013-06-10 07:00:00,0.0
2013-06-10 08:00:00,-0.16852834928204077
2013-06-10 09:00:00,-0.09633954386166052
2013-06-10 10:00:00,0.0
2013-06-10 11:00:00,0.6227145458180943
2013-06-10 12:00:00,0.6795999428088806
2013-06-10 13:00:00,0.6020523681067635
2013-06-10 14:00:00,0.0
2013-06-10 15:00:00,0.0
2013-06-10 16:00:00,0.4574171241274698
2013-06-10 17:00:00,0.0
2013-06-10 18:00:00,0.5038941423210282
2013-06-10 19:00:00,0.0
2013-06-10 20:00:00,0.7570959908832859
2013-06-10 21:00:00,0.0
2013-06-10 22:00:00,0.555575349913209
2013-06-10 23:00:00,-0.2698812259857307
2013-06-11 00:00:00,-0.8440424385476483
2013-06-11 01:00:00,-1.003826511073406
2013-06-11 02:00:00,0.0
2013-06-11 03:00:00,0.0
2013-06-11 04:00:00,-1.13284918685686
2013-06-11 05:00:00,-1.1895284773368096
2013-06-11 06:00:00,0.0
2013-06-11 07:00:00,0.0
2013-06-11 08:00:00,0.0
2013-06-11 09:00:00,0.15294628099470345
2013-06-11 10:00:00,0.43160228364523606
2013-06-11 11:00:00,0.5555238232854965
2013-06-11 12:00:00,0.0
2013-06-11 13:00:00,0.4729266390678899
2013-06-11 14:00:00,0.5349646988295845
2013-06-11 15:00:00,0.5659322020827221
2013-06-11 16:00:00,0.5762375276245321
2013-06-11 17:00:00,0.5177032785470537
2013-06-11 18:00:00,0.0
2013-06-11 19:00:00,0.746739138713769
2013-06-11 20:00:00,0.7829108313655235
2013-06-11 21:00:00,0.7777581685946167
2013-06-11 22:00:00,0.5090468050919351
2013-06-11 23:00:00,-0.3214593803224927
2013-06-12 00:00:00,-0.9574525461352602
2013-06-12 01:00:00,-1.0347424876988376
2013-06-12 02:00:00,0.0
2013-06-12 03:00:00,0.0
2013-06-12 04:00:00,-1.1482556485418614
2013-06-12 05:00:00,0.0
2013-06-12 06:00:00,-1.0038780377011152
2013-06-12 07:00:00,0.0
2013-06-12 08:00:00,0.0
2013-06-12 09:00:00,0.15310086087783506
2013-06-12 10:00:00,0.41784467404692
2013-06-12 11:00:00,0.0
2013-06-12 12:00:00,0.7157716354606283
2013-06-12 13:00:00,0.571084864853629
2013-06-12 14:00:00,0.0
2013-06-12 15:00:00,0.6072565575053798
2013-06-12 16:00:00,0.6434282501571298
2013-06-12 17:00:00,0.0
2013-06-12 18:00:00,0.4522129347288536
2013-06-12 19:00:00,0.0
2013-06-12 20:00:00,0.6331229246153229
2013-06-12 21:00:00,0.47802777521108814
2013-06-12 22:00:00,0.46777397629698686
2013-06-12 23:00:00,-0.4314687304813085
2013-06-13 00:00:00,-1.1018816836037224
2013-06-13 01:00:00,0.0
2013-06-13 02:00:00,-1.158560974083672
2013-06-13 03:00:00,0.0
2013-06-13 04:00:00,-1.261665756129473
2013-06-13 05:00:00,0.0
2013-06-13 06:00:00,-1.2410551050458587
2013-06-13 07:00:00,0.0
2013-06-13 08:00:00,0.0
2013-06-13 09:00:00,0.0
2013-06-13 10:00:00,0.0
2013-06-13 11:00:00,1.377115902106255
2013-06-13 12:00:00,0.0
2013-06-13 13:00:00,0.0
2013-06-13 14:00:00,0.9585651052256604
2013-06-13 15:00:00,1.0050936500469343
2013-06-13 16:00:00,1.2221753325851474
2013-06-13 17:00:00,1.4443066246388496
2013-06-13 18:00:00,1.697456946573401
2013-06-13 19:00:00,0.0
2013-06-13 20:00:00,1.635521940067126
2013-06-13 21:00:00,1.6819989582606902
2013-06-13 22:00:00,1.682050484888396
2013-06-13 23:00:00,0.631371019273209
2013-06-14 00:00:00,0.0
2013-06-14 01:00:00,-0.2922953090391723
2013-06-14 02:00:00,-0.9677578716770708
2013-06-14 03:00:00,0.0
2013-06-14 04:00:00,-1.1224923346873399
2013-06-14 05:00:00,-1.163765163482288
2013-06-14 06:00:00,0.0
2013-06-14 07:00:00,0.0
2013-06-14 08:00:00,0.0
2013-06-14 09:00:00,-0.03971178000942078
2013-06-14 10:00:00,0.3920298335646893
2013-06-14 11:00:00,1.1601372728234567
2013-06-14 12:00:00,0.8553057432967337
2013-06-14 13:00:00,0.798471872933653
2013-06-14 14:00:00,0.0
2013-06-14 15:00:00,0.0
2013-06-14 16:00:00,0.0
2013-06-14 17:00:00,0.47807930183879677
2013-06-14 18:00:00,0.0
2013-06-14 19:00:00,0.726076961002442
2013-06-14 20:00:00,0.0
2013-06-14 21:00:00,0.7157716354606314
2013-06-14 22:00:00,0.5865943797940498
2013-06-14 23:00:00,0.0
2013-06-15 00:00:00,-0.9470956939657436
2013-06-15 01:00:00,-1.0503035292669636
2013-06-15 02:00:00,-1.1018816836037224
2013-06-15 03:00:00,-1.1792231517950058
2013-06-15 04:00:00,-1.204986465649527
2013-06-15 05:00:00,-1.1895284773368127
2013-06-15 06:00:00,-1.1327976602291472
2013-06-15 07:00:00,0.0
2013-06-15 08:00:00,-0.20464851530608177
2013-06-15 09:00:00,0.0
2013-06-15 10:00:00,0.0
2013-06-15 11:00:00,0.0
2013-06-15 12:00:00,0.8449488911272106
2013-06-15 13:00:00,0.0
2013-06-15 14:00:00,0.6536820490712318
2013-06-15 15:00:00,0.6227145458180905
2013-06-15 16:00:00,0.0
2013-06-15 17:00:00,0.5607795393118153
2013-06-15 18:00:00,0.0
2013-06-15 19:00:00,0.0
2013-06-15 20:00:00,0.6641419544961669
2013-06-15 21:00:00,0.0
2013-06-15 22:00:00,0.6278672085889974
2013-06-15 23:00:00,0.0
2013-06-16 00:00:00,-0.9471472205934495
2013-06-16 01:00:00,-1.0089791738443097
2013-06-16 02:00:00,-1.1482556485418647
2013-06-16 03:00:00,-1.1636621102268694
2013-06-16 04:00:00,0.0
2013-06-16 05:00:00,0.0
2013-06-16 06:00:00,-1.1843758145659058
2013-06-16 07:00:00,-0.29384110787044176
2013-06-16 08:00:00,-0.29744797181007915
2013-06-16 09:00:00,0.008568670153954017
2013-06-16 10:00:00,0.18901492039104192
2013-06-16 11:00:00,0.0
2013-06-16 12:00:00,0.0
2013-06-16 13:00:00,0.8449488911272144
2013-06-16 14:00:00,0.5710848648536252
2013-06-16 15:00:00,0.0
2013-06-16 16:00:00,0.4832319646096975
2013-06-16 17:00:00,0.6589377650975506
2013-06-16 18:00:00,0.0
2013-06-16 19:00:00,0.932801791371142
2013-06-16 20:00:00,0.0
2013-06-16 21:00:00,0.8293878495590812
2013-06-16 22:00:00,0.5917470425649559
2013-06-16 23:00:00,-0.414258836826487
2013-06-17 00:00:00,-0.9832673866174978
2013-06-17 01:00:00,-1.0502520026392541
2013-06-17 02:00:00,-1.1121870091455293
2013-06-17 03:00:00,0.0
2013-06-17 04:00:00,-1.2204444539622408
2013-06-17 05:00:00,-1.1895284773368096
2013-06-17 06:00:00,-1.1998338028786202
2013-06-17 07:00:00,0.0
2013-06-17 08:00:00,-0.3644841144595453
2013-06-17 09:00:00,0.0
2013-06-17 10:00:00,0.22183738224170263
2013-06-17 11:00:00,0.0
2013-06-17 12:00:00,0.4419076091870433
2013-06-17 13:00:00,0.0
2013-06-17 14:00:00,0.0
2013-06-17 15:00:00,0.3058773120351558
2013-06-17 16:00:00,0.3626596557705275
2013-06-17 17:00:00,0.5968997053358597
2013-06-17 18:00:00,0.6434282501571306
2013-06-17 19:00:00,0.767452843052809
2013-06-17 20:00:00,0.0
2013-06-17 21:00:00,0.6330713979876105
2013-06-17 22:00:00,0.0
2013-06-17 23:00:00,-0.519167050842105
2013-06-18 00:00:00,0.0
2013-06-18 01:00:00,0.0
2013-06-18 02:00:00,-1.1586125007113843
2013-06-18 03:00:00,-1.246207767816762
2013-06-18 04:00:00,-1.2668184189003835
2013-06-18 05:00:00,-1.2307497795040483
2013-06-18 06:00:00,0.0
2013-06-18 07:00:00,0.0
2013-06-18 08:00:00,0.0
2013-06-18 09:00:00,-0.0533663363523177
2013-06-18 10:00:00,0.4041385910763133
2013-06-18 11:00:00,0.7157201088329258
2013-06-18 12:00:00,0.0
2013-06-18 13:00:00,0.5710333382259196
2013-06-18 14:00:00,0.0
2013-06-18 15:00:00,0.0
2013-06-18 16:00:00,0.36276270902594626
2013-06-18 17:00:00,0.0
2013-06-18 18:00:00,0.0
2013-06-18 19:00:00,0.7518918014846765
2013-06-18 20:00:00,0.0
2013-06-18 21:00:00,0.586594379794049
2013-06-18 22:00:00,0.0
2013-06-18 23:00:00,-0.5379742699559057
2013-06-19 00:00:00,-1.1070858730023352
2013-06-19 01:00:00,0.0
2013-06-19 02:00:00,-1.2307497795040514
2013-06-19 03:00:00,-1.380331579743414
2013-06-19 04:00:00,0.0
2013-06-19 05:00:00,0.0
2013-06-19 06:00:00,0.0
2013-06-19 07:00:00,-0.22531069301740564
2013-06-19 08:00:00,-0.32326281229230985
2013-06-19 09:00:00,-0.01904960229809349
2013-06-19 10:00:00,0.0
2013-06-19 11:00:00,0.6227660724458028
2013-06-19 12:00:00,0.5194036572614513
2013-06-19 13:00:00,0.5556268765409115
2013-06-19 14:00:00,0.0
2013-06-19 15:00:00,0.45226446135656295
2013-06-19 16:00:00,0.379869549425349
2013-06-19 17:00:00,0.0
2013-06-19 18:00:00,0.5245563200323551
2013-06-19 19:00:00,0.6589377650975536
2013-06-19 20:00:00,0.7363822865442526
2013-06-19 21:00:00,0.6382755873862268
2013-06-19 22:00:00,0.0
2013-06-19 23:00:00,-0.5450334179520485
2013-06-20 00:00:00,-1.0399466770974468
2013-06-20 01:00:00,-1.101881683603719
2013-06-20 02:00:00,-1.1586125007113812
2013-06-20 03:00:00,0.0
2013-06-20 04:00:00,0.0
2013-06-20 05:00:00,-1.2771237444421937
2013-06-20 06:00:00,-1.2359024422749518
2013-06-20 07:00:00,0.0
2013-06-20 08:00:00,-0.5656440690356664
2013-06-20 09:00:00,0.0
2013-06-20 10:00:00,0.09616393725933516
2013-06-20 11:00:00,0.5658806754550098
2013-06-20 12:00:00,0.0
2013-06-20 13:00:00,0.0
2013-06-20 14:00:00,0.31453378549027783
2013-06-20 15:00:00,0.4315507570175232
2013-06-20 16:00:00,0.0
2013-06-20 17:00:00,0.3041254066930484
2013-06-20 18:00:00,0.0
2013-06-20 19:00:00,0.617613409674896
2013-06-20 20:00:00,0.0
2013-06-20 21:00:00,0.7157716354606283
2013-06-20 22:00:00,0.571084864853629
2013-06-20 23:00:00,0.0
2013-06-21 00:00:00,-1.1637136368545753
2013-06-21 01:00:00,-1.1895284773368096
2013-06-21 02:00:00,-1.2410551050458551
2013-06-21 03:00:00,-1.3235492360080456
2013-06-21 04:00:00,0.0
2013-06-21 05:00:00,-1.3494156031179856
2013-06-21 06:00:00,-1.308091247695328
2013-06-21 07:00:00,-0.3954000910849735
2013-06-21 08:00:00,-0.44182558265082517
2013-06-21 09:00:00,-0.09463916514726595
2013-06-21 10:00:00,0.0
2013-06-21 11:00:00,0.7570959908832889
2013-06-21 12:00:00,0.0
2013-06-21 13:00:00,0.7105159194343057
2013-06-21 14:00:00,0.5916955159372496
2013-06-21 15:00:00,0.0
2013-06-21 16:00:00,0.7003136471479177
2013-06-21 17:00:00,0.6382755873862229
2013-06-21 18:00:00,0.8242351867881743
2013-06-21 19:00:00,0.0
2013-06-21 20:00:00,0.0
2013-06-21 21:00:00,0.0
2013-06-21 22:00:00,0.6588862384698443
2013-06-21 23:00:00,0.0
2013-06-22 00:00:00,-1.1637651634822912
2013-06-22 01:00:00,-1.2101391284204304
2013-06-22 02:00:00,-1.246207767816762
2013-06-22 03:00:00,0.0
2013-06-22 04:00:00,-1.3441598870916631
2013-06-22 05:00:00,0.0
2013-06-22 06:00:00,0.0
2013-06-22 07:00:00,-0.22010650361879586
2013-06-22 08:00:00,0.0
2013-06-22 09:00:00,0.049789972321195926
2013-06-22 10:00:00,0.0
2013-06-22 11:00:00,0.0
2013-06-22 12:00:00,0.9534639690824698
2013-06-22 13:00:00,1.0258073543859705
2013-06-22 14:00:00,0.0
2013-06-22 15:00:00,0.7984203463059405
2013-06-22 16:00:00,0.6020523681067665
2013-06-22 17:00:00,0.0
2013-06-22 18:00:00,0.9637692946242766
2013-06-22 19:00:00,0.0
2013-06-22 20:00:00,0.0
2013-06-22 21:00:00,0.7829108313655204
2013-06-22 22:00:00,0.5245563200323582
2013-06-22 23:00:00,0.0
2013-06-23 00:00:00,0.0
2013-06-23 01:00:00,-1.1378987963723446
2013-06-23 02:00:00,-1.2049864656495235
2013-06-23 03:00:00,0.0
2013-06-23 04:00:00,-1.3545167392611799
2013-06-23 05:00:00,0.0
2013-06-23 06:00:00,0.0
2013-06-23 07:00:00,0.0
2013-06-23 08:00:00,-0.44697824542173203
2013-06-23 09:00:00,0.108324221398672
2013-06-23 10:00:00,0.4884361540083176
2013-06-23 11:00:00,1.0102978394455504
2013-06-23 12:00:00,0.9895841351065073
2013-06-23 13:00:00,0.9689219573951804
2013-06-23 14:00:00,0.8552026900413119
2013-06-23 15:00:00,0.0
2013-06-23 16:00:00,0.0
2013-06-23 17:00:00,0.7002621205202052
2013-06-23 18:00:00,0.8759163943803482
2013-06-23 19:00:00,0.9483113063115591
2013-06-23 20:00:00,0.0
2013-06-23 21:00:00,0.6795999428088806
2013-06-23 22:00:00,0.48843615400831375
2013-06-23 23:00:00,-0.5346765657825285
2013-06-24 00:00:00,0.0
2013-06-24 01:00:00,-1.0967290208328155
2013-06-24 02:00:00,-1.1482041219141588
2013-06-24 03:00:00,0.0
2013-06-24 04:00:00,-1.2513604305876658
2013-06-24 05:00:00,-1.2204444539622408
2013-06-24 06:00:00,-0.941994557822546
2013-06-24 07:00:00,-0.3266635697211059
2013-06-24 08:00:00,-0.19434318976427112
2013-06-24 09:00:00,0.0
2013-06-24 10:00:00,0.0
2013-06-24 11:00:00,0.0
2013-06-24 12:00:00,0.0
2013-06-24 13:00:00,0.0
2013-06-24 14:00:00,0.0
2013-06-24 15:00:00,0.0
2013-06-24 16:00:00,0.0
2013-06-24 17:00:00,0.8191340506449837
2013-06-24 18:00:00,0.8449488911272144
2013-06-24 19:00:00,0.0
2013-06-24 20:00:00,0.0
2013-06-24 21:00:00,0.0
2013-06-24 22:00:00,0.0
2013-06-24 23:00:00,-0.30589833875435984
2013-06-25 00:00:00,-0.9987253749302084
2013-06-25 01:00:00,0.0
2013-06-25 02:00:00,-1.1121354825178233
2013-06-25 03:00:00,-1.1740189623963895
2013-06-25 04:00:00,-1.2204444539622408
2013-06-25 05:00:00,-1.1895284773368127
2013-06-25 06:00:00,0.0
2013-06-25 07:00:00,0.0
2013-06-25 08:00:00,0.0
2013-06-25 09:00:00,0.018822469068055295
2013-06-25 10:00:00,0.5487223084279007
2013-06-25 11:00:00,0.0
2013-06-25 12:00:00,0.0
2013-06-25 13:00:00,0.0
2013-06-25 14:00:00,0.922444939201619
2013-06-25 15:00:00,0.0
2013-06-25 16:00:00,0.0
2013-06-25 17:00:00,1.5321595248827804
2013-06-25 18:00:00,1.0309600171568742
2013-06-25 19:00:00,0.0
2013-06-25 20:00:00,0.0
2013-06-25 21:00:00,0.0
2013-06-25 22:00:00,0.8759163943803482
2013-06-25 23:00:00,-0.20289660996397438
2013-06-26 00:00:00,0.0
2013-06-26 01:00:00,-0.9162312439680247
2013-06-26 02:00:00,-0.9677578716770738
2013-06-26 03:00:00,-1.1379503230000574
2013-06-26 04:00:00,-1.1327976602291505
2013-06-26 05:00:00,0.0
2013-06-26 06:00:00,-0.8801626045716932
2013-06-26 07:00:00,-0.13560283417595786
2013-06-26 08:00:00,0.0
2013-06-26 09:00:00,0.0
2013-06-26 10:00:00,0.4160927687048122
2013-06-26 11:00:00,0.0
2013-06-26 12:00:00,0.7106189726897275
2013-06-26 13:00:00,0.0
2013-06-26 14:00:00,1.2738050135496157
2013-06-26 15:00:00,1.232480658126962
2013-06-26 16:00:00,1.3254346945140802
2013-06-26 17:00:00,1.2324806581269543
2013-06-26 18:00:00,1.4701214651210865
2013-06-26 19:00:00,1.5941460580167588
2013-06-26 20:00:00,1.5218541993409698
2013-06-26 21:00:00,0.0
2013-06-26 22:00:00,0.891425909320772
2013-06-26 23:00:00,0.0
2013-06-27 00:00:00,0.0
2013-06-27 01:00:00,0.0
2013-06-27 02:00:00,-1.0039295643288215
2013-06-27 03:00:00,-1.101881683603719
2013-06-27 04:00:00,-1.1327461336014442
2013-06-27 05:00:00,-1.0708626537228754
2013-06-27 06:00:00,0.0
2013-06-27 07:00:00,-0.16486995871469703
2013-06-27 08:00:00,0.0
2013-06-27 09:00:00,0.0
2013-06-27 10:00:00,0.0
2013-06-27 11:00:00,0.0
2013-06-27 12:00:00,0.0
2013-06-27 13:00:00,0.0
2013-06-27 14:00:00,0.0
2013-06-27 15:00:00,0.9689734840228891
2013-06-27 16:00:00,1.1549330834248404
2013-06-27 17:00:00,0.0
2013-06-27 18:00:00,1.418491784156618
2013-06-27 19:00:00,0.0
2013-06-27 20:00:00,1.5631785547636206
2013-06-27 21:00:00,0.0
2013-06-27 22:00:00,0.8708152582371576
2013-06-27 23:00:00,-0.28544226755386704
2013-06-28 00:00:00,0.0
2013-06-28 01:00:00,0.0
2013-06-28 02:00:00,-0.9780631972188777
2013-06-28 03:00:00,0.0
2013-06-28 04:00:00,0.0
2013-06-28 05:00:00,-1.0502520026392541
2013-06-28 06:00:00,0.0
2013-06-28 07:00:00,0.0
2013-06-28 08:00:00,0.05829186589318637
2013-06-28 09:00:00,0.1494939969382011
2013-06-28 10:00:00,0.0
2013-06-28 11:00:00,0.8501015538981175
2013-06-28 12:00:00,0.7570959908832889
2013-06-28 13:00:00,1.3357915466835972
2013-06-28 14:00:00,1.4185433107843275
2013-06-28 15:00:00,0.0
2013-06-28 16:00:00,0.0
2013-06-28 17:00:00,1.4701729917487958
2013-06-28 18:00:00,0.0
2013-06-28 19:00:00,0.0
2013-06-28 20:00:00,0.0
2013-06-28 21:00:00,0.0
2013-06-28 22:00:00,0.9689734840228899
2013-06-28 23:00:00,0.0
2013-06-29 00:00:00,0.0
2013-06-29 01:00:00,-0.8801626045716897
2013-06-29 02:00:00,-0.9471472205934529
2013-06-29 03:00:00,-1.0502520026392574
2013-06-29 04:00:00,-1.0450993398683541
2013-06-29 05:00:00,-0.9832158599897849
2013-06-29 06:00:00,-0.8750099418007863
2013-06-29 07:00:00,0.0
2013-06-29 08:00:00,0.0
2013-06-29 09:00:00,0.0
2013-06-29 10:00:00,0.0
2013-06-29 11:00:00,0.0
2013-06-29 12:00:00,0.0
2013-06-29 13:00:00,0.0
2013-06-29 14:00:00,1.2427344570410594
2013-06-29 15:00:00,1.5941975846444711
2013-06-29 16:00:00,0.0
2013-06-29 17:00:00,2.0798875774299512
2013-06-29 18:00:00,0.0
2013-06-29 19:00:00,0.0
2013-06-29 20:00:00,1.9507103217633681
2013-06-29 21:00:00,1.8989775875434878
2013-06-29 22:00:00,0.0
2013-06-29 23:00:00,0.0862192981114906
2013-06-30 00:00:00,-0.6996133010791895
2013-06-30 01:00:00,0.0
2013-06-30 02:00:00,-0.8646530896312693
2013-06-30 03:00:00,-0.9522998833643602
2013-06-30 04:00:00,-1.0606088548087775
2013-06-30 05:00:00,0.0
2013-06-30 06:00:00,-0.8131264619222236
2013-06-30 07:00:00,-0.11839294052113598
2013-06-30 08:00:00,0.0
2013-06-30 09:00:00,0.0
2013-06-30 10:00:00,0.9844314723356035
2013-06-30 11:00:00,1.2479386464396718
2013-06-30 12:00:00,0.0
2013-06-30 13:00:00,1.5114458205437402
2013-06-30 14:00:00,0.0
2013-06-30 15:00:00,0.0
2013-06-30 16:00:00,1.6716936327188765
2013-06-30 17:00:00,1.8008193617577495
2013-06-30 18:00:00,1.9661683100760856
2013-06-30 19:00:00,1.6613367805493557
2013-06-30 20:00:00,1.5425163770522974
2013-06-30 21:00:00,1.5889933952458581
2013-06-30 22:00:00,1.3771674287339606
2013-06-30 23:00:00,-0.03775376815647582
2013-07-01 00:00:00,0.0
2013-07-01 01:00:00,0.0
2013-07-01 02:00:00,-0.9729105344479777
2013-07-01 03:00:00,-1.0811679792646822
2013-07-01 04:00:00,-1.1483071751695706
2013-07-01 05:00:00,-1.1327976602291505
2013-07-01 06:00:00,-1.0089791738443097
2013-07-01 07:00:00,-0.37478944000135556
2013-07-01 08:00:00,0.0
2013-07-01 09:00:00,0.0
2013-07-01 10:00:00,0.0
2013-07-01 11:00:00,1.0671317098086281
2013-07-01 12:00:00,1.0050936500469305
2013-07-01 13:00:00,0.0
2013-07-01 14:00:00,0.0
2013-07-01 15:00:00,0.0
2013-07-01 16:00:00,0.0
2013-07-01 17:00:00,1.1859521133056874
2013-07-01 18:00:00,1.0516221948682043
2013-07-01 19:00:00,1.3668621031921506
2013-07-01 20:00:00,0.0
2013-07-01 21:00:00,1.0206031649873581
2013-07-01 22:00:00,0.0
2013-07-01 23:00:00,-0.4778942220471602
2013-07-02 00:00:00,-1.349364076490278
2013-07-02 01:00:00,0.0
2013-07-02 02:00:00,-1.0296413515556366
2013-07-02 03:00:00,0.0
2013-07-02 04:00:00,-1.1637651634822848
2013-07-02 05:00:00,0.0
2013-07-02 06:00:00,-0.8131264619222236
2013-07-02 07:00:00,0.0
2013-07-02 08:00:00,0.0
2013-07-02 09:00:00,0.18391378424784408
2013-07-02 10:00:00,0.5710848648536221
2013-07-02 11:00:00,0.767452843052806
2013-07-02 12:00:00,0.7623001802819022
2013-07-02 13:00:00,0.7312811504010552
2013-07-02 14:00:00,0.0
2013-07-02 15:00:00,0.5865428531663427
2013-07-02 16:00:00,0.0
2013-07-02 17:00:00,0.9637692946242766
2013-07-02 18:00:00,0.0
2013-07-02 19:00:00,0.0
2013-07-02 20:00:00,0.891425909320772
2013-07-02 21:00:00,0.7983688196782341
2013-07-02 22:00:00,0.0
2013-07-02 23:00:00,0.0
2013-07-03 00:00:00,0.0
2013-07-03 01:00:00,-1.0089791738443128
2013-07-03 02:00:00,0.0
2013-07-03 03:00:00,-1.1224923346873434
2013-07-03 04:00:00,-1.174070489024099
2013-07-03 05:00:00,-1.107034346374626
2013-07-03 06:00:00,-1.0709141803505848
2013-07-03 07:00:00,0.0
2013-07-03 08:00:00,0.0
2013-07-03 09:00:00,0.18561416296224248
2013-07-03 10:00:00,0.5849455277073609
2013-07-03 11:00:00,0.932801791371139
2013-07-03 12:00:00,0.7312811504010552
2013-07-03 13:00:00,0.0
2013-07-03 14:00:00,1.0361126799277782
2013-07-03 15:00:00,1.3461483988531167
2013-07-03 16:00:00,1.4029822692161982
2013-07-03 17:00:00,0.0
2013-07-03 18:00:00,1.568331217534528
2013-07-03 19:00:00,0.0
2013-07-03 20:00:00,0.0
2013-07-03 21:00:00,0.0
2013-07-03 22:00:00,0.0
2013-07-03 23:00:00,0.0
2013-07-04 00:00:00,-0.8079222725236073
2013-07-04 01:00:00,-0.7924642842108932
2013-07-04 02:00:00,-0.8955690662566979
2013-07-04 03:00:00,0.0
2013-07-04 04:00:00,0.0
2013-07-04 05:00:00,-0.9935727121593046
2013-07-04 06:00:00,0.0
2013-07-04 07:00:00,-0.2234042077921731
2013-07-04 08:00:00,0.05829186589318637
2013-07-04 09:00:00,0.0
2013-07-04 10:00:00,1.1859521133056874
2013-07-04 11:00:00,0.0
2013-07-04 12:00:00,1.6458272656089357
2013-07-04 13:00:00,1.790514036215942
2013-07-04 14:00:00,1.8060750777840722
2013-07-04 15:00:00,0.0
2013-07-04 16:00:00,0.0
2013-07-04 17:00:00,0.0
2013-07-04 18:00:00,1.8938764514002913
2013-07-04 19:00:00,2.21421749586744
2013-07-04 20:00:00,2.2400838629773774
2013-07-04 21:00:00,2.353648550448117
2013-07-04 22:00:00,1.7699033851323214
2013-07-04 23:00:00,0.0
2013-07-05 00:00:00,0.0
2013-07-05 01:00:00,0.0
2013-07-05 02:00:00,0.0
2013-07-05 03:00:00,-0.32841547506320984
2013-07-05 04:00:00,0.0
2013-07-05 05:00:00,-0.7460903192727509
2013-07-05 06:00:00,-0.8337371130058411
2013-07-05 07:00:00,-0.2595759004439269
2013-07-05 08:00:00,0.34570739525425637
2013-07-05 09:00:00,0.6382755873862268
2013-07-05 10:00:00,1.0877423608922427
2013-07-05 11:00:00,1.723323313683345
2013-07-05 12:00:00,2.038511695379587
2013-07-05 13:00:00,2.3020188694836525
2013-07-05 14:00:00,2.348547414304923
2013-07-05 15:00:00,0.0
2013-07-05 16:00:00,0.0
2013-07-05 17:00:00,2.2090648330965332
2013-07-05 18:00:00,2.441604503947464
2013-07-05 19:00:00,0.0
2013-07-05 20:00:00,2.3950759591261934
2013-07-05 21:00:00,0.0
2013-07-05 22:00:00,0.0
2013-07-05 23:00:00,0.14295011521915293
2013-07-06 00:00:00,0.0
2013-07-06 01:00:00,0.0
2013-07-06 02:00:00,0.0
2013-07-06 03:00:00,0.0
2013-07-06 04:00:00,-0.8749584151730799
2013-07-06 05:00:00,0.0
2013-07-06 06:00:00,0.0
2013-07-06 07:00:00,0.3472531940855228
2013-07-06 08:00:00,0.1941675831619423
2013-07-06 09:00:00,0.0
2013-07-06 10:00:00,0.0
2013-07-06 11:00:00,2.4828773327424085
2013-07-06 12:00:00,0.0
2013-07-06 13:00:00,2.6740926481706855
2013-07-06 14:00:00,0.0
2013-07-06 15:00:00,2.5294058775636823
2013-07-06 16:00:00,0.0
2013-07-06 17:00:00,0.0
2013-07-06 18:00:00,2.384667580328968
2013-07-06 19:00:00,2.2762040290014216
2013-07-06 20:00:00,0.0
2013-07-06 21:00:00,0.0
2013-07-06 22:00:00,0.0
2013-07-06 23:00:00,0.0
2013-07-07 00:00:00,-0.6017127084320015
2013-07-07 01:00:00,-0.6532393361410472
2013-07-07 02:00:00,-0.7563441181868519
2013-07-07 03:00:00,-0.8698572790298824
2013-07-07 04:00:00,-0.8801110779439802
2013-07-07 05:00:00,0.0
2013-07-07 06:00:00,-0.7460387926450416
2013-07-07 07:00:00,0.0
2013-07-07 08:00:00,0.0
2013-07-07 09:00:00,0.0
2013-07-07 10:00:00,0.0
2013-07-07 11:00:00,2.5242532147927763
2013-07-07 12:00:00,0.0
2013-07-07 13:00:00,3.0306053852895856
2013-07-07 14:00:00,2.684449500340202
2013-07-07 15:00:00,0.0
2013-07-07 16:00:00,2.3847191069566773
2013-07-07 17:00:00,2.467419344429695
2013-07-07 18:00:00,2.446705640090655
2013-07-07 19:00:00,2.5861882212990515
2013-07-07 20:00:00,2.4725204805728924
2013-07-07 21:00:00,2.2142174958674365
2013-07-07 22:00:00,0.0
2013-07-07 23:00:00,0.04474036280570823
2013-07-08 00:00:00,0.0
2013-07-08 01:00:00,0.0
2013-07-08 02:00:00,0.0
2013-07-08 03:00:00,-0.8698572790298824
2013-07-08 04:00:00,0.0
2013-07-08 05:00:00,0.0
2013-07-08 06:00:00,0.0
2013-07-08 07:00:00,0.0
2013-07-08 08:00:00,0.0
2013-07-08 09:00:00,0.9844829989633098
2013-07-08 10:00:00,0.0
2013-07-08 11:00:00,2.286560881170935
2013-07-08 12:00:00,2.6275125767217054
2013-07-08 13:00:00,2.524253214792776
2013-07-08 14:00:00,0.0
2013-07-08 15:00:00,0.0
2013-07-08 16:00:00,2.3950759591261934
2013-07-08 17:00:00,2.4260434623793308
2013-07-08 18:00:00,2.1677404776738727
2013-07-08 19:00:00,0.0
2013-07-08 20:00:00,0.0
2013-07-08 21:00:00,2.0489200741768165
2013-07-08 22:00:00,2.0126968548973565
2013-07-08 23:00:00,0.0
2013-07-09 00:00:00,0.0
2013-07-09 01:00:00,-0.6944606383082826
2013-07-09 02:00:00,-0.7873116214399898
2013-07-09 03:00:00,-0.8801110779439837
2013-07-09 04:00:00,-0.9935211855315922
2013-07-09 05:00:00,0.0
2013-07-09 06:00:00,-0.7976169469818001
2013-07-09 07:00:00,0.0
2013-07-09 08:00:00,0.02737588926775818
2013-07-09 09:00:00,0.0
2013-07-09 10:00:00,1.1446792845107392
2013-07-09 11:00:00,0.0
2013-07-09 12:00:00,0.0
2013-07-09 13:00:00,0.0
2013-07-09 14:00:00,1.961067173932885
2013-07-09 15:00:00,0.0
2013-07-09 16:00:00,0.0
2013-07-09 17:00:00,0.0
2013-07-09 18:00:00,0.0
2013-07-09 19:00:00,1.997238866584636
2013-07-09 20:00:00,0.0
2013-07-09 21:00:00,0.0
2013-07-09 22:00:00,1.6768462954897834
2013-07-09 23:00:00,0.0
2013-07-10 00:00:00,0.0
2013-07-10 01:00:00,0.0
2013-07-10 02:00:00,-0.833737113005838
2013-07-10 03:00:00,-0.9162312439680281
2013-07-10 04:00:00,-1.0089791738443092
2013-07-10 05:00:00,-0.8801626045716897
2013-07-10 06:00:00,-0.7667524969840779
2013-07-10 07:00:00,0.0
2013-07-10 08:00:00,0.1889633937633291
2013-07-10 09:00:00,0.40248973898962465
2013-07-10 10:00:00,0.0
2013-07-10 11:00:00,0.0
2013-07-10 12:00:00,1.790514036215942
2013-07-10 13:00:00,0.0
2013-07-10 14:00:00,0.0
2013-07-10 15:00:00,0.0
2013-07-10 16:00:00,1.2686008241510027
2013-07-10 17:00:00,1.2996713806595521
2013-07-10 18:00:00,1.5631785547636243
2013-07-10 19:00:00,1.5786880697040482
2013-07-10 20:00:00,1.5218026727132603
2013-07-10 21:00:00,1.2944671912609458
2013-07-10 22:00:00,1.087793887519952
2013-07-10 23:00:00,-0.12540056188956597
2013-07-11 00:00:00,-0.8388382491490355
2013-07-11 01:00:00,0.0
2013-07-11 02:00:00,0.0
2013-07-11 03:00:00,0.0
2013-07-11 04:00:00,0.0
2013-07-11 05:00:00,0.0
2013-07-11 06:00:00,-0.9419430311948401
2013-07-11 07:00:00,-0.35933145168863845
2013-07-11 08:00:00,0.07895404360451672
2013-07-11 09:00:00,0.0
2013-07-11 10:00:00,0.844897364499505
2013-07-11 11:00:00,0.0
2013-07-11 12:00:00,1.1291182429426097
2013-07-11 13:00:00,0.9741261467937967
2013-07-11 14:00:00,0.0
2013-07-11 15:00:00,0.0
2013-07-11 16:00:00,1.392625417046678
2013-07-11 17:00:00,0.0
2013-07-11 18:00:00,0.0
2013-07-11 19:00:00,0.0
2013-07-11 20:00:00,1.542464850424588
2013-07-11 21:00:00,1.3565052510226336
2013-07-11 22:00:00,0.0
2013-07-11 23:00:00,0.0
2013-07-12 00:00:00,-0.9574525461352635
2013-07-12 01:00:00,-1.0193360260138293
2013-07-12 02:00:00,-1.0245402154124459
2013-07-12 03:00:00,-1.1069828197469198
2013-07-12 04:00:00,0.0
2013-07-12 05:00:00,0.0
2013-07-12 06:00:00,-0.9729105344479777
2013-07-12 07:00:00,0.0
2013-07-12 08:00:00,0.06859719143499665
2013-07-12 09:00:00,0.5797413383087476
2013-07-12 10:00:00,0.9585651052256604
2013-07-12 11:00:00,1.413287594758005
2013-07-12 12:00:00,0.0
2013-07-12 13:00:00,1.1963089654752044
2013-07-12 14:00:00,1.1911563027043006
2013-07-12 15:00:00,0.0
2013-07-12 16:00:00,0.0
2013-07-12 17:00:00,0.0
2013-07-12 18:00:00,0.0
2013-07-12 19:00:00,1.4908351694601227
2013-07-12 20:00:00,1.5528217025941042
2013-07-12 21:00:00,0.0
2013-07-12 22:00:00,1.0774885619781414
2013-07-12 23:00:00,0.0
2013-07-13 00:00:00,0.0
2013-07-13 01:00:00,0.0
2013-07-13 02:00:00,-0.926536569509832
2013-07-13 03:00:00,0.0
2013-07-13 04:00:00,-1.0606088548087742
2013-07-13 05:00:00,0.0
2013-07-13 06:00:00,-0.6996648277068993
2013-07-13 07:00:00,0.0
2013-07-13 08:00:00,0.0
2013-07-13 09:00:00,0.6573404396385748
2013-07-13 10:00:00,0.0
2013-07-13 11:00:00,0.0
2013-07-13 12:00:00,1.5424133237968778
2013-07-13 13:00:00,1.5218541993409698
2013-07-13 14:00:00,1.578636543076335
2013-07-13 15:00:00,1.6767947688620741
2013-07-13 16:00:00,0.0
2013-07-13 17:00:00,1.361606387165831
2013-07-13 18:00:00,0.0
2013-07-13 19:00:00,0.0
2013-07-13 20:00:00,1.4753256545196995
2013-07-13 21:00:00,1.341047262709919
2013-07-13 22:00:00,1.1550361366802622
2013-07-13 23:00:00,-0.027448442614668205
2013-07-14 00:00:00,-0.7924642842108929
2013-07-14 01:00:00,0.0
2013-07-14 02:00:00,0.0
2013-07-14 03:00:00,0.0
2013-07-14 04:00:00,-1.0503035292669636
2013-07-14 05:00:00,0.0
2013-07-14 06:00:00,-0.9368418950516426
2013-07-14 07:00:00,0.0
2013-07-14 08:00:00,0.24749764284081166
2013-07-14 09:00:00,0.0
2013-07-14 10:00:00,1.299671380659556
2013-07-14 11:00:00,1.6665409699479727
2013-07-14 12:00:00,1.9093859663407142
2013-07-14 13:00:00,1.857653232120834
2013-07-14 14:00:00,1.6819989582606834
2013-07-14 15:00:00,0.0
2013-07-14 16:00:00,1.3978296064452942
2013-07-14 17:00:00,1.4805298439183128
2013-07-14 18:00:00,1.4339497724693289
2013-07-14 19:00:00,1.294518717888656
2013-07-14 20:00:00,0.0
2013-07-14 21:00:00,1.175595261136171
2013-07-14 22:00:00,0.0
2013-07-14 23:00:00,0.0
2013-07-15 00:00:00,0.0
2013-07-15 01:00:00,-0.9419945578225495
2013-07-15 02:00:00,0.0
2013-07-15 03:00:00,-1.0761183697491976
2013-07-15 04:00:00,0.0
2013-07-15 05:00:00,0.0
2013-07-15 06:00:00,0.0
2013-07-15 07:00:00,-0.10808761497932569
2013-07-15 08:00:00,0.0
2013-07-15 09:00:00,0.21998242364417608
2013-07-15 10:00:00,0.782962357993226
2013-07-15 11:00:00,1.3565052510226336
2013-07-15 12:00:00,1.1807994505347805
2013-07-15 13:00:00,0.0
2013-07-15 14:00:00,1.1084045386035735
2013-07-15 15:00:00,1.2686523507787089
2013-07-15 16:00:00,1.3719632393353511
2013-07-15 17:00:00,1.304824043430459
2013-07-15 18:00:00,1.5321595248827773
2013-07-15 19:00:00,1.4650203289778927
2013-07-15 20:00:00,0.0
2013-07-15 21:00:00,1.0102978394455475
2013-07-15 22:00:00,0.0
2013-07-15 23:00:00,-0.2956960664679683
2013-07-16 00:00:00,-0.8904679301135
2013-07-16 01:00:00,-0.9059259184262175
2013-07-16 02:00:00,-1.0090307004720156
2013-07-16 03:00:00,0.0
2013-07-16 04:00:00,-1.0864236952910082
2013-07-16 05:00:00,-1.0193360260138293
2013-07-16 06:00:00,-0.9110785811971213
2013-07-16 07:00:00,0.0
2013-07-16 08:00:00,-0.04996557892352168
2013-07-16 09:00:00,0.0
2013-07-16 10:00:00,0.6951094577493044
2013-07-16 11:00:00,1.2324806581269552
2013-07-16 12:00:00,0.0
2013-07-16 13:00:00,1.3047725168027533
2013-07-16 14:00:00,0.0
2013-07-16 15:00:00,1.103303402460379
2013-07-16 16:00:00,1.449510814037465
2013-07-16 17:00:00,1.3978296064452913
2013-07-16 18:00:00,1.4288486363261352
2013-07-16 19:00:00,0.0
2013-07-16 20:00:00,0.0
2013-07-16 21:00:00,1.1497804206539366
2013-07-16 22:00:00,0.0
2013-07-16 23:00:00,-0.233658006706274
2013-07-17 00:00:00,-0.9059259184262145
2013-07-17 01:00:00,-0.8853152673425966
2013-07-17 02:00:00,-0.947095693965747
2013-07-17 03:00:00,0.0
2013-07-17 04:00:00,-1.050303529266967
2013-07-17 05:00:00,0.0
2013-07-17 06:00:00,0.0
2013-07-17 07:00:00,-0.27493083550122227
2013-07-17 08:00:00,0.0
2013-07-17 09:00:00,0.0
2013-07-17 10:00:00,0.8501015538981213
2013-07-17 11:00:00,0.8966300987193883
2013-07-17 12:00:00,0.0
2013-07-17 13:00:00,1.2066658176447245
2013-07-17 14:00:00,1.3099767062013665
2013-07-17 15:00:00,0.0
2013-07-17 16:00:00,0.0
2013-07-17 17:00:00,1.330690410540403
2013-07-17 18:00:00,0.0
2013-07-17 19:00:00,1.5527701759663979
2013-07-17 20:00:00,1.1756467877638774
2013-07-17 21:00:00,1.2376333208978612
2013-07-17 22:00:00,0.0
2013-07-17 23:00:00,0.0
2013-07-18 00:00:00,-0.9059259184262175
2013-07-18 01:00:00,-0.9265365695098354
2013-07-18 02:00:00,-0.9368418950516426
2013-07-18 03:00:00,0.0
2013-07-18 04:00:00,-1.101830156976016
2013-07-18 05:00:00,-1.0399982037251567
2013-07-18 06:00:00,0.0
2013-07-18 07:00:00,0.0
2013-07-18 08:00:00,0.0
2013-07-18 09:00:00,0.2682113471798449
2013-07-18 10:00:00,0.7570959908832859
2013-07-18 11:00:00,0.0
2013-07-18 12:00:00,0.9276491286002322
2013-07-18 13:00:00,1.1601372728234536
2013-07-18 14:00:00,1.1963089654752075
2013-07-18 15:00:00,1.077437035350432
2013-07-18 16:00:00,0.0
2013-07-18 17:00:00,0.0
2013-07-18 18:00:00,0.0
2013-07-18 19:00:00,0.0
2013-07-18 20:00:00,1.3460968722254079
2013-07-18 21:00:00,0.0
2013-07-18 22:00:00,0.0
2013-07-18 23:00:00,0.0
2013-07-19 00:00:00,-0.6480866733701404
2013-07-19 01:00:00,0.0
2013-07-19 02:00:00,-0.9316892322807389
2013-07-19 03:00:00,-1.0141833632429225
2013-07-19 04:00:00,-1.0244886887847362
2013-07-19 05:00:00,0.0
2013-07-19 06:00:00,0.0
2013-07-19 07:00:00,-0.22850534393537403
2013-07-19 08:00:00,0.07385290746131924
2013-07-19 09:00:00,0.3352990164570273
2013-07-19 10:00:00,0.0
2013-07-19 11:00:00,1.3151293689722696
2013-07-19 12:00:00,0.0
2013-07-19 13:00:00,0.0
2013-07-19 14:00:00,0.0
2013-07-19 15:00:00,0.0
2013-07-19 16:00:00,1.196257438847498
2013-07-19 17:00:00,0.901782761490292
2013-07-19 18:00:00,0.0
2013-07-19 19:00:00,1.315180895599976
2013-07-19 20:00:00,0.0
2013-07-19 21:00:00,0.0
2013-07-19 22:00:00,0.9275976019725221
2013-07-19 23:00:00,-0.24921904827440727
2013-07-20 00:00:00,0.0
2013-07-20 01:00:00,0.0
2013-07-20 02:00:00,0.0
2013-07-20 03:00:00,-1.1431029857709578
2013-07-20 04:00:00,-1.1586125007113843
2013-07-20 05:00:00,0.0
2013-07-20 06:00:00,-0.9729105344479743
2013-07-20 07:00:00,-0.06542356723623616
2013-07-20 08:00:00,0.0
2013-07-20 09:00:00,0.0
2013-07-20 10:00:00,0.7002621205202044
2013-07-20 11:00:00,0.0
2013-07-20 12:00:00,1.1136087280021865
2013-07-20 13:00:00,1.077437035350432
2013-07-20 14:00:00,0.8914774359484814
2013-07-20 15:00:00,0.0
2013-07-20 16:00:00,1.3048240434304597
2013-07-20 17:00:00,0.9895841351065073
2013-07-20 18:00:00,0.0
2013-07-20 19:00:00,0.9017827614902882
2013-07-20 20:00:00,0.0
2013-07-20 21:00:00,1.1652899355943636
2013-07-20 22:00:00,0.0
2013-07-20 23:00:00,-0.3799936293999688
2013-07-21 00:00:00,0.0
2013-07-21 01:00:00,-1.070914180350588
2013-07-21 02:00:00,-1.0760668431214884
2013-07-21 03:00:00,0.0
2013-07-21 04:00:00,-1.2049864656495235
2013-07-21 05:00:00,-1.1431029857709578
2013-07-21 06:00:00,-1.0399982037251532
2013-07-21 07:00:00,-0.3265605164656871
2013-07-21 08:00:00,0.0
2013-07-21 09:00:00,0.0
2013-07-21 10:00:00,0.7984718729336491
2013-07-21 11:00:00,1.237581794270152
2013-07-21 12:00:00,0.0
2013-07-21 13:00:00,1.3616579137935405
2013-07-21 14:00:00,1.0206031649873544
2013-07-21 15:00:00,1.0051451766746435
2013-07-21 16:00:00,1.0929980769185683
2013-07-21 17:00:00,0.0
2013-07-21 18:00:00,1.030908490529165
2013-07-21 19:00:00,1.165238408966654
2013-07-21 20:00:00,1.0464695320972974
2013-07-21 21:00:00,0.9275976019725228
2013-07-21 22:00:00,0.891425909320775
2013-07-21 23:00:00,0.0
2013-07-22 00:00:00,-0.41606226879630726
2013-07-22 01:00:00,-0.48819954758896783
2013-07-22 02:00:00,-0.5089132519280041
2013-07-22 03:00:00,0.0
2013-07-22 04:00:00,0.0
2013-07-22 05:00:00,0.0
2013-07-22 06:00:00,0.0
2013-07-22 07:00:00,0.1963317015257252
2013-07-22 08:00:00,0.30427998657617994
2013-07-22 09:00:00,0.0
2013-07-22 10:00:00,0.8087256718477505
2013-07-22 11:00:00,0.9534639690824659
2013-07-22 12:00:00,0.9999409872760274
2013-07-22 13:00:00,0.0
2013-07-22 14:00:00,0.8293878495590812
2013-07-22 15:00:00,0.7158231620883376
2013-07-22 16:00:00,0.0
2013-07-22 17:00:00,0.7984203463059436
2013-07-22 18:00:00,0.860406879439925
2013-07-22 19:00:00,1.1085075918589922
2013-07-22 20:00:00,1.0670801831809158
2013-07-22 21:00:00,0.8036245357045598
2013-07-22 22:00:00,0.0
2013-07-22 23:00:00,0.0
2013-07-23 00:00:00,0.0
2013-07-23 01:00:00,-0.9883685227606918
2013-07-23 02:00:00,-1.0761183697492012
2013-07-23 03:00:00,0.0
2013-07-23 04:00:00,0.0
2013-07-23 05:00:00,0.0
2013-07-23 06:00:00,-0.9007732556553106
2013-07-23 07:00:00,-0.3439249900036372
2013-07-23 08:00:00,-0.08433383960545565
2013-07-23 09:00:00,0.06519643400620063
2013-07-23 10:00:00,0.6537851023266468
2013-07-23 11:00:00,0.9482597796838536
2013-07-23 12:00:00,0.9431071169129497
2013-07-23 13:00:00,0.9172407498030057
2013-07-23 14:00:00,1.299671380659556
2013-07-23 15:00:00,1.0102978394455435
2013-07-23 16:00:00,0.0
2013-07-23 17:00:00,1.3306388839126935
2013-07-23 18:00:00,1.1653414622220728
2013-07-23 19:00:00,1.1549330834248404
2013-07-23 20:00:00,0.0
2013-07-23 21:00:00,0.9999925139037398
2013-07-23 22:00:00,0.8139298612463636
2013-07-23 23:00:00,-0.26467703658711794
2013-07-24 00:00:00,-0.9781147238465905
2013-07-24 01:00:00,-1.055404665410161
2013-07-24 02:00:00,-1.081219505892395
2013-07-24 03:00:00,-1.174070489024095
2013-07-24 04:00:00,0.0
2013-07-24 05:00:00,-1.163765163482288
2013-07-24 06:00:00,0.0
2013-07-24 07:00:00,-0.6429855372269463
2013-07-24 08:00:00,0.1735569320783244
2013-07-24 09:00:00,0.11172497882746803
2013-07-24 10:00:00,0.46777397629698686
2013-07-24 11:00:00,0.9585651052256604
2013-07-24 12:00:00,0.994839851132836
2013-07-24 13:00:00,0.9741261467937928
2013-07-24 14:00:00,0.953463969082469
2013-07-24 15:00:00,1.3823716181325738
2013-07-24 16:00:00,0.0
2013-07-24 17:00:00,0.0
2013-07-24 18:00:00,1.1755952611361742
2013-07-24 19:00:00,0.0
2013-07-24 20:00:00,0.0
2013-07-24 21:00:00,1.2376333208978612
2013-07-24 22:00:00,1.1498319472816467
2013-07-24 23:00:00,0.0
2013-07-25 00:00:00,-0.7925158108386026
2013-07-25 01:00:00,0.0
2013-07-25 02:00:00,-0.8956205928844106
2013-07-25 03:00:00,-0.9626052089061704
2013-07-25 04:00:00,-1.0347940143265435
2013-07-25 05:00:00,0.0
2013-07-25 06:00:00,-0.9162312439680247
2013-07-25 07:00:00,-0.10484143743365784
2013-07-25 08:00:00,0.2097286247300786
2013-07-25 09:00:00,0.21148053007218562
2013-07-25 10:00:00,0.695057931121592
2013-07-25 11:00:00,0.9534639690824659
2013-07-25 12:00:00,1.0206546916150636
2013-07-25 13:00:00,0.0
2013-07-25 14:00:00,0.0
2013-07-25 15:00:00,0.0
2013-07-25 16:00:00,1.2324806581269583
2013-07-25 17:00:00,0.0
2013-07-25 18:00:00,1.227276468728345
2013-07-25 19:00:00,1.2944671912609427
2013-07-25 20:00:00,0.0
2013-07-25 21:00:00,0.0
2013-07-25 22:00:00,0.8345920389576974
2013-07-25 23:00:00,-0.28023807815525426
2013-07-26 00:00:00,-0.9316892322807423
2013-07-26 01:00:00,-0.9678093983047833
2013-07-26 02:00:00,-1.0193360260138293
2013-07-26 03:00:00,-1.1172881452887238
2013-07-26 04:00:00,0.0
2013-07-26 05:00:00,-1.0658130442073874
2013-07-26 06:00:00,0.0
2013-07-26 07:00:00,-0.4109096060254004
2013-07-26 08:00:00,0.3303009335692482
2013-07-26 09:00:00,0.12203030436927831
2013-07-26 10:00:00,0.0
2013-07-26 11:00:00,1.025755827758262
2013-07-26 12:00:00,0.9121396136598121
2013-07-26 13:00:00,1.030908490529165
2013-07-26 14:00:00,0.0
2013-07-26 15:00:00,0.5607795393118183
2013-07-26 16:00:00,0.0
2013-07-26 17:00:00,0.0
2013-07-26 18:00:00,0.0
2013-07-26 19:00:00,0.9327502647434296
2013-07-26 20:00:00,1.0929465502908557
2013-07-26 21:00:00,1.0154505022164504
2013-07-26 22:00:00,0.0
2013-07-26 23:00:00,0.0
2013-07-27 00:00:00,-0.941994557822546
2013-07-27 01:00:00,0.0
2013-07-27 02:00:00,0.0
2013-07-27 03:00:00,-1.1431029857709614
2013-07-27 04:00:00,0.0
2013-07-27 05:00:00,-1.122440808059634
2013-07-27 06:00:00,0.0
2013-07-27 07:00:00,0.0
2013-07-27 08:00:00,-0.029354927839907594
2013-07-27 09:00:00,0.0
2013-07-27 10:00:00,0.0
2013-07-27 11:00:00,0.0
2013-07-27 12:00:00,0.9895841351065073
2013-07-27 13:00:00,0.9327502647434296
2013-07-27 14:00:00,0.9379544541420428
2013-07-27 15:00:00,0.0
2013-07-27 16:00:00,1.0877938875199529
2013-07-27 17:00:00,0.0
2013-07-27 18:00:00,1.1600857461957472
2013-07-27 19:00:00,0.0
2013-07-27 20:00:00,1.2996198540318464
2013-07-27 21:00:00,0.0
2013-07-27 22:00:00,0.0
2013-07-27 23:00:00,-0.08933192249323398
2013-07-28 00:00:00,0.0
2013-07-28 01:00:00,-0.9368418950516461
2013-07-28 02:00:00,0.0
2013-07-28 03:00:00,-1.0141833632429225
2013-07-28 04:00:00,0.0
2013-07-28 05:00:00,-1.0709141803505815
2013-07-28 06:00:00,0.0
2013-07-28 07:00:00,-0.04089689244673101
2013-07-28 08:00:00,-0.02935492783990416
2013-07-28 09:00:00,0.3319497856559407
2013-07-28 10:00:00,0.0
2013-07-28 11:00:00,0.0
2013-07-28 12:00:00,0.0
2013-07-28 13:00:00,1.0619275204100118
2013-07-28 14:00:00,0.0
2013-07-28 15:00:00,1.0361126799277782
2013-07-28 16:00:00,0.963820821251983
2013-07-28 17:00:00,0.0
2013-07-28 18:00:00,0.963820821251986
2013-07-28 19:00:00,1.1291697695703153
2013-07-28 20:00:00,1.1446277578830328
2013-07-28 21:00:00,0.9327502647434296
2013-07-28 22:00:00,0.9844314723356035
2013-07-28 23:00:00,0.0
2013-07-29 00:00:00,0.0
2013-07-29 01:00:00,0.0
2013-07-29 02:00:00,0.0
2013-07-29 03:00:00,0.0
2013-07-29 04:00:00,-1.1843758145659058
2013-07-29 05:00:00,-1.0967290208328155
2013-07-29 06:00:00,-1.1224923346873399
2013-07-29 07:00:00,-0.4057569432544935
2013-07-29 08:00:00,-0.013845412899480675
2013-07-29 09:00:00,0.07040062340481039
2013-07-29 10:00:00,0.0
2013-07-29 11:00:00,0.9586166318533728
2013-07-29 12:00:00,0.9637692946242766
2013-07-29 13:00:00,0.0
2013-07-29 14:00:00,0.0
2013-07-29 15:00:00,0.7313326770287616
2013-07-29 16:00:00,0.7622486536541928
2013-07-29 17:00:00,0.0
2013-07-29 18:00:00,0.0
2013-07-29 19:00:00,1.0361126799277782
2013-07-29 20:00:00,1.030908490529165
2013-07-29 21:00:00,0.8190825240172704
2013-07-29 22:00:00,0.7106189726897245
2013-07-29 23:00:00,-0.30600139200977555
2013-07-30 00:00:00,-0.9832158599897883
2013-07-30 01:00:00,0.0
2013-07-30 02:00:00,-1.0606088548087775
2013-07-30 03:00:00,-1.1483071751695741
2013-07-30 04:00:00,-1.1586125007113812
2013-07-30 05:00:00,-1.1276449974582436
2013-07-30 06:00:00,0.0
2013-07-30 07:00:00,-0.5140143880712016
2013-07-30 08:00:00,0.1495970501936168
2013-07-30 09:00:00,0.0136182796694421
2013-07-30 10:00:00,0.36281423565365567
2013-07-30 11:00:00,0.7088670673476175
2013-07-30 12:00:00,1.0464695320972983
2013-07-30 13:00:00,0.9327502647434296
2013-07-30 14:00:00,0.9379029275143335
2013-07-30 15:00:00,0.9276491286002322
2013-07-30 16:00:00,1.4443581512665582
2013-07-30 17:00:00,0.0
2013-07-30 18:00:00,1.4701729917487927
2013-07-30 19:00:00,1.268652350778712
2013-07-30 20:00:00,0.0
2013-07-30 21:00:00,1.2789576763205157
2013-07-30 22:00:00,0.0
2013-07-30 23:00:00,-0.1048929640613638
2013-07-31 00:00:00,0.0
2013-07-31 01:00:00,0.0
2013-07-31 02:00:00,-0.9523514099920661
2013-07-31 03:00:00,-0.9883685227606918
2013-07-31 04:00:00,0.0
2013-07-31 05:00:00,0.0
2013-07-31 06:00:00,-0.9522998833643568
2013-07-31 07:00:00,-0.31630671755158585
2013-07-31 08:00:00,0.0
2013-07-31 09:00:00,0.3044345664593081
2013-07-31 10:00:00,0.7364338131719621
2013-07-31 11:00:00,0.0
2013-07-31 12:00:00,0.0
2013-07-31 13:00:00,1.2117669537879219
2013-07-31 14:00:00,0.0
2013-07-31 15:00:00,1.3254862211417897
2013-07-31 16:00:00,1.3151293689722696
2013-07-31 17:00:00,0.0
2013-07-31 18:00:00,0.0
2013-07-31 19:00:00,1.413287594758005
2013-07-31 20:00:00,0.0
2013-07-31 21:00:00,1.340944209454504
2013-07-31 22:00:00,0.0
2013-07-31 23:00:00,-0.15636806514270354
2013-08-01 00:00:00,0.0
2013-08-01 01:00:00,-0.9574525461352602
2013-08-01 02:00:00,0.0
2013-08-01 03:00:00,-1.0966774942051092
2013-08-01 04:00:00,-1.0967290208328186
2013-08-01 05:00:00,-1.0244371621570203
2013-08-01 06:00:00,0.0
2013-08-01 07:00:00,-0.26988122598573416
2013-08-01 08:00:00,0.0
2013-08-01 09:00:00,0.3353505430847367
2013-08-01 10:00:00,0.7570959908832897
2013-08-01 11:00:00,0.0
2013-08-01 12:00:00,1.2118184804156273
2013-08-01 13:00:00,0.0
2013-08-01 14:00:00,1.061927520410009
2013-08-01 15:00:00,0.0
2013-08-01 16:00:00,0.9586166318533698
2013-08-01 17:00:00,0.9792272829369911
2013-08-01 18:00:00,1.051570668240492
2013-08-01 19:00:00,1.2066142910170181
2013-08-01 20:00:00,1.408134931987102
2013-08-01 21:00:00,1.3254346945140802
2013-08-01 22:00:00,1.0257558277582581
2013-08-01 23:00:00,-0.2492705749021132
2013-08-02 00:00:00,-0.9574525461352602
2013-08-02 01:00:00,-0.9419945578225495
2013-08-02 02:00:00,-1.0244886887847329
2013-08-02 03:00:00,-1.0967290208328155
2013-08-02 04:00:00,-1.091576358061915
2013-08-02 05:00:00,-1.0399982037251567
2013-08-02 06:00:00,-1.0347424876988376
2013-08-02 07:00:00,0.0
2013-08-02 08:00:00,-0.14271350879980624
2013-08-02 09:00:00,0.4490698104386053
2013-08-02 10:00:00,0.8138783346186572
2013-08-02 11:00:00,1.1704425983652673
2013-08-02 12:00:00,0.0
2013-08-02 13:00:00,1.1394750951121297
2013-08-02 14:00:00,0.0
2013-08-02 15:00:00,0.0
2013-08-02 16:00:00,0.0
2013-08-02 17:00:00,0.9741261467937967
2013-08-02 18:00:00,1.149831947281646
2013-08-02 19:00:00,1.247938646439669
2013-08-02 20:00:00,1.3926769436743844
2013-08-02 21:00:00,1.2273279953560543
2013-08-02 22:00:00,0.9637692946242766
2013-08-02 23:00:00,-0.26472856321483074
2013-08-03 00:00:00,-0.9110785811971178
2013-08-03 01:00:00,0.0
2013-08-03 02:00:00,0.0
2013-08-03 03:00:00,-1.0863721686632986
2013-08-03 04:00:00,0.0
2013-08-03 05:00:00,0.0
2013-08-03 06:00:00,0.0
2013-08-03 07:00:00,0.0
2013-08-03 08:00:00,0.0
2013-08-03 09:00:00,0.0
2013-08-03 10:00:00,1.0206031649873581
2013-08-03 11:00:00,1.289366055117749
2013-08-03 12:00:00,1.1549330834248404
2013-08-03 13:00:00,1.108456065231279
2013-08-03 14:00:00,0.0
2013-08-03 15:00:00,1.227276468728345
2013-08-03 16:00:00,0.0
2013-08-03 17:00:00,1.041265342698685
2013-08-03 18:00:00,1.0257558277582612
2013-08-03 19:00:00,1.056774857639108
2013-08-03 20:00:00,0.0
2013-08-03 21:00:00,0.0
2013-08-03 22:00:00,0.0
2013-08-03 23:00:00,0.0
2013-08-04 00:00:00,-0.9213839067389281
2013-08-04 01:00:00,-0.9316892322807389
2013-08-04 02:00:00,0.0
2013-08-04 03:00:00,0.0
2013-08-04 04:00:00,-1.0347940143265435
2013-08-04 05:00:00,0.0
2013-08-04 06:00:00,-1.03479401432654
2013-08-04 07:00:00,0.0
2013-08-04 08:00:00,-0.003540087357670006
2013-08-04 09:00:00,0.0
2013-08-04 10:00:00,0.6744472800379775
2013-08-04 11:00:00,1.123965580171706
2013-08-04 12:00:00,1.0929465502908589
2013-08-04 13:00:00,1.222123805957441
2013-08-04 14:00:00,0.0
2013-08-04 15:00:00,1.0516221948682012
2013-08-04 16:00:00,0.0
2013-08-04 17:00:00,0.0
2013-08-04 18:00:00,1.0670801831809158
2013-08-04 19:00:00,0.0
2013-08-04 20:00:00,1.2272249421006387
2013-08-04 21:00:00,1.0516737214959144
2013-08-04 22:00:00,0.0
2013-08-04 23:00:00,0.0
2013-08-05 00:00:00,-0.962605208906167
2013-08-05 01:00:00,0.0
2013-08-05 02:00:00,-1.0295898249279307
2013-08-05 03:00:00,-1.1689178262531916
2013-08-05 04:00:00,-1.1534083113127716
2013-08-05 05:00:00,0.0
2013-08-05 06:00:00,-1.0244371621570234
2013-08-05 07:00:00,0.0
2013-08-05 08:00:00,0.0
2013-08-05 09:00:00,0.0
2013-08-05 10:00:00,0.6382755873862229
2013-08-05 11:00:00,0.0
2013-08-05 12:00:00,1.3823200915048712
2013-08-05 13:00:00,0.0
2013-08-05 14:00:00,1.2324806581269583
2013-08-05 15:00:00,1.108456065231279
2013-08-05 16:00:00,1.1963089654752104
2013-08-05 17:00:00,0.0
2013-08-05 18:00:00,1.3358430733113067
2013-08-05 19:00:00,0.0
2013-08-05 20:00:00,1.3254346945140802
2013-08-05 21:00:00,1.0361126799277782
2013-08-05 22:00:00,0.0
2013-08-05 23:00:00,-0.08933192249323091
2013-08-06 00:00:00,-0.9368418950516457
2013-08-06 01:00:00,-0.9368934216793551
2013-08-06 02:00:00,-0.9781147238465905
2013-08-06 03:00:00,-1.055404665410161
2013-08-06 04:00:00,0.0
2013-08-06 05:00:00,-1.0038780377011118
2013-08-06 06:00:00,-0.9935211855315952
2013-08-06 07:00:00,0.0
2013-08-06 08:00:00,0.2784651460939458
2013-08-06 09:00:00,0.0
2013-08-06 10:00:00,0.0
2013-08-06 11:00:00,1.0619790470377213
2013-08-06 12:00:00,1.067131709808625
2013-08-06 13:00:00,0.0
2013-08-06 14:00:00,0.0
2013-08-06 15:00:00,0.0
2013-08-06 16:00:00,1.0102978394455475
2013-08-06 17:00:00,1.1756467877638805
2013-08-06 18:00:00,1.1394235684844203
2013-08-06 19:00:00,1.1136087280021896
2013-08-06 20:00:00,1.098150739689472
2013-08-06 21:00:00,1.0464180054695889
2013-08-06 22:00:00,0.0
2013-08-06 23:00:00,-0.20804927273488125
2013-08-07 00:00:00,0.0
2013-08-07 01:00:00,0.0
2013-08-07 02:00:00,-0.8491951013185551
2013-08-07 03:00:00,-0.962605208906167
2013-08-07 04:00:00,-1.0554046654101648
2013-08-07 05:00:00,-1.02964135155564
2013-08-07 06:00:00,-0.9522998833643598
2013-08-07 07:00:00,-0.32130480043936455
2013-08-07 08:00:00,0.06864871806270605
2013-08-07 09:00:00,0.19081835236085873
2013-08-07 10:00:00,0.5142509944905482
2013-08-07 11:00:00,1.077437035350432
2013-08-07 12:00:00,0.0
2013-08-07 13:00:00,0.7570959908832889
2013-08-07 14:00:00,1.0154505022164504
2013-08-07 15:00:00,0.0
2013-08-07 16:00:00,0.0
2013-08-07 17:00:00,0.0
2013-08-07 18:00:00,0.8914774359484845
2013-08-07 19:00:00,1.247938646439675
2013-08-07 20:00:00,0.0
2013-08-07 21:00:00,1.0619790470377182
2013-08-07 22:00:00,0.875916394380352
2013-08-07 23:00:00,-0.3936481857428661
2013-08-08 00:00:00,-1.0090307004720152
2013-08-08 01:00:00,0.0
2013-08-08 02:00:00,0.0
2013-08-08 03:00:00,-1.163765163482288
2013-08-08 04:00:00,0.0
2013-08-08 05:00:00,0.0
2013-08-08 06:00:00,0.0
2013-08-08 07:00:00,-0.445277866707334
2013-08-08 08:00:00,-0.15827455036793606
2013-08-08 09:00:00,0.1289863991099989
2013-08-08 10:00:00,0.4211939048480066
2013-08-08 11:00:00,1.082641224749049
2013-08-08 12:00:00,0.0
2013-08-08 13:00:00,0.0
2013-08-08 14:00:00,0.8139298612463675
2013-08-08 15:00:00,0.9637177679965634
2013-08-08 16:00:00,0.9689734840228899
2013-08-08 17:00:00,0.9224964658293283
2013-08-08 18:00:00,0.0
2013-08-08 19:00:00,1.1136087280021865
2013-08-08 20:00:00,1.402982269216195
2013-08-08 21:00:00,0.0
2013-08-08 22:00:00,0.0
2013-08-08 23:00:00,-0.10458380429511051
2013-08-09 00:00:00,-0.9471472205934529
2013-08-09 01:00:00,0.0
2013-08-09 02:00:00,0.0
2013-08-09 03:00:00,-1.1172881452887267
2013-08-09 04:00:00,0.0
2013-08-09 05:00:00,0.0
2013-08-09 06:00:00,0.0
2013-08-09 07:00:00,-0.27833159293001486
2013-08-09 08:00:00,0.0
2013-08-09 09:00:00,0.0
2013-08-09 10:00:00,0.0
2013-08-09 11:00:00,1.2479386464396718
2013-08-09 12:00:00,1.4030337958439045
2013-08-09 13:00:00,1.4443066246388556
2013-08-09 14:00:00,1.816380403325886
2013-08-09 15:00:00,1.6664894433202595
2013-08-09 16:00:00,0.0
2013-08-09 17:00:00,1.842246770435822
2013-08-09 18:00:00,0.0
2013-08-09 19:00:00,1.9816778250165057
2013-08-09 20:00:00,1.9300481440520412
2013-08-09 21:00:00,1.5786880697040444
2013-08-09 22:00:00,1.3202820317431765
2013-08-09 23:00:00,0.0
2013-08-10 00:00:00,-0.7099186266210001
2013-08-10 01:00:00,-0.7975654203540907
2013-08-10 02:00:00,0.0
2013-08-10 03:00:00,0.0
2013-08-10 04:00:00,0.0
2013-08-10 05:00:00,0.0
2013-08-10 06:00:00,0.0
2013-08-10 07:00:00,-0.04996557892352168
2013-08-10 08:00:00,0.2716636312363538
2013-08-10 09:00:00,0.0
2013-08-10 10:00:00,0.9741261467937967
2013-08-10 11:00:00,1.614859762355798
2013-08-10 12:00:00,0.0
2013-08-10 13:00:00,2.260746040688704
2013-08-10 14:00:00,1.8525520959776327
2013-08-10 15:00:00,2.1108035540553787
2013-08-10 16:00:00,1.9610156473051787
2013-08-10 17:00:00,2.100549755141281
2013-08-10 18:00:00,0.0
2013-08-10 19:00:00,0.0
2013-08-10 20:00:00,2.2039121703256295
2013-08-10 21:00:00,1.8886722620016771
2013-08-10 22:00:00,1.434001299097042
2013-08-10 23:00:00,0.03984533317334831
2013-08-11 00:00:00,-0.5914073828901873
2013-08-11 01:00:00,0.0
2013-08-11 02:00:00,0.0
2013-08-11 03:00:00,0.0
2013-08-11 04:00:00,-0.9162312439680247
2013-08-11 05:00:00,-0.8852637407148871
2013-08-11 06:00:00,0.0
2013-08-11 07:00:00,-0.25617514301512784
2013-08-11 08:00:00,0.0
2013-08-11 09:00:00,0.4454114198712577
2013-08-11 10:00:00,1.3668105765644443
2013-08-11 11:00:00,1.7801571840464225
2013-08-11 12:00:00,0.0
2013-08-11 13:00:00,2.0179010442959657
2013-08-11 14:00:00,0.0
2013-08-11 15:00:00,0.0
2013-08-11 16:00:00,1.785361373445035
2013-08-11 17:00:00,0.0
2013-08-11 18:00:00,1.8008193617577526
2013-08-11 19:00:00,0.0
2013-08-11 20:00:00,1.702661135972014
2013-08-11 21:00:00,1.3720147659630575
2013-08-11 22:00:00,0.0
2013-08-11 23:00:00,-0.12019637249095277
2013-08-12 00:00:00,-0.8183306513208367
2013-08-12 01:00:00,-0.8749584151730735
2013-08-12 02:00:00,-0.9213839067389286
2013-08-12 03:00:00,0.0
2013-08-12 04:00:00,0.0
2013-08-12 05:00:00,-0.9059259184262145
2013-08-12 06:00:00,-0.9419945578225495
2013-08-12 07:00:00,-0.19578593534012523
2013-08-12 08:00:00,0.022223226496854757
2013-08-12 09:00:00,0.36137149007780156
2013-08-12 10:00:00,0.0
2013-08-12 11:00:00,1.1703910717375547
2013-08-12 12:00:00,1.2738050135496157
2013-08-12 13:00:00,1.2686523507787089
2013-08-12 14:00:00,1.134322432341219
2013-08-12 15:00:00,0.0
2013-08-12 16:00:00,0.0
2013-08-12 17:00:00,1.2738050135496128
2013-08-12 18:00:00,0.0
2013-08-12 19:00:00,0.0
2013-08-12 20:00:00,0.0
2013-08-12 21:00:00,0.0
2013-08-12 22:00:00,0.0
2013-08-12 23:00:00,-0.2079977461071684
2013-08-13 00:00:00,-0.8698572790298794
2013-08-13 01:00:00,-0.8904164034857905
2013-08-13 02:00:00,-0.9574525461352602
2013-08-13 03:00:00,0.0
2013-08-13 04:00:00,0.0
2013-08-13 05:00:00,0.0
2013-08-13 06:00:00,0.0
2013-08-13 07:00:00,-0.17373253868065358
2013-08-13 08:00:00,-0.16857987590974635
2013-08-13 09:00:00,0.48168616577842804
2013-08-13 10:00:00,0.0
2013-08-13 11:00:00,1.4856309800615064
2013-08-13 12:00:00,0.0
2013-08-13 13:00:00,1.6200124251267058
2013-08-13 14:00:00,0.0
2013-08-13 15:00:00,1.4443066246388527
2013-08-13 16:00:00,0.0
2013-08-13 17:00:00,0.0
2013-08-13 18:00:00,0.0
2013-08-13 19:00:00,0.0
2013-08-13 20:00:00,1.955862984534275
2013-08-13 21:00:00,1.6716421060911664
2013-08-13 22:00:00,0.0
2013-08-13 23:00:00,-0.016937010562023416
2013-08-14 00:00:00,-0.7047659638500967
2013-08-14 01:00:00,0.0
2013-08-14 02:00:00,-0.8388897757767448
2013-08-14 03:00:00,-0.9781147238465909
2013-08-14 04:00:00,0.0
2013-08-14 05:00:00,-0.9213839067389286
2013-08-14 06:00:00,-0.8956205928844069
2013-08-14 07:00:00,-0.2113469769082585
2013-08-14 08:00:00,0.08410670637541709
2013-08-14 09:00:00,0.0
2013-08-14 10:00:00,1.3357915466836012
2013-08-14 11:00:00,2.0075441921264496
2013-08-14 12:00:00,2.0437158847782
2013-08-14 13:00:00,0.0
2013-08-14 14:00:00,0.0
2013-08-14 15:00:00,2.012645328269643
2013-08-14 16:00:00,0.0
2013-08-14 17:00:00,2.121211932852608
2013-08-14 18:00:00,0.0
2013-08-14 19:00:00,0.0
2013-08-14 20:00:00,0.0
2013-08-14 21:00:00,1.6509799283798396
2013-08-14 22:00:00,1.4340528257247545
2013-08-14 23:00:00,0.09647309702559492
2013-08-15 00:00:00,-0.7564471714422676
2013-08-15 01:00:00,-0.833737113005838
2013-08-15 02:00:00,-0.8853152673426
2013-08-15 03:00:00,-0.9471472205934529
2013-08-15 04:00:00,-0.983215859989788
2013-08-15 05:00:00,-0.941994557822546
2013-08-15 06:00:00,-0.9110270545694119
2013-08-15 07:00:00,0.0015610487855274666
2013-08-15 08:00:00,0.0
2013-08-15 09:00:00,0.4645277987513121
2013-08-15 10:00:00,0.9586166318533698
2013-08-15 11:00:00,1.5270068621118735
2013-08-15 12:00:00,0.0
2013-08-15 13:00:00,1.9661683100760825
2013-08-15 14:00:00,0.0
2013-08-15 15:00:00,0.0
2013-08-15 16:00:00,0.0
2013-08-15 17:00:00,1.6251650878976087
2013-08-15 18:00:00,0.0
2013-08-15 19:00:00,1.6199608984989964
2013-08-15 20:00:00,1.5322110515104868
2013-08-15 21:00:00,0.0
2013-08-15 22:00:00,0.0
2013-08-15 23:00:00,0.0
2013-08-16 00:00:00,-0.8956205928844038
2013-08-16 01:00:00,-0.9522998833643598
2013-08-16 02:00:00,-0.905874391798505
2013-08-16 03:00:00,-1.0502520026392574
2013-08-16 04:00:00,-1.055404665410161
2013-08-16 05:00:00,0.0
2013-08-16 06:00:00,0.0
2013-08-16 07:00:00,0.0
2013-08-16 08:00:00,0.14083752348307943
2013-08-16 09:00:00,0.23209118115580352
2013-08-16 10:00:00,0.0
2013-08-16 11:00:00,1.2221238059574382
2013-08-16 12:00:00,1.118812917400799
2013-08-16 13:00:00,1.2066658176447314
2013-08-16 14:00:00,0.0
2013-08-16 15:00:00,1.1601372728234536
2013-08-16 16:00:00,0.0
2013-08-16 17:00:00,1.191104776076595
2013-08-16 18:00:00,1.3254346945140802
2013-08-16 19:00:00,1.3099767062013665
2013-08-16 20:00:00,1.2892630018623266
2013-08-16 21:00:00,0.0
2013-08-16 22:00:00,0.0
2013-08-16 23:00:00,-0.2389137227325966
2013-08-17 00:00:00,0.0
2013-08-17 01:00:00,-0.9832673866174909
2013-08-17 02:00:00,0.0
2013-08-17 03:00:00,0.0
2013-08-17 04:00:00,0.0
2013-08-17 05:00:00,-1.0709141803505848
2013-08-17 06:00:00,-0.39024742831407006
2013-08-17 07:00:00,0.0
2013-08-17 08:00:00,-0.02930340121219477
2013-08-17 09:00:00,0.0
2013-08-17 10:00:00,0.767452843052806
2013-08-17 11:00:00,1.2789576763205197
2013-08-17 12:00:00,0.0
2013-08-17 13:00:00,0.0
2013-08-17 14:00:00,0.0
2013-08-17 15:00:00,0.0
2013-08-17 16:00:00,0.0
2013-08-17 17:00:00,1.620012425126702
2013-08-17 18:00:00,1.3823200915048675
2013-08-17 19:00:00,1.2479901730673821
2013-08-17 20:00:00,0.0
2013-08-17 21:00:00,0.0
2013-08-17 22:00:00,1.1136087280021896
2013-08-17 23:00:00,-0.14601121297318692
2013-08-18 00:00:00,0.0
2013-08-18 01:00:00,0.0
2013-08-18 02:00:00,-0.9471472205934534
2013-08-18 03:00:00,0.0
2013-08-18 04:00:00,0.0
2013-08-18 05:00:00,0.0
2013-08-18 06:00:00,-0.9780631972188811
2013-08-18 07:00:00,0.0
2013-08-18 08:00:00,0.2268869917571907
2013-08-18 09:00:00,0.0
2013-08-18 10:00:00,0.8862217199221619
2013-08-18 11:00:00,0.0
2013-08-18 12:00:00,1.1445762312553203
2013-08-18 13:00:00,1.1033034024603758
2013-08-18 14:00:00,0.0
2013-08-18 15:00:00,0.0
2013-08-18 16:00:00,0.0
2013-08-18 17:00:00,0.0
2013-08-18 18:00:00,0.0
2013-08-18 19:00:00,0.0
2013-08-18 20:00:00,0.0
2013-08-18 21:00:00,1.4701729917487958
2013-08-18 22:00:00,1.247990173067385
2013-08-18 23:00:00,0.0
2013-08-19 00:00:00,-0.7821074320413731
2013-08-19 01:00:00,0.0
2013-08-19 02:00:00,-0.9007732556553106
2013-08-19 03:00:00,-1.0089791738443128
2013-08-19 04:00:00,-1.019336026013826
2013-08-19 05:00:00,-1.0244886887847362
2013-08-19 06:00:00,-0.8543477640894624
2013-08-19 07:00:00,-0.09798839594835258
2013-08-19 08:00:00,0.08410670637541709
2013-08-19 09:00:00,0.0
2013-08-19 10:00:00,0.0
2013-08-19 11:00:00,0.9895841351065073
2013-08-19 12:00:00,0.0
2013-08-19 13:00:00,1.087793887519952
2013-08-19 14:00:00,0.0
2013-08-19 15:00:00,1.392625417046678
2013-08-19 16:00:00,2.622411440578511
2013-08-19 17:00:00,0.0
2013-08-19 18:00:00,1.7646991957337081
2013-08-19 19:00:00,1.5580258919927212
2013-08-19 20:00:00,1.5011920216296397
2013-08-19 21:00:00,0.0
2013-08-19 22:00:00,0.0
2013-08-19 23:00:00,0.0
2013-08-20 00:00:00,0.0
2013-08-20 01:00:00,-0.9419945578225495
2013-08-20 02:00:00,0.0
2013-08-20 03:00:00,-1.0554561920378707
2013-08-20 04:00:00,-1.065761517579681
2013-08-20 05:00:00,-1.0141833632429225
2013-08-20 06:00:00,-0.9986738483025025
2013-08-20 07:00:00,0.0
2013-08-20 08:00:00,-0.08603421831985367
2013-08-20 09:00:00,0.3869802240492012
2013-08-20 10:00:00,0.6692946172670737
2013-08-20 11:00:00,0.0
2013-08-20 12:00:00,1.0877938875199558
2013-08-20 13:00:00,0.0
2013-08-20 14:00:00,0.0
2013-08-20 15:00:00,2.074683388031334
2013-08-20 16:00:00,0.0
2013-08-20 17:00:00,2.1366699211653195
2013-08-20 18:00:00,2.2452365257482843
2013-08-20 19:00:00,0.0
2013-08-20 20:00:00,0.0
2013-08-20 21:00:00,1.3513525882517299
2013-08-20 22:00:00,1.253142835838285
2013-08-20 23:00:00,-0.19764089393765177
2013-08-21 00:00:00,-0.9162312439680281
2013-08-21 01:00:00,-0.9110785811971178
2013-08-21 02:00:00,0.0
2013-08-21 03:00:00,0.0
2013-08-21 04:00:00,0.0
2013-08-21 05:00:00,-1.112187009145533
2013-08-21 06:00:00,0.0
2013-08-21 07:00:00,0.0
2013-08-21 08:00:00,-0.01904960229809349
2013-08-21 09:00:00,0.4127435379037259
2013-08-21 10:00:00,0.8501530805258237
2013-08-21 11:00:00,1.1497804206539335
2013-08-21 12:00:00,0.0
2013-08-21 13:00:00,0.9379544541420428
2013-08-21 14:00:00,0.0
2013-08-21 15:00:00,1.3668105765644443
2013-08-21 16:00:00,0.0
2013-08-21 17:00:00,0.0
2013-08-21 18:00:00,1.1704941249929737
2013-08-21 19:00:00,0.0
2013-08-21 20:00:00,0.0
2013-08-21 21:00:00,0.0
2013-08-21 22:00:00,0.0
2013-08-21 23:00:00,0.0
2013-08-22 00:00:00,-0.9059259184262175
2013-08-22 01:00:00,-0.9729105344479777
2013-08-22 02:00:00,0.0
2013-08-22 03:00:00,0.0
2013-08-22 04:00:00,-1.081219505892395
2013-08-22 05:00:00,0.0
2013-08-22 06:00:00,0.0
2013-08-22 07:00:00,-0.16342721313884292
2013-08-22 08:00:00,0.0
2013-08-22 09:00:00,0.0
2013-08-22 10:00:00,0.7570959908832889
2013-08-22 11:00:00,1.0413168693263943
2013-08-22 12:00:00,0.9844314723356035
2013-08-22 13:00:00,1.0154505022164475
2013-08-22 14:00:00,1.0464695320972974
2013-08-22 15:00:00,0.0
2013-08-22 16:00:00,0.0
2013-08-22 17:00:00,1.2687038774064145
2013-08-22 18:00:00,1.4184917841566151
2013-08-22 19:00:00,0.0
2013-08-22 20:00:00,1.3564537243949273
2013-08-22 21:00:00,1.2789576763205157
2013-08-22 22:00:00,1.0206031649873581
2013-08-22 23:00:00,-0.33691736863520716
2013-08-23 00:00:00,0.0
2013-08-23 01:00:00,-0.9987253749302084
2013-08-23 02:00:00,-1.0296413515556366
2013-08-23 03:00:00,-1.0915763580619118
2013-08-23 04:00:00,-1.0760668431214884
2013-08-23 05:00:00,-1.1327976602291505
2013-08-23 06:00:00,0.0
2013-08-23 07:00:00,-0.11700172157299124
2013-08-23 08:00:00,0.0
2013-08-23 09:00:00,0.0
2013-08-23 10:00:00,0.6950579311215951
2013-08-23 11:00:00,0.0
2013-08-23 12:00:00,1.0516221948682012
2013-08-23 13:00:00,0.0
2013-08-23 14:00:00,0.0
2013-08-23 15:00:00,0.8553057432967337
2013-08-23 16:00:00,1.0568263842668175
2013-08-23 17:00:00,1.8525520959776327
2013-08-23 18:00:00,1.5114973471714503
2013-08-23 19:00:00,1.635521940067126
2013-08-23 20:00:00,0.0
2013-08-23 21:00:00,1.3978296064452913
2013-08-23 22:00:00,0.0
2013-08-23 23:00:00,-0.10983952032142966
2013-08-24 00:00:00,-0.7614967809577586
2013-08-24 01:00:00,-0.854347764089459
2013-08-24 02:00:00,0.0
2013-08-24 03:00:00,-0.9986738483024991
2013-08-24 04:00:00,-0.962605208906167
2013-08-24 05:00:00,-1.003826511073406
2013-08-24 06:00:00,0.0
2013-08-24 07:00:00,-0.18743862165126027
2013-08-24 08:00:00,0.20978015135778455
2013-08-24 09:00:00,0.31973797488889405
2013-08-24 10:00:00,0.0
2013-08-24 11:00:00,0.0
2013-08-24 12:00:00,0.0
2013-08-24 13:00:00,1.1291182429426097
2013-08-24 14:00:00,0.0
2013-08-24 15:00:00,1.1187613907730933
2013-08-24 16:00:00,0.0
2013-08-24 17:00:00,0.0
2013-08-24 18:00:00,1.4184917841566151
2013-08-24 19:00:00,0.0
2013-08-24 20:00:00,1.408134931987102
2013-08-24 21:00:00,1.5011404950019303
2013-08-24 22:00:00,0.0
2013-08-24 23:00:00,0.0
2013-08-25 00:00:00,0.0
2013-08-25 01:00:00,0.0
2013-08-25 02:00:00,0.0
2013-08-25 03:00:00,0.0
2013-08-25 04:00:00,-1.1069828197469198
2013-08-25 05:00:00,-1.1379503230000574
2013-08-25 06:00:00,-1.1070343463746293
2013-08-25 07:00:00,-0.43667291987992174
2013-08-25 08:00:00,-0.027499969242377978
2013-08-25 09:00:00,0.44551447312667725
2013-08-25 10:00:00,1.0051451766746407
2013-08-25 11:00:00,1.0309600171568742
2013-08-25 12:00:00,0.0
2013-08-25 13:00:00,1.1756467877638805
2013-08-25 14:00:00,1.098150739689469
2013-08-25 15:00:00,1.3926769436743873
2013-08-25 16:00:00,1.402982269216195
2013-08-25 17:00:00,1.284161865719132
2013-08-25 18:00:00,0.0
2013-08-25 19:00:00,1.3513010616240204
2013-08-25 20:00:00,0.0
2013-08-25 21:00:00,0.0
2013-08-25 22:00:00,0.8139813878740768
2013-08-25 23:00:00,-0.3129574867504992
2013-08-26 00:00:00,-0.9007732556553076
2013-08-26 01:00:00,0.0
2013-08-26 02:00:00,-1.0192844993861199
2013-08-26 03:00:00,-1.1327976602291505
2013-08-26 04:00:00,0.0
2013-08-26 05:00:00,0.0
2013-08-26 06:00:00,0.0
2013-08-26 07:00:00,0.0
2013-08-26 08:00:00,0.0
2013-08-26 09:00:00,0.0
2013-08-26 10:00:00,0.0
2013-08-26 11:00:00,0.8294393761867905
2013-08-26 12:00:00,1.1188129174008021
2013-08-26 13:00:00,0.9689219573951804
2013-08-26 14:00:00,0.0
2013-08-26 15:00:00,0.0
2013-08-26 16:00:00,1.8060750777840722
2013-08-26 17:00:00,1.8473479065790195
2013-08-26 18:00:00,0.0
2013-08-26 19:00:00,0.0
2013-08-26 20:00:00,1.5011404950019334
2013-08-26 21:00:00,1.4804783172906026
2013-08-26 22:00:00,1.3461483988531173
2013-08-26 23:00:00,-0.10473838417823868
2013-08-27 00:00:00,-0.9059259184262145
2013-08-27 01:00:00,0.0
2013-08-27 02:00:00,0.0
2013-08-27 03:00:00,0.0
2013-08-27 04:00:00,-1.034742487698834
2013-08-27 05:00:00,0.0
2013-08-27 06:00:00,-1.0193360260138293
2013-08-27 07:00:00,-0.2201065036187993
2013-08-27 08:00:00,-0.013896939527186626
2013-08-27 09:00:00,0.0
2013-08-27 10:00:00,0.0
2013-08-27 11:00:00,1.253142835838285
2013-08-27 12:00:00,0.0
2013-08-27 13:00:00,1.3668105765644474
2013-08-27 14:00:00,1.5631785547636243
2013-08-27 15:00:00,1.2066142910170212
2013-08-27 16:00:00,0.0
2013-08-27 17:00:00,1.237633320897862
2013-08-27 18:00:00,1.242785983668765
2013-08-27 19:00:00,1.6096555729571858
2013-08-27 20:00:00,0.0
2013-08-27 21:00:00,0.0
2013-08-27 22:00:00,0.0
2013-08-27 23:00:00,0.0
2013-08-28 00:00:00,-0.8698057524021731
2013-08-28 01:00:00,-0.9316892322807389
2013-08-28 02:00:00,-1.003826511073406
2013-08-28 03:00:00,-1.0657615175796775
2013-08-28 04:00:00,-1.0554561920378673
2013-08-28 05:00:00,-0.9677578716770708
2013-08-28 06:00:00,0.0
2013-08-28 07:00:00,-0.12560666840040352
2013-08-28 08:00:00,0.032580078666371
2013-08-28 09:00:00,0.41294964441456006
2013-08-28 10:00:00,0.922444939201619
2013-08-28 11:00:00,1.2583470252369013
2013-08-28 12:00:00,1.154984610052553
2013-08-28 13:00:00,1.1498319472816467
2013-08-28 14:00:00,1.377115902106255
2013-08-28 15:00:00,0.0
2013-08-28 16:00:00,1.7285275030819574
2013-08-28 17:00:00,0.0
2013-08-28 18:00:00,0.0
2013-08-28 19:00:00,1.5321595248827773
2013-08-28 20:00:00,1.604502910186282
2013-08-28 21:00:00,1.3306388839126935
2013-08-28 22:00:00,1.0516221948682012
2013-08-28 23:00:00,-0.16157225454131674
2013-08-29 00:00:00,-0.9007732556553076
2013-08-29 01:00:00,-0.8801110779439837
2013-08-29 02:00:00,-0.9110785811971213
2013-08-29 03:00:00,0.0
2013-08-29 04:00:00,-0.9522998833643602
2013-08-29 05:00:00,-0.9574525461352602
2013-08-29 06:00:00,0.0
2013-08-29 07:00:00,-0.30265216120868893
2013-08-29 08:00:00,0.06529948726161941
2013-08-29 09:00:00,0.3834764133649864
2013-08-29 10:00:00,0.0
2013-08-29 11:00:00,0.8708152582371544
2013-08-29 12:00:00,0.0
2013-08-29 13:00:00,1.2892630018623226
2013-08-29 14:00:00,1.2118184804156305
2013-08-29 15:00:00,1.1807994505347836
2013-08-29 16:00:00,0.0
2013-08-29 17:00:00,1.1860036399333937
2013-08-29 18:00:00,0.0
2013-08-29 19:00:00,1.3151808955999829
2013-08-29 20:00:00,1.423644446927522
2013-08-29 21:00:00,0.0
2013-08-29 22:00:00,0.0
2013-08-29 23:00:00,-0.06872127140961645
2013-08-30 00:00:00,-0.8801626045716932
2013-08-30 01:00:00,-0.9471987472211589
2013-08-30 02:00:00,-0.9729105344479777
2013-08-30 03:00:00,-1.065761517579681
2013-08-30 04:00:00,0.0
2013-08-30 05:00:00,-0.9832158599897883
2013-08-30 06:00:00,-0.8079222725236073
2013-08-30 07:00:00,0.0
2013-08-30 08:00:00,0.16840426930742097
2013-08-30 09:00:00,0.0
2013-08-30 10:00:00,1.0309600171568742
2013-08-30 11:00:00,0.0
2013-08-30 12:00:00,0.0
2013-08-30 13:00:00,0.0
2013-08-30 14:00:00,1.5166500099423534
2013-08-30 15:00:00,0.0
2013-08-30 16:00:00,0.0
2013-08-30 17:00:00,1.8421952438081135
2013-08-30 18:00:00,1.5218541993409667
2013-08-30 19:00:00,0.0
2013-08-30 20:00:00,1.4185433107843275
2013-08-30 21:00:00,1.4856825066892128
2013-08-30 22:00:00,1.149831947281646
2013-08-30 23:00:00,0.0
2013-08-31 00:00:00,-0.926536569509832
2013-08-31 01:00:00,-1.0347940143265435
2013-08-31 02:00:00,0.0
2013-08-31 03:00:00,-1.1843242879381997
2013-08-31 04:00:00,0.0
2013-08-31 05:00:00,0.0
2013-08-31 06:00:00,-0.8955690662566974
2013-08-31 07:00:00,0.07895404360451366
2013-08-31 08:00:00,0.03252855203865817
2013-08-31 09:00:00,0.0
2013-08-31 10:00:00,1.0102978394455475
2013-08-31 11:00:00,1.0309600171568714
2013-08-31 12:00:00,0.0
2013-08-31 13:00:00,1.1911047760765943
2013-08-31 14:00:00,1.423644446927525
2013-08-31 15:00:00,0.0
2013-08-31 16:00:00,1.4753256545196989
2013-08-31 17:00:00,1.2893145284900358
2013-08-31 18:00:00,0.0
2013-08-31 19:00:00,1.4649688023501797
2013-08-31 20:00:00,0.0
2013-08-31 21:00:00,1.3460968722254072
2013-08-31 22:00:00,1.118812917400799
2013-08-31 23:00:00,0.0
2013-09-01 00:00:00,0.0
2013-09-01 01:00:00,-0.9781147238465905
2013-09-01 02:00:00,-1.0503035292669636
2013-09-01 03:00:00,0.0
2013-09-01 04:00:00,-1.137950323000054
2013-09-01 05:00:00,-1.096729020832815
2013-09-01 06:00:00,-0.9213323801112188
2013-09-01 07:00:00,-0.2510740068719369
2013-09-01 08:00:00,-0.03966025338171139
2013-09-01 09:00:00,0.4128981177868507
2013-09-01 10:00:00,0.0
2013-09-01 11:00:00,0.9483113063115659
2013-09-01 12:00:00,1.077437035350432
2013-09-01 13:00:00,1.087793887519952
2013-09-01 14:00:00,0.0
2013-09-01 15:00:00,1.8370425810372126
2013-09-01 16:00:00,0.0
2013-09-01 17:00:00,1.3926769436743913
2013-09-01 18:00:00,1.9559145111619851
2013-09-01 19:00:00,0.0
2013-09-01 20:00:00,1.1497804206539366
2013-09-01 21:00:00,1.1601372728234536
2013-09-01 22:00:00,1.2789576763205197
2013-09-01 23:00:00,-0.20284508333626497
2013-09-02 00:00:00,0.0
2013-09-02 01:00:00,-0.9110785811971178
2013-09-02 02:00:00,-0.9678093983047802
2013-09-02 03:00:00,-1.0606088548087775
2013-09-02 04:00:00,-1.0503035292669636
2013-09-02 05:00:00,0.0
2013-09-02 06:00:00,0.0
2013-09-02 07:00:00,-0.19434318976427453
2013-09-02 08:00:00,0.0
2013-09-02 09:00:00,0.0
2013-09-02 10:00:00,0.9431586435406553
2013-09-02 11:00:00,1.242785983668769
2013-09-02 12:00:00,0.0
2013-09-02 13:00:00,0.0
2013-09-02 14:00:00,0.0
2013-09-02 15:00:00,1.7594950063350987
2013-09-02 16:00:00,1.935200806822945
2013-09-02 17:00:00,1.8628574215194464
2013-09-02 18:00:00,0.0
2013-09-02 19:00:00,0.0
2013-09-02 20:00:00,1.5166500099423534
2013-09-02 21:00:00,1.4959878322310265
2013-09-02 22:00:00,1.3461483988531173
2013-09-02 23:00:00,0.056900646945041634
2013-09-03 00:00:00,-0.9007217290276013
2013-09-03 01:00:00,-0.9729620610756871
2013-09-03 02:00:00,-1.0554561920378742
2013-09-03 03:00:00,0.0
2013-09-03 04:00:00,-1.081219505892395
2013-09-03 05:00:00,-1.1225438613150494
2013-09-03 06:00:00,-0.8956205928844072
2013-09-03 07:00:00,0.0
2013-09-03 08:00:00,0.0
2013-09-03 09:00:00,0.0
2013-09-03 10:00:00,0.0
2013-09-03 11:00:00,0.0
2013-09-03 12:00:00,0.0
2013-09-03 13:00:00,0.0
2013-09-03 14:00:00,0.0
2013-09-03 15:00:00,1.837094107664919
2013-09-03 16:00:00,1.583840732474955
2013-09-03 17:00:00,1.6148082357280895
2013-09-03 18:00:00,0.0
2013-09-03 19:00:00,1.408134931987102
2013-09-03 20:00:00,1.5011404950019303
2013-09-03 21:00:00,1.2738565401773214
2013-09-03 22:00:00,0.9947883245051243
2013-09-03 23:00:00,0.0
2013-09-04 00:00:00,0.0
2013-09-04 01:00:00,-0.9522998833643563
2013-09-04 02:00:00,-1.0554561920378704
2013-09-04 03:00:00,0.0
2013-09-04 04:00:00,-1.1275934708305373
2013-09-04 05:00:00,-1.1173396719164361
2013-09-04 06:00:00,-0.9059259184262145
2013-09-04 07:00:00,-0.2871426462682654
2013-09-04 08:00:00,0.0
2013-09-04 09:00:00,0.26831440043526367
2013-09-04 10:00:00,0.0
2013-09-04 11:00:00,1.3151293689722734
2013-09-04 12:00:00,0.0
2013-09-04 13:00:00,0.0
2013-09-04 14:00:00,1.3202820317431703
2013-09-04 15:00:00,0.0
2013-09-04 16:00:00,0.0
2013-09-04 17:00:00,1.2996198540318435
2013-09-04 18:00:00,0.0
2013-09-04 19:00:00,1.4959878322310303
2013-09-04 20:00:00,1.620012425126702
2013-09-04 21:00:00,1.3874727542757743
2013-09-04 22:00:00,0.0
2013-09-04 23:00:00,-0.347222694177014
2013-09-05 00:00:00,-0.9677578716770738
2013-09-05 01:00:00,0.0
2013-09-05 02:00:00,0.0
2013-09-05 03:00:00,-1.1482556485418647
2013-09-05 04:00:00,-1.101830156976013
2013-09-05 05:00:00,-1.1225438613150494
2013-09-05 06:00:00,0.0
2013-09-05 07:00:00,0.0
2013-09-05 08:00:00,-0.008692750128573812
2013-09-05 09:00:00,0.0
2013-09-05 10:00:00,1.098150739689472
2013-09-05 11:00:00,1.1859521133056843
2013-09-05 12:00:00,1.1756467877638805
2013-09-05 13:00:00,1.0722843725795281
2013-09-05 14:00:00,0.9999409872760274
2013-09-05 15:00:00,0.0
2013-09-05 16:00:00,0.0
2013-09-05 17:00:00,1.2789576763205197
2013-09-05 18:00:00,1.2996198540318495
2013-09-05 19:00:00,1.2531943624659945
2013-09-05 20:00:00,1.5063446844005435
2013-09-05 21:00:00,0.0
2013-09-05 22:00:00,1.1084560652312827
2013-09-05 23:00:00,0.0
2013-09-06 00:00:00,-1.0244886887847298
2013-09-06 01:00:00,0.0
2013-09-06 02:00:00,-1.065761517579678
2013-09-06 03:00:00,0.0
2013-09-06 04:00:00,-1.1431545123986706
2013-09-06 05:00:00,-1.1534598379404775
2013-09-06 06:00:00,0.0
2013-09-06 07:00:00,-0.34387346337593083
2013-09-06 08:00:00,0.12017534577175214
2013-09-06 09:00:00,0.22183738224170263
2013-09-06 10:00:00,0.0
2013-09-06 11:00:00,0.0
2013-09-06 12:00:00,0.0
2013-09-06 13:00:00,0.0
2013-09-06 14:00:00,1.263499688007805
2013-09-06 15:00:00,0.0
2013-09-06 16:00:00,0.922444939201619
2013-09-06 17:00:00,0.767452843052806
2013-09-06 18:00:00,1.1860036399333997
2013-09-06 19:00:00,1.1549846100525536
2013-09-06 20:00:00,1.526955335484164
2013-09-06 21:00:00,1.2583470252369013
2013-09-06 22:00:00,0.9947883245051206
2013-09-06 23:00:00,-0.3729860080315388
2013-09-07 00:00:00,0.0
2013-09-07 01:00:00,-1.0399466770974504
2013-09-07 02:00:00,-1.065761517579681
2013-09-07 03:00:00,0.0
2013-09-07 04:00:00,0.0
2013-09-07 05:00:00,0.0
2013-09-07 06:00:00,0.0
2013-09-07 07:00:00,-0.09123840771846992
2013-09-07 08:00:00,-0.16863140253745956
2013-09-07 09:00:00,0.0
2013-09-07 10:00:00,0.0
2013-09-07 11:00:00,1.3977780798175818
2013-09-07 12:00:00,0.0
2013-09-07 13:00:00,1.4133391213857114
2013-09-07 14:00:00,0.0
2013-09-07 15:00:00,0.0
2013-09-07 16:00:00,0.0
2013-09-07 17:00:00,0.9483113063115591
2013-09-07 18:00:00,0.0
2013-09-07 19:00:00,0.9534124424547596
2013-09-07 20:00:00,1.0154505022164513
2013-09-07 21:00:00,0.9482597796838536
2013-09-07 22:00:00,0.0
2013-09-07 23:00:00,-0.5192185774698178
2013-09-08 00:00:00,-1.0090307004720152
2013-09-08 01:00:00,-1.0554561920378704
2013-09-08 02:00:00,-1.0399982037251567
2013-09-08 03:00:00,-1.1586125007113843
2013-09-08 04:00:00,0.0
2013-09-08 05:00:00,0.0
2013-09-08 06:00:00,0.0
2013-09-08 07:00:00,-0.48825107421667685
2013-09-08 08:00:00,-0.26648046855693813
2013-09-08 09:00:00,0.20117520453037535
2013-09-08 10:00:00,0.3885775495081804
2013-09-08 11:00:00,0.0
2013-09-08 12:00:00,0.0
2013-09-08 13:00:00,0.0
2013-09-08 14:00:00,0.6795999428088775
2013-09-08 15:00:00,0.7157716354606344
2013-09-08 16:00:00,0.0
2013-09-08 17:00:00,0.9069869508889052
2013-09-08 18:00:00,0.9172922764307152
2013-09-08 19:00:00,0.9275976019725258
2013-09-08 20:00:00,0.0
2013-09-08 21:00:00,0.9947883245051236
2013-09-08 22:00:00,0.0
2013-09-08 23:00:00,-0.4916003050177669
2013-09-09 00:00:00,-1.1225438613150494
2013-09-09 01:00:00,-1.1895284773368129
2013-09-09 02:00:00,0.0
2013-09-09 03:00:00,0.0
2013-09-09 04:00:00,0.0
2013-09-09 05:00:00,0.0
2013-09-09 06:00:00,-1.1172881452887238
2013-09-09 07:00:00,0.0
2013-09-09 08:00:00,-0.2201580302465087
2013-09-09 09:00:00,0.14434133416729422
2013-09-09 10:00:00,0.0
2013-09-09 11:00:00,0.7157716354606314
2013-09-09 12:00:00,0.5348616455741619
2013-09-09 13:00:00,0.0
2013-09-09 14:00:00,0.0
2013-09-09 15:00:00,0.5555753499132021
2013-09-09 16:00:00,0.48843615400831375
2013-09-09 17:00:00,0.7502429493979845
2013-09-09 18:00:00,0.7777066419669073
2013-09-09 19:00:00,1.1188129174008021
2013-09-09 20:00:00,0.0
2013-09-09 21:00:00,0.0
2013-09-09 22:00:00,0.9379544541420459
2013-09-09 23:00:00,0.0
2013-09-10 00:00:00,-0.9213839067389316
2013-09-10 01:00:00,-1.0245402154124392
2013-09-10 02:00:00,-1.0502520026392574
2013-09-10 03:00:00,-1.1276965240859562
2013-09-10 04:00:00,-1.1276965240859562
2013-09-10 05:00:00,-1.1483071751695741
2013-09-10 06:00:00,-0.9523514099920657
2013-09-10 07:00:00,0.0
2013-09-10 08:00:00,-0.1478661715707135
2013-09-10 09:00:00,0.13929172465181303
2013-09-10 10:00:00,0.49183691143711283
2013-09-10 11:00:00,0.0
2013-09-10 12:00:00,0.8759679210080613
2013-09-10 13:00:00,0.0
2013-09-10 14:00:00,0.9121396136598083
2013-09-10 15:00:00,0.7519948547400884
2013-09-10 16:00:00,1.1497804206539366
2013-09-10 17:00:00,0.0
2013-09-10 18:00:00,1.1239655801717028
2013-09-10 19:00:00,0.0
2013-09-10 20:00:00,1.4081864586148083
2013-09-10 21:00:00,0.0
2013-09-10 22:00:00,1.0567748576391052
2013-09-10 23:00:00,0.0
2013-09-11 00:00:00,-0.5758978679497674
2013-09-11 01:00:00,-0.6686973244537613
2013-09-11 02:00:00,0.0
2013-09-11 03:00:00,0.0
2013-09-11 04:00:00,0.0
2013-09-11 05:00:00,-0.8956205928844038
2013-09-11 06:00:00,-0.6739015138523745
2013-09-11 07:00:00,-0.147917698198416
2013-09-11 08:00:00,0.5229074679456661
2013-09-11 09:00:00,0.48843615400831375
2013-09-11 10:00:00,0.7002105938924988
2013-09-11 11:00:00,0.0
2013-09-11 12:00:00,0.0
2013-09-11 13:00:00,1.222123805957441
2013-09-11 14:00:00,1.0567748576391052
2013-09-11 15:00:00,1.118812917400796
2013-09-11 16:00:00,1.3925738904189717
2013-09-11 17:00:00,0.0
2013-09-11 18:00:00,0.0
2013-09-11 19:00:00,1.377115902106255
2013-09-11 20:00:00,1.496039358858736
2013-09-11 21:00:00,1.2790092029482252
2013-09-11 22:00:00,0.0
2013-09-11 23:00:00,-0.3265605164656837
2013-09-12 00:00:00,-0.9832673866174944
2013-09-12 01:00:00,0.0
2013-09-12 02:00:00,-1.086372168663299
2013-09-12 03:00:00,-1.1483071751695741
2013-09-12 04:00:00,-1.1792231517950023
2013-09-12 05:00:00,-1.168917826253195
2013-09-12 06:00:00,-1.0606088548087742
2013-09-12 07:00:00,0.0
2013-09-12 08:00:00,-1.1379503230000594
2013-09-12 09:00:00,0.10847880128180055
2013-09-12 10:00:00,0.0
2013-09-12 11:00:00,0.9741261467937967
2013-09-12 12:00:00,0.9068838976334858
2013-09-12 13:00:00,1.0102463128178343
2013-09-12 14:00:00,0.0
2013-09-12 15:00:00,1.072284372579532
2013-09-12 16:00:00,1.2995683274041403
2013-09-12 17:00:00,1.4701729917487927
2013-09-12 18:00:00,0.0
2013-09-12 19:00:00,1.3048240434304628
2013-09-12 20:00:00,1.299671380659556
2013-09-12 21:00:00,1.1911563027043044
2013-09-12 22:00:00,0.9844829989633167
2013-09-12 23:00:00,0.0
2013-09-13 00:00:00,0.0
2013-09-13 01:00:00,0.0
2013-09-13 02:00:00,0.0
2013-09-13 03:00:00,-1.2152917911913372
2013-09-13 04:00:00,-1.2874290699839974
2013-09-13 05:00:00,-1.204986465649527
2013-09-13 06:00:00,0.0
2013-09-13 07:00:00,0.0
2013-09-13 08:00:00,-0.2613793324137407
2013-09-13 09:00:00,0.0
2013-09-13 10:00:00,0.5452700243713945
2013-09-13 11:00:00,0.0
2013-09-13 12:00:00,0.0
2013-09-13 13:00:00,0.9792788095647005
2013-09-13 14:00:00,0.0
2013-09-13 15:00:00,0.0
2013-09-13 16:00:00,0.0
2013-09-13 17:00:00,0.0
2013-09-13 18:00:00,0.0
2013-09-13 19:00:00,1.6096555729571858
2013-09-13 20:00:00,1.6355219400671297
2013-09-13 21:00:00,1.6045029101862789
2013-09-13 22:00:00,0.0
2013-09-13 23:00:00,-0.20794621947946246
2013-09-14 00:00:00,0.0
2013-09-14 01:00:00,0.0
2013-09-14 02:00:00,0.0
2013-09-14 03:00:00,0.0
2013-09-14 04:00:00,-1.1483071751695741
2013-09-14 05:00:00,-1.137950323000054
2013-09-14 06:00:00,0.0
2013-09-14 07:00:00,0.0
2013-09-14 08:00:00,-0.12215438434389811
2013-09-14 09:00:00,0.0
2013-09-14 10:00:00,0.8604068794399281
2013-09-14 11:00:00,1.0257558277582612
2013-09-14 12:00:00,0.0
2013-09-14 13:00:00,0.0
2013-09-14 14:00:00,1.3254862211417866
2013-09-14 15:00:00,0.0
2013-09-14 16:00:00,0.0
2013-09-14 17:00:00,1.6097070995848912
2013-09-14 18:00:00,1.645878792236642
2013-09-14 19:00:00,1.7026611359720172
2013-09-14 20:00:00,0.0
2013-09-14 21:00:00,1.2531428358382821
2013-09-14 22:00:00,0.9844314723356035
2013-09-14 23:00:00,0.0
2013-09-15 00:00:00,0.0
2013-09-15 01:00:00,-0.9316377056530294
2013-09-15 02:00:00,0.0
2013-09-15 03:00:00,-1.086423695291008
2013-09-15 04:00:00,0.0
2013-09-15 05:00:00,-1.1327976602291505
2013-09-15 06:00:00,-0.9729620610756871
2013-09-15 07:00:00,-0.2923468356668817
2013-09-15 08:00:00,0.0
2013-09-15 09:00:00,0.12718296714018212
2013-09-15 10:00:00,0.5452700243713983
2013-09-15 11:00:00,1.0877423608922427
2013-09-15 12:00:00,0.0
2013-09-15 13:00:00,1.408134931987102
2013-09-15 14:00:00,0.0
2013-09-15 15:00:00,0.0
2013-09-15 16:00:00,1.3926769436743882
2013-09-15 17:00:00,1.5218026727132572
2013-09-15 18:00:00,1.7750045212755157
2013-09-15 19:00:00,1.4133391213857152
2013-09-15 20:00:00,0.0
2013-09-15 21:00:00,0.0
2013-09-15 22:00:00,0.0
2013-09-15 23:00:00,-0.23376105996168972
2013-09-16 00:00:00,-1.0348455409542527
2013-09-16 01:00:00,-1.0090307004720191
2013-09-16 02:00:00,-1.1018816836037224
2013-09-16 03:00:00,-1.210139128420427
2013-09-16 04:00:00,-1.2255971167331445
2013-09-16 05:00:00,0.0
2013-09-16 06:00:00,-0.9833189132452071
2013-09-16 07:00:00,-0.4779457486748696
2013-09-16 08:00:00,-0.039711780009424213
2013-09-16 09:00:00,0.23729537055441635
2013-09-16 10:00:00,0.6175618830471836
2013-09-16 11:00:00,0.8552542166690212
2013-09-16 12:00:00,1.0982022663171815
2013-09-16 13:00:00,0.0
2013-09-16 14:00:00,0.0
2013-09-16 15:00:00,0.0
2013-09-16 16:00:00,0.0
2013-09-16 17:00:00,1.3513525882517299
2013-09-16 18:00:00,1.2479386464396718
2013-09-16 19:00:00,1.5011920216296397
2013-09-16 20:00:00,1.5425163770522936
2013-09-16 21:00:00,1.371963239335348
2013-09-16 22:00:00,1.046418005469585
2013-09-16 23:00:00,-0.35237535694792127
2013-09-17 00:00:00,0.0
2013-09-17 01:00:00,-1.014183363242922
2013-09-17 02:00:00,-1.0915248314342023
2013-09-17 03:00:00,0.0
2013-09-17 04:00:00,-1.1895284773368127
2013-09-17 05:00:00,-1.1895284773368096
2013-09-17 06:00:00,0.0
2013-09-17 07:00:00,-0.5758978679497674
2013-09-17 08:00:00,-0.07397698743593904
2013-09-17 09:00:00,0.0824578542887319
2013-09-17 10:00:00,0.560728012684109
2013-09-17 11:00:00,0.0
2013-09-17 12:00:00,1.0516221948682043
2013-09-17 13:00:00,0.9379029275143327
2013-09-17 14:00:00,0.9017827614902951
2013-09-17 15:00:00,0.8553057432967337
2013-09-17 16:00:00,0.0
2013-09-17 17:00:00,0.0
2013-09-17 18:00:00,1.2893145284900358
2013-09-17 19:00:00,1.3151293689722696
2013-09-17 20:00:00,0.0
2013-09-17 21:00:00,0.0
2013-09-17 22:00:00,0.0
2013-09-17 23:00:00,0.0
2013-09-18 00:00:00,-1.0348455409542527
2013-09-18 01:00:00,-1.0606088548087742
2013-09-18 02:00:00,0.0
2013-09-18 03:00:00,-1.2049864656495235
2013-09-18 04:00:00,-1.168917826253195
2013-09-18 05:00:00,0.0
2013-09-18 06:00:00,0.0
2013-09-18 07:00:00,0.0
2013-09-18 08:00:00,0.0
2013-09-18 09:00:00,0.34055473248334606
2013-09-18 10:00:00,0.6124092202762829
2013-09-18 11:00:00,0.0
2013-09-18 12:00:00,0.8190825240172704
2013-09-18 13:00:00,0.0
2013-09-18 14:00:00,0.9999409872760312
2013-09-18 15:00:00,1.036112679927781
2013-09-18 16:00:00,0.0
2013-09-18 17:00:00,0.0
2013-09-18 18:00:00,1.2273279953560514
2013-09-18 19:00:00,0.0
2013-09-18 20:00:00,1.3668621031921506
2013-09-18 21:00:00,0.0
2013-09-18 22:00:00,0.8501015538981175
2013-09-18 23:00:00,-0.037856821411897654
2013-09-19 00:00:00,-0.6325771584297203
2013-09-19 01:00:00,-0.570693678551151
2013-09-19 02:00:00,-0.6429340105992399
2013-09-19 03:00:00,-0.7099186266209967
2013-09-19 04:00:00,-0.7770062958981792
2013-09-19 05:00:00,0.0
2013-09-19 06:00:00,0.0
2013-09-19 07:00:00,-0.20985270470469497
2013-09-19 08:00:00,0.0
2013-09-19 09:00:00,0.3303524601969542
2013-09-19 10:00:00,0.0
2013-09-19 11:00:00,1.0516221948682043
2013-09-19 12:00:00,1.2169711431865382
2013-09-19 13:00:00,0.0
2013-09-19 14:00:00,1.1188644440285123
2013-09-19 15:00:00,0.0
2013-09-19 16:00:00,1.134322432341219
2013-09-19 17:00:00,1.258295498609189
2013-09-19 18:00:00,1.1963089654752104
2013-09-19 19:00:00,1.4753256545196958
2013-09-19 20:00:00,0.0
2013-09-19 21:00:00,0.0
2013-09-19 22:00:00,1.0568263842668175
2013-09-19 23:00:00,0.0
2013-09-20 00:00:00,-0.9110785811971244
2013-09-20 01:00:00,-0.9059259184262175
2013-09-20 02:00:00,-0.9471987472211623
2013-09-20 03:00:00,0.0
2013-09-20 04:00:00,-1.112187009145533
2013-09-20 05:00:00,0.0
2013-09-20 06:00:00,-0.921383906738932
2013-09-20 07:00:00,-0.13245970988570535
2013-09-20 08:00:00,0.0
2013-09-20 09:00:00,0.27362164308929526
2013-09-20 10:00:00,0.891425909320775
2013-09-20 11:00:00,1.3048240434304597
2013-09-20 12:00:00,1.175595261136171
2013-09-20 13:00:00,1.1652899355943604
2013-09-20 14:00:00,0.0
2013-09-20 15:00:00,1.2996713806595528
2013-09-20 16:00:00,1.5683827441622376
2013-09-20 17:00:00,0.0
2013-09-20 18:00:00,1.7595465329628044
2013-09-20 19:00:00,1.8111762139272687
2013-09-20 20:00:00,1.6819989582606902
2013-09-20 21:00:00,0.0
2013-09-20 22:00:00,0.0
2013-09-20 23:00:00,-0.18728404176813174
2013-09-21 00:00:00,-0.8698057524021765
2013-09-21 01:00:00,0.0
2013-09-21 02:00:00,0.0
2013-09-21 03:00:00,-1.1586125007113843
2013-09-21 04:00:00,-1.0915763580619118
2013-09-21 05:00:00,-1.1327976602291505
2013-09-21 06:00:00,-0.8697542257744637
2013-09-21 07:00:00,0.013669806297151489
2013-09-21 08:00:00,0.042833877580472274
2013-09-21 09:00:00,0.26321326429206965
2013-09-21 10:00:00,0.0
2013-09-21 11:00:00,0.0
2013-09-21 12:00:00,1.2324806581269612
2013-09-21 13:00:00,1.2479386464396758
2013-09-21 14:00:00,1.2118184804156305
2013-09-21 15:00:00,2.141874110563932
2013-09-21 16:00:00,1.7491896807932812
2013-09-21 17:00:00,1.5787395963317536
2013-09-21 18:00:00,1.7957182256145552
2013-09-21 19:00:00,1.7491381541655717
2013-09-21 20:00:00,1.7181706509124404
2013-09-21 21:00:00,1.3925738904189686
2013-09-21 22:00:00,1.289314528490039
2013-09-21 23:00:00,-0.10463533092282333
2013-09-22 00:00:00,0.0
2013-09-22 01:00:00,0.0
2013-09-22 02:00:00,-0.9729105344479811
2013-09-22 03:00:00,-1.086372168663299
2013-09-22 04:00:00,0.0
2013-09-22 05:00:00,-1.0347940143265404
2013-09-22 06:00:00,-0.838838249149032
2013-09-22 07:00:00,-0.24592134410103003
2013-09-22 08:00:00,0.011969427582753477
2013-09-22 09:00:00,0.0
2013-09-22 10:00:00,0.5917470425649559
2013-09-22 11:00:00,1.1549846100525467
2013-09-22 12:00:00,1.2428375102964744
2013-09-22 13:00:00,1.3926769436743804
2013-09-22 14:00:00,1.6406230762103202
2013-09-22 15:00:00,1.4598161395792728
2013-09-22 16:00:00,1.5889418686181456
2013-09-22 17:00:00,2.048868547549107
2013-09-22 18:00:00,0.0
2013-09-22 19:00:00,0.0
2013-09-22 20:00:00,0.0
2013-09-22 21:00:00,0.0
2013-09-22 22:00:00,0.0
2013-09-22 23:00:00,-0.12009331923553743
2013-09-23 00:00:00,-0.926536569509832
2013-09-23 01:00:00,-1.0090307004720191
2013-09-23 02:00:00,-1.02964135155564
2013-09-23 03:00:00,-1.1534598379404775
2013-09-23 04:00:00,0.0
2013-09-23 05:00:00,-1.0398951504697376
2013-09-23 06:00:00,-0.8130749352945111
2013-09-23 07:00:00,-0.31290596012279326
2013-09-23 08:00:00,-0.05511824169442892
2013-09-23 09:00:00,0.30443456645930467
2013-09-23 10:00:00,0.746739138713769
2013-09-23 11:00:00,0.0
2013-09-23 12:00:00,0.0
2013-09-23 13:00:00,1.1704941249929768
2013-09-23 14:00:00,1.1136087280021827
2013-09-23 15:00:00,1.1342709057135165
2013-09-23 16:00:00,0.9741261467937928
2013-09-23 17:00:00,0.0
2013-09-23 18:00:00,0.0
2013-09-23 19:00:00,0.0
2013-09-23 20:00:00,1.315180895599976
2013-09-23 21:00:00,0.0
2013-09-23 22:00:00,0.0
2013-09-23 23:00:00,0.0
2013-09-24 00:00:00,-0.8956205928844072
2013-09-24 01:00:00,0.0
2013-09-24 02:00:00,0.0
2013-09-24 03:00:00,0.0
2013-09-24 04:00:00,0.0
2013-09-24 05:00:00,-1.0348455409542527
2013-09-24 06:00:00,-0.8388382491490389
2013-09-24 07:00:00,-0.12540056188956292
2013-09-24 08:00:00,0.01701903709824156
2013-09-24 09:00:00,0.0
2013-09-24 10:00:00,0.9534639690824659
2013-09-24 11:00:00,1.3461483988531135
2013-09-24 12:00:00,1.3151293689722696
2013-09-24 13:00:00,1.1911563027043006
2013-09-24 14:00:00,1.242785983668769
2013-09-24 15:00:00,0.9793303361924129
2013-09-24 16:00:00,1.0516221948682052
2013-09-24 17:00:00,0.0
2013-09-24 18:00:00,1.2324291314992488
2013-09-24 19:00:00,1.408134931987102
2013-09-24 20:00:00,1.402982269216195
2013-09-24 21:00:00,1.299671380659559
2013-09-24 22:00:00,1.0050936500469343
2013-09-24 23:00:00,0.0
2013-09-25 00:00:00,-0.9110785811971213
2013-09-25 01:00:00,-0.8801110779439837
2013-09-25 02:00:00,-0.9367903684239363
2013-09-25 03:00:00,0.0
2013-09-25 04:00:00,0.0
2013-09-25 05:00:00,-1.1018816836037224
2013-09-25 06:00:00,-0.9213839067389281
2013-09-25 07:00:00,-0.1410131300854086
2013-09-25 08:00:00,-0.15312188759703568
2013-09-25 09:00:00,0.0
2013-09-25 10:00:00,0.0
2013-09-25 11:00:00,0.0
2013-09-25 12:00:00,0.9172407498030096
2013-09-25 13:00:00,0.7881150207641329
2013-09-25 14:00:00,0.798471872933653
2013-09-25 15:00:00,0.7777581685946128
2013-09-25 16:00:00,0.8965785720916758
2013-09-25 17:00:00,1.1342709057135134
2013-09-25 18:00:00,1.1911047760765943
2013-09-25 19:00:00,1.1291697695703191
2013-09-25 20:00:00,0.0
2013-09-25 21:00:00,1.2169711431865342
2013-09-25 22:00:00,0.0
2013-09-25 23:00:00,-0.36262915586202216
2013-09-26 00:00:00,-0.9883685227606883
2013-09-26 01:00:00,-0.9987253749302114
2013-09-26 02:00:00,-1.101830156976013
2013-09-26 03:00:00,0.0
2013-09-26 04:00:00,-1.1843758145659091
2013-09-26 05:00:00,0.0
2013-09-26 06:00:00,0.0
2013-09-26 07:00:00,-0.2613793324137407
2013-09-26 08:00:00,-0.05001710555123107
2013-09-26 09:00:00,0.0
2013-09-26 10:00:00,0.6021038947344729
2013-09-26 11:00:00,1.0309600171568742
2013-09-26 12:00:00,0.0
2013-09-26 13:00:00,0.0
2013-09-26 14:00:00,0.0
2013-09-26 15:00:00,0.0
2013-09-26 16:00:00,0.0
2013-09-26 17:00:00,1.2015131548738207
2013-09-26 18:00:00,0.0
2013-09-26 19:00:00,1.2273279953560514
2013-09-26 20:00:00,1.4494592874097565
2013-09-26 21:00:00,1.2014616282461081
2013-09-26 22:00:00,0.0
2013-09-26 23:00:00,-0.2957475930956777
2013-09-27 00:00:00,-0.9265365695098354
2013-09-27 01:00:00,0.0
2013-09-27 02:00:00,-1.0296928781833494
2013-09-27 03:00:00,0.0
2013-09-27 04:00:00,-1.1534083113127682
2013-09-27 05:00:00,-1.0967290208328155
2013-09-27 06:00:00,-0.9059259184262111
2013-09-27 07:00:00,-0.29229530903916884
2013-09-27 08:00:00,0.06349605529179918
2013-09-27 09:00:00,0.0
2013-09-27 10:00:00,0.8087256718477542
2013-09-27 11:00:00,0.0
2013-09-27 12:00:00,1.1860036399333966
2013-09-27 13:00:00,0.9689734840228899
2013-09-27 14:00:00,0.0
2013-09-27 15:00:00,0.850050027270408
2013-09-27 16:00:00,0.8501015538981175
2013-09-27 17:00:00,1.041265342698685
2013-09-27 18:00:00,0.0
2013-09-27 19:00:00,1.3100282328290729
2013-09-27 20:00:00,1.3409957360822105
2013-09-27 21:00:00,0.0
2013-09-27 22:00:00,0.0
2013-09-27 23:00:00,-0.25442323767302005
2013-09-28 00:00:00,0.0
2013-09-28 01:00:00,-0.9368418950516426
2013-09-28 02:00:00,-1.0657615175796844
2013-09-28 03:00:00,0.0
2013-09-28 04:00:00,-1.0863721686632986
2013-09-28 05:00:00,-1.065761517579681
2013-09-28 06:00:00,-0.7048690171055121
2013-09-28 07:00:00,0.027427415895467572
2013-09-28 08:00:00,-0.0911868810907571
2013-09-28 09:00:00,0.0
2013-09-28 10:00:00,0.8139813878740768
2013-09-28 11:00:00,1.3151293689722703
2013-09-28 12:00:00,0.0
2013-09-28 13:00:00,0.0
2013-09-28 14:00:00,1.2221238059574382
2013-09-28 15:00:00,0.0
2013-09-28 16:00:00,1.1343224323412229
2013-09-28 17:00:00,1.0929465502908557
2013-09-28 18:00:00,0.0
2013-09-28 19:00:00,0.0
2013-09-28 20:00:00,1.284161865719132
2013-09-28 21:00:00,0.0
2013-09-28 22:00:00,0.9224449392016228
2013-09-28 23:00:00,-0.34196697815069527
2013-09-29 00:00:00,-1.0554561920378707
2013-09-29 01:00:00,-1.0090822270997284
2013-09-29 02:00:00,-1.091524831434199
2013-09-29 03:00:00,-1.168917826253195
2013-09-29 04:00:00,0.0
2013-09-29 05:00:00,-1.1689178262531916
2013-09-29 06:00:00,0.0
2013-09-29 07:00:00,-0.2613793324137407
2013-09-29 08:00:00,0.0
2013-09-29 09:00:00,0.0
2013-09-29 10:00:00,1.046418005469585
2013-09-29 11:00:00,1.1963089654752075
2013-09-29 12:00:00,1.2066142910170181
2013-09-29 13:00:00,1.1032518758326666
2013-09-29 14:00:00,0.0
2013-09-29 15:00:00,0.0
2013-09-29 16:00:00,0.0
2013-09-29 17:00:00,1.0154505022164504
2013-09-29 18:00:00,0.9121396136598121
2013-09-29 19:00:00,0.9637692946242766
2013-09-29 20:00:00,1.046418005469585
2013-09-29 21:00:00,0.9069354242611989
2013-09-29 22:00:00,0.0
2013-09-29 23:00:00,0.0
2013-09-30 00:00:00,0.0
2013-09-30 01:00:00,-0.9832158599897883
2013-09-30 02:00:00,-1.0811679792646858
2013-09-30 03:00:00,0.0
2013-09-30 04:00:00,-1.1431029857709614
2013-09-30 05:00:00,-1.1895284773368096
2013-09-30 06:00:00,0.0
2013-09-30 07:00:00,-0.22525916638970273
2013-09-30 08:00:00,-0.22525916638969928
2013-09-30 09:00:00,0.36276270902594626
2013-09-30 10:00:00,0.6537851023266468
2013-09-30 11:00:00,0.0
2013-09-30 12:00:00,0.917292276430719
2013-09-30 13:00:00,0.0
2013-09-30 14:00:00,0.0
2013-09-30 15:00:00,0.8190825240172674
2013-09-30 16:00:00,0.0
2013-09-30 17:00:00,0.8862732465498682
2013-09-30 18:00:00,0.9843799457078903
2013-09-30 19:00:00,0.0
2013-09-30 20:00:00,0.0
2013-09-30 21:00:00,1.2789576763205197
2013-09-30 22:00:00,0.9482597796838536
2013-09-30 23:00:00,0.0
2013-10-01 00:00:00,0.0
2013-10-01 01:00:00,-0.9884200493883978
2013-10-01 02:00:00,-1.050303529266967
2013-10-01 03:00:00,-1.096729020832815
2013-10-01 04:00:00,-1.1895284773368096
2013-10-01 05:00:00,0.0
2013-10-01 06:00:00,0.0
2013-10-01 07:00:00,-0.22525916638970273
2013-10-01 08:00:00,0.0
2013-10-01 09:00:00,0.0
2013-10-01 10:00:00,0.7623001802818992
2013-10-01 11:00:00,0.994839851132836
2013-10-01 12:00:00,0.0
2013-10-01 13:00:00,0.8501015538981213
2013-10-01 14:00:00,0.8707637316094451
2013-10-01 15:00:00,0.5762890542522422
2013-10-01 16:00:00,0.0
2013-10-01 17:00:00,0.6124092202762836
2013-10-01 18:00:00,0.0
2013-10-01 19:00:00,0.9017827614902951
2013-10-01 20:00:00,1.087793887519952
2013-10-01 21:00:00,0.9482597796838528
2013-10-01 22:00:00,0.7260769610024389
2013-10-01 23:00:00,-0.4348694879101015
2013-10-02 00:00:00,0.0
2013-10-02 01:00:00,-1.0141318366152166
2013-10-02 02:00:00,-1.112187009145533
2013-10-02 03:00:00,-1.1843758145659058
2013-10-02 04:00:00,-1.1843758145659091
2013-10-02 05:00:00,-1.2307497795040514
2013-10-02 06:00:00,0.0
2013-10-02 07:00:00,0.0
2013-10-02 08:00:00,0.02912779460986902
2013-10-02 09:00:00,0.0
2013-10-02 10:00:00,0.6434282501571237
2013-10-02 11:00:00,0.8294393761867874
2013-10-02 12:00:00,0.0
2013-10-02 13:00:00,0.8345920389576982
2013-10-02 14:00:00,0.0
2013-10-02 15:00:00,0.6537335756989404
2013-10-02 16:00:00,0.5917470425649559
2013-10-02 17:00:00,0.7053632566634049
2013-10-02 18:00:00,0.0
2013-10-02 19:00:00,0.9431071169129497
2013-10-02 20:00:00,1.1549330834248404
2013-10-02 21:00:00,0.9741261467937967
2013-10-02 22:00:00,0.0
2013-10-02 23:00:00,-0.4554801389937259
2013-10-03 00:00:00,-1.0657099909519716
2013-10-03 01:00:00,-1.0812710325201045
2013-10-03 02:00:00,0.0
2013-10-03 03:00:00,0.0
2013-10-03 04:00:00,-1.158560974083675
2013-10-03 05:00:00,0.0
2013-10-03 06:00:00,-1.0193875526415388
2013-10-03 07:00:00,-0.49340373698758366
2013-10-03 08:00:00,-0.0189980756703841
2013-10-03 09:00:00,0.0
2013-10-03 10:00:00,0.5917470425649529
2013-10-03 11:00:00,0.0
2013-10-03 12:00:00,0.9172922764307152
2013-10-03 13:00:00,0.8656110688385443
2013-10-03 14:00:00,0.0
2013-10-03 15:00:00,0.6692946172670706
2013-10-03 16:00:00,0.8035730090768474
2013-10-03 17:00:00,0.0
2013-10-03 18:00:00,0.9172407498030057
2013-10-03 19:00:00,0.0
2013-10-03 20:00:00,0.9844314723356035
2013-10-03 21:00:00,1.0774885619781451
2013-10-03 22:00:00,0.0
2013-10-03 23:00:00,-0.3626806824897281
2013-10-04 00:00:00,0.0
2013-10-04 01:00:00,0.0
2013-10-04 02:00:00,-1.096729020832815
2013-10-04 03:00:00,0.0
2013-10-04 04:00:00,-1.1483071751695741
2013-10-04 05:00:00,-1.143102985770961
2013-10-04 06:00:00,-0.9781662504743003
2013-10-04 07:00:00,-0.2235587876753047
2013-10-04 08:00:00,-0.20464851530608177
2013-10-04 09:00:00,0.0
2013-10-04 10:00:00,0.0
2013-10-04 11:00:00,0.0
2013-10-04 12:00:00,0.0
2013-10-04 13:00:00,0.9069354242611951
2013-10-04 14:00:00,0.0
2013-10-04 15:00:00,0.8345920389576974
2013-10-04 16:00:00,0.7932161569073273
2013-10-04 17:00:00,0.0
2013-10-04 18:00:00,0.0
2013-10-04 19:00:00,0.0
2013-10-04 20:00:00,1.3977780798175818
2013-10-04 21:00:00,1.3409957360822136
2013-10-04 22:00:00,0.0
2013-10-04 23:00:00,-0.28023807815525426
2013-10-05 00:00:00,-0.9884200493883978
2013-10-05 01:00:00,-1.0554561920378704
2013-10-05 02:00:00,0.0
2013-10-05 03:00:00,0.0
2013-10-05 04:00:00,-1.2101391284204304
2013-10-05 05:00:00,-1.1534083113127682
2013-10-05 06:00:00,-0.7150712893919001
2013-10-05 07:00:00,-0.20464851530608177
2013-10-05 08:00:00,-0.22525916638970273
2013-10-05 09:00:00,0.0
2013-10-05 10:00:00,0.9069354242611989
2013-10-05 11:00:00,0.8191340506449837
2013-10-05 12:00:00,0.0
2013-10-05 13:00:00,1.0567748576391052
2013-10-05 14:00:00,0.0
2013-10-05 15:00:00,0.0
2013-10-05 16:00:00,0.850050027270408
2013-10-05 17:00:00,0.0
2013-10-05 18:00:00,0.7570959908832889
2013-10-05 19:00:00,0.9224449392016228
2013-10-05 20:00:00,1.0774885619781451
2013-10-05 21:00:00,0.0
2013-10-05 22:00:00,0.8345920389576905
2013-10-05 23:00:00,-0.35417878891773463
2013-10-06 00:00:00,-0.9677578716770708
2013-10-06 01:00:00,-1.003826511073406
2013-10-06 02:00:00,-1.101881683603719
2013-10-06 03:00:00,-1.1379503230000574
2013-10-06 04:00:00,-1.132849186856863
2013-10-06 05:00:00,-1.0966259675773968
2013-10-06 06:00:00,-0.9574525461352635
2013-10-06 07:00:00,-0.2613793324137441
2013-10-06 08:00:00,-0.16337568651113352
2013-10-06 09:00:00,0.0
2013-10-06 10:00:00,0.7984203463059466
2013-10-06 11:00:00,0.0
2013-10-06 12:00:00,0.0
2013-10-06 13:00:00,0.0
2013-10-06 14:00:00,0.8965785720916758
2013-10-06 15:00:00,0.0
2013-10-06 16:00:00,0.9224449392016228
2013-10-06 17:00:00,0.0
2013-10-06 18:00:00,1.0361642065554875
2013-10-06 19:00:00,0.9793303361924098
2013-10-06 20:00:00,1.1342709057135134
2013-10-06 21:00:00,0.0
2013-10-06 22:00:00,0.0
2013-10-06 23:00:00,0.0
2013-10-07 00:00:00,0.0
2013-10-07 01:00:00,-0.9575040727629696
2013-10-07 02:00:00,0.0
2013-10-07 03:00:00,-1.204986465649527
2013-10-07 04:00:00,-1.2101391284204304
2013-10-07 05:00:00,0.0
2013-10-07 06:00:00,-0.7718536331272753
2013-10-07 07:00:00,0.0
2013-10-07 08:00:00,-0.29229530903916884
2013-10-07 09:00:00,0.0
2013-10-07 10:00:00,0.529708982803262
2013-10-07 11:00:00,0.999889460648318
2013-10-07 12:00:00,0.901782761490292
2013-10-07 13:00:00,0.7932161569073312
2013-10-07 14:00:00,0.8242867134158867
2013-10-07 15:00:00,0.824338240043593
2013-10-07 16:00:00,0.8035730090768474
2013-10-07 17:00:00,0.9327502647434296
2013-10-07 18:00:00,1.3926769436743873
2013-10-07 19:00:00,1.2014616282461112
2013-10-07 20:00:00,1.108456065231279
2013-10-07 21:00:00,0.0
2013-10-07 22:00:00,0.0
2013-10-07 23:00:00,-0.10989104694914248
2013-10-08 00:00:00,0.0
2013-10-08 01:00:00,-0.9677578716770708
2013-10-08 02:00:00,-0.9935727121593046
2013-10-08 03:00:00,-1.1019332102314319
2013-10-08 04:00:00,-1.1018816836037224
2013-10-08 05:00:00,-1.0915248314342023
2013-10-08 06:00:00,0.0
2013-10-08 07:00:00,-0.142765035427516
2013-10-08 08:00:00,0.25795754826574707
2013-10-08 09:00:00,0.34070931236647767
2013-10-08 10:00:00,0.586594379794049
2013-10-08 11:00:00,0.0
2013-10-08 12:00:00,0.0
2013-10-08 13:00:00,0.9844829989633137
2013-10-08 14:00:00,0.0
2013-10-08 15:00:00,0.0
2013-10-08 16:00:00,0.0
2013-10-08 17:00:00,1.2170226698142474
2013-10-08 18:00:00,0.0
2013-10-08 19:00:00,1.134322432341226
2013-10-08 20:00:00,1.0825896981213388
2013-10-08 21:00:00,0.0
2013-10-08 22:00:00,0.0
2013-10-08 23:00:00,0.0
2013-10-09 00:00:00,0.0
2013-10-09 01:00:00,-1.0348455409542494
2013-10-09 02:00:00,-1.107034346374626
2013-10-09 03:00:00,0.0
2013-10-09 04:00:00,-1.1534598379404775
2013-10-09 05:00:00,0.0
2013-10-09 06:00:00,-0.9213323801112225
2013-10-09 07:00:00,0.0
2013-10-09 08:00:00,0.0
2013-10-09 09:00:00,0.0
2013-10-09 10:00:00,0.6124607469039922
2013-10-09 11:00:00,0.9379029275143327
2013-10-09 12:00:00,0.9069869508889083
2013-10-09 13:00:00,0.9637692946242735
2013-10-09 14:00:00,0.0
2013-10-09 15:00:00,0.9637692946242766
2013-10-09 16:00:00,0.9689734840228899
2013-10-09 17:00:00,1.2118184804156305
2013-10-09 18:00:00,1.1963089654752075
2013-10-09 19:00:00,1.123965580171706
2013-10-09 20:00:00,1.1033549290880884
2013-10-09 21:00:00,0.0
2013-10-09 22:00:00,0.0
2013-10-09 23:00:00,-0.46063280176462934
2013-10-10 00:00:00,0.0
2013-10-10 01:00:00,-1.1276449974582468
2013-10-10 02:00:00,-1.1946811401077193
2013-10-10 03:00:00,-1.282276407213094
2013-10-10 04:00:00,0.0
2013-10-10 05:00:00,0.0
2013-10-10 06:00:00,-1.1121354825178198
2013-10-10 07:00:00,-0.42126645819491704
2013-10-10 08:00:00,0.0
2013-10-10 09:00:00,0.0
2013-10-10 10:00:00,0.0
2013-10-10 11:00:00,0.0
2013-10-10 12:00:00,0.8759679210080644
2013-10-10 13:00:00,0.0
2013-10-10 14:00:00,0.9172922764307152
2013-10-10 15:00:00,0.7570959908832928
2013-10-10 16:00:00,0.9121396136598121
2013-10-10 17:00:00,0.0
2013-10-10 18:00:00,0.0
2013-10-10 19:00:00,0.0
2013-10-10 20:00:00,0.0
2013-10-10 21:00:00,0.9896356617342206
2013-10-10 22:00:00,0.7467906653414752
2013-10-10 23:00:00,0.0
2013-10-11 00:00:00,0.0
2013-10-11 01:00:00,-1.1070343463746293
2013-10-11 02:00:00,-1.2359024422749518
2013-10-11 03:00:00,0.0
2013-10-11 04:00:00,-1.2616657561294766
2013-10-11 05:00:00,-1.204986465649527
2013-10-11 06:00:00,-1.0966774942051092
2013-10-11 07:00:00,-0.47794574867487305
2013-10-11 08:00:00,0.0
2013-10-11 09:00:00,0.0
2013-10-11 10:00:00,0.0
2013-10-11 11:00:00,0.9327502647434327
2013-10-11 12:00:00,0.8242351867881773
2013-10-11 13:00:00,0.0
2013-10-11 14:00:00,0.6537335756989404
2013-10-11 15:00:00,0.0
2013-10-11 16:00:00,0.0
2013-10-11 17:00:00,0.0
2013-10-11 18:00:00,0.0
2013-10-11 19:00:00,0.9483113063115659
2013-10-11 20:00:00,1.0465210587250076
2013-10-11 21:00:00,1.082641224749052
2013-10-11 22:00:00,0.0
2013-10-11 23:00:00,0.0
2013-10-12 00:00:00,0.0
2013-10-12 01:00:00,-1.2152917911913372
2013-10-12 02:00:00,0.0
2013-10-12 03:00:00,0.0
2013-10-12 04:00:00,-1.3700262542016068
2013-10-12 05:00:00,0.0
2013-10-12 06:00:00,0.0
2013-10-12 07:00:00,-0.29229530903916884
2013-10-12 08:00:00,-0.33872080060502396
2013-10-12 09:00:00,0.25811212814887524
2013-10-12 10:00:00,0.9689219573951835
2013-10-12 11:00:00,0.8449488911272106
2013-10-12 12:00:00,0.0
2013-10-12 13:00:00,0.8759163943803482
2013-10-12 14:00:00,0.0
2013-10-12 15:00:00,0.0
2013-10-12 16:00:00,0.6899052683506882
2013-10-12 17:00:00,0.9172407498030057
2013-10-12 18:00:00,1.0206546916150667
2013-10-12 19:00:00,0.0
2013-10-12 20:00:00,1.103303402460379
2013-10-12 21:00:00,1.103303402460379
2013-10-12 22:00:00,0.0
2013-10-12 23:00:00,-0.5655925424079601
2013-10-13 00:00:00,-1.2204444539622408
2013-10-13 01:00:00,-1.158560974083672
2013-10-13 02:00:00,0.0
2013-10-13 03:00:00,-1.302887058296715
2013-10-13 04:00:00,-1.3390587509484657
2013-10-13 05:00:00,-1.3442114137193726
2013-10-13 06:00:00,-1.1791716251672926
2013-10-13 07:00:00,-0.39029895494177946
2013-10-13 08:00:00,-0.33356813783412054
2013-10-13 09:00:00,0.1342421151363215
2013-10-13 10:00:00,0.7570959908832859
2013-10-13 11:00:00,0.7467906653414752
2013-10-13 12:00:00,0.9275976019725258
2013-10-13 13:00:00,0.901782761490292
2013-10-13 14:00:00,0.0
2013-10-13 15:00:00,0.7157201088329258
2013-10-13 16:00:00,0.0
2013-10-13 17:00:00,0.9689219573951804
2013-10-13 18:00:00,0.9017312348625827
2013-10-13 19:00:00,0.9844829989633167
2013-10-13 20:00:00,1.0258588810136768
2013-10-13 21:00:00,1.0257558277582581
2013-10-13 22:00:00,0.726076961002442
2013-10-13 23:00:00,0.0
2013-10-14 00:00:00,-1.1276449974582468
2013-10-14 01:00:00,-1.0915763580619118
2013-10-14 02:00:00,-1.1946811401077164
2013-10-14 03:00:00,-1.2771237444421937
2013-10-14 04:00:00,-1.210139128420434
2013-10-14 05:00:00,0.0
2013-10-14 06:00:00,-0.9987769015579212
2013-10-14 07:00:00,-0.5192185774698144
2013-10-14 08:00:00,0.0
2013-10-14 09:00:00,0.0
2013-10-14 10:00:00,0.6641419544961669
2013-10-14 11:00:00,0.0
2013-10-14 12:00:00,0.0
2013-10-14 13:00:00,0.0
2013-10-14 14:00:00,0.6951094577493044
2013-10-14 15:00:00,0.6744472800379806
2013-10-14 16:00:00,0.7777581685946167
2013-10-14 17:00:00,0.8036245357045559
2013-10-14 18:00:00,0.0
2013-10-14 19:00:00,0.9947883245051236
2013-10-14 20:00:00,1.056774857639108
2013-10-14 21:00:00,0.917292276430719
2013-10-14 22:00:00,0.0
2013-10-14 23:00:00,0.0
2013-10-15 00:00:00,-0.28204151012507445
2013-10-15 01:00:00,-0.37478944000135556
2013-10-15 02:00:00,0.0
2013-10-15 03:00:00,-0.4935067902429994
2013-10-15 04:00:00,-0.524422766868431
2013-10-15 05:00:00,0.0
2013-10-15 06:00:00,0.0
2013-10-15 07:00:00,0.0
2013-10-15 08:00:00,0.0033129541276314305
2013-10-15 09:00:00,0.0
2013-10-15 10:00:00,0.4832319646097005
2013-10-15 11:00:00,0.0
2013-10-15 12:00:00,0.0
2013-10-15 13:00:00,0.0
2013-10-15 14:00:00,0.8242867134158867
2013-10-15 15:00:00,0.788115020764136
2013-10-15 16:00:00,0.7777581685946128
2013-10-15 17:00:00,0.7726055058237098
2013-10-15 18:00:00,0.8810690571512557
2013-10-15 19:00:00,0.0
2013-10-15 20:00:00,0.0
2013-10-15 21:00:00,1.0516221948681983
2013-10-15 22:00:00,0.8397962283563106
2013-10-15 23:00:00,-0.445277866707334
2013-10-16 00:00:00,-1.0450993398683506
2013-10-16 01:00:00,0.0
2013-10-16 02:00:00,0.0
2013-10-16 03:00:00,-1.1843758145659058
2013-10-16 04:00:00,0.0
2013-10-16 05:00:00,-1.158560974083672
2013-10-16 06:00:00,0.0
2013-10-16 07:00:00,-0.33351661120640774
2013-10-16 08:00:00,-0.17373253868065358
2013-10-16 09:00:00,0.0
2013-10-16 10:00:00,0.0
2013-10-16 11:00:00,0.0
2013-10-16 12:00:00,0.7829623579932291
2013-10-16 13:00:00,0.0
2013-10-16 14:00:00,0.7622486536541928
2013-10-16 15:00:00,0.7726055058237128
2013-10-16 16:00:00,0.0
2013-10-16 17:00:00,0.9017312348625827
2013-10-16 18:00:00,0.8501015538981213
2013-10-16 19:00:00,0.0
2013-10-16 20:00:00,0.0
2013-10-16 21:00:00,0.0
2013-10-16 22:00:00,0.746739138713769
2013-10-16 23:00:00,0.0
2013-10-17 00:00:00,0.0
2013-10-17 01:00:00,0.0
2013-10-17 02:00:00,-1.117339671916433
2013-10-17 03:00:00,-1.168917826253195
2013-10-17 04:00:00,0.0
2013-10-17 05:00:00,0.0
2013-10-17 06:00:00,0.0
2013-10-17 07:00:00,-0.6686973244537647
2013-10-17 08:00:00,0.0
2013-10-17 09:00:00,0.30974180911333665
2013-10-17 10:00:00,0.5193521306337457
2013-10-17 11:00:00,0.8862732465498682
2013-10-17 12:00:00,0.9379544541420459
2013-10-17 13:00:00,1.0102978394455475
2013-10-17 14:00:00,0.8966300987193883
2013-10-17 15:00:00,0.0
2013-10-17 16:00:00,0.0
2013-10-17 17:00:00,1.077437035350432
2013-10-17 18:00:00,1.1187613907730964
2013-10-17 19:00:00,1.3100282328290729
2013-10-17 20:00:00,1.3048240434304628
2013-10-17 21:00:00,0.0
2013-10-17 22:00:00,0.0
2013-10-17 23:00:00,-0.4349210145378109
2013-10-18 00:00:00,-1.1173396719164366
2013-10-18 01:00:00,0.0
2013-10-18 02:00:00,-1.174070489024099
2013-10-18 03:00:00,-1.2719710816712868
2013-10-18 04:00:00,-1.2049864656495235
2013-10-18 05:00:00,0.0
2013-10-18 06:00:00,0.0
2013-10-18 07:00:00,-0.4263675943381145
2013-10-18 08:00:00,0.0
2013-10-18 09:00:00,0.0
2013-10-18 10:00:00,1.056774857639108
2013-10-18 11:00:00,0.0
2013-10-18 12:00:00,0.0
2013-10-18 13:00:00,0.0
2013-10-18 14:00:00,0.9689734840228899
2013-10-18 15:00:00,0.0
2013-10-18 16:00:00,1.1136602546298953
2013-10-18 17:00:00,0.0
2013-10-18 18:00:00,1.2169711431865342
2013-10-18 19:00:00,1.3668621031921537
2013-10-18 20:00:00,0.0
2013-10-18 21:00:00,0.0
2013-10-18 22:00:00,0.7002621205202044
2013-10-18 23:00:00,0.0
2013-10-19 00:00:00,-1.1224923346873434
2013-10-19 01:00:00,-1.1379503230000574
2013-10-19 02:00:00,0.0
2013-10-19 03:00:00,-1.2359024422749518
2013-10-19 04:00:00,-1.230749779504048
2013-10-19 05:00:00,0.0
2013-10-19 06:00:00,-0.9317407589084452
2013-10-19 07:00:00,-0.29229530903916884
2013-10-19 08:00:00,0.0
2013-10-19 09:00:00,0.2064824471844073
2013-10-19 10:00:00,1.526955335484164
2013-10-19 11:00:00,1.2582954986091919
2013-10-19 12:00:00,0.0
2013-10-19 13:00:00,1.1756467877638805
2013-10-19 14:00:00,0.0
2013-10-19 15:00:00,1.0102978394455475
2013-10-19 16:00:00,0.968973484022886
2013-10-19 17:00:00,1.0928950236631465
2013-10-19 18:00:00,1.0877938875199558
2013-10-19 19:00:00,1.3875242809034776
2013-10-19 20:00:00,0.0
2013-10-19 21:00:00,1.3202820317431734
2013-10-19 22:00:00,0.8398477549840131
2013-10-19 23:00:00,0.0
2013-10-20 00:00:00,-0.6480866733701404
2013-10-20 01:00:00,-0.787311621439986
2013-10-20 02:00:00,-1.1482556485418614
2013-10-20 03:00:00,-1.2204444539622408
2013-10-20 04:00:00,0.0
2013-10-20 05:00:00,-1.230749779504048
2013-10-20 06:00:00,0.0
2013-10-20 07:00:00,0.0
2013-10-20 08:00:00,0.0
2013-10-20 09:00:00,0.14449591405041934
2013-10-20 10:00:00,0.736433813171959
2013-10-20 11:00:00,1.1033034024603758
2013-10-20 12:00:00,1.4856309800615095
2013-10-20 13:00:00,0.0
2013-10-20 14:00:00,0.0
2013-10-20 15:00:00,1.2738565401773214
2013-10-20 16:00:00,1.196257438847498
2013-10-20 17:00:00,1.1963089654752075
2013-10-20 18:00:00,1.289314528490039
2013-10-20 19:00:00,0.0
2013-10-20 20:00:00,1.4598161395792757
2013-10-20 21:00:00,0.0
2013-10-20 22:00:00,1.1652899355943567
2013-10-20 23:00:00,-0.05826136598467761
2013-10-21 00:00:00,0.0
2013-10-21 01:00:00,0.0
2013-10-21 02:00:00,0.0
2013-10-21 03:00:00,-1.204986465649527
2013-10-21 04:00:00,-1.2152917911913372
2013-10-21 05:00:00,-1.2101391284204304
2013-10-21 06:00:00,-0.9471472205934529
2013-10-21 07:00:00,-0.46243623373444953
2013-10-21 08:00:00,-0.02760302249779332
2013-10-21 09:00:00,0.2012782577857945
2013-10-21 10:00:00,1.3565052510226367
2013-10-21 11:00:00,0.0
2013-10-21 12:00:00,1.1704941249929768
2013-10-21 13:00:00,1.2634481613800959
2013-10-21 14:00:00,1.129169769570316
2013-10-21 15:00:00,0.0
2013-10-21 16:00:00,1.0825896981213388
2013-10-21 17:00:00,1.2324291314992488
2013-10-21 18:00:00,1.2117669537879219
2013-10-21 19:00:00,0.0
2013-10-21 20:00:00,1.3668621031921537
2013-10-21 21:00:00,1.1291182429426097
2013-10-21 22:00:00,0.7416380025705722
2013-10-21 23:00:00,-0.445277866707334
2013-10-22 00:00:00,0.0
2013-10-22 01:00:00,0.0
2013-10-22 02:00:00,0.0
2013-10-22 03:00:00,0.0
2013-10-22 04:00:00,-1.2255971167331445
2013-10-22 05:00:00,-1.2152917911913372
2013-10-22 06:00:00,-0.854347764089459
2013-10-22 07:00:00,0.0
2013-10-22 08:00:00,0.01701903709824156
2013-10-22 09:00:00,0.0
2013-10-22 10:00:00,1.139475095112126
2013-10-22 11:00:00,1.2375817942701557
2013-10-22 12:00:00,0.0
2013-10-22 13:00:00,0.0
2013-10-22 14:00:00,1.0619790470377213
2013-10-22 15:00:00,1.1136602546298922
2013-10-22 16:00:00,0.0
2013-10-22 17:00:00,1.1084560652312827
2013-10-22 18:00:00,1.051570668240492
2013-10-22 19:00:00,0.0
2013-10-22 20:00:00,1.3513525882517299
2013-10-22 21:00:00,0.0
2013-10-22 22:00:00,0.7570444642555796
2013-10-22 23:00:00,0.0
2013-10-23 00:00:00,0.0
2013-10-23 01:00:00,-1.0605573281810647
2013-10-23 02:00:00,-1.0966774942051092
2013-10-23 03:00:00,-1.1483071751695737
2013-10-23 04:00:00,-1.1431029857709643
2013-10-23 05:00:00,-0.9883685227606883
2013-10-23 06:00:00,0.0
2013-10-23 07:00:00,0.0
2013-10-23 08:00:00,-0.11179753217438149
2013-10-23 09:00:00,0.0
2013-10-23 10:00:00,0.0
2013-10-23 11:00:00,1.3047725168027504
2013-10-23 12:00:00,1.1084045386035666
2013-10-23 13:00:00,1.1652899355943604
2013-10-23 14:00:00,0.0
2013-10-23 15:00:00,1.1033549290880884
2013-10-23 16:00:00,1.2118184804156313
2013-10-23 17:00:00,0.0
2013-10-23 18:00:00,0.0
2013-10-23 19:00:00,1.3668621031921537
2013-10-23 20:00:00,1.377115902106255
2013-10-23 21:00:00,1.3255377477694992
2013-10-23 22:00:00,1.1291182429426097
2013-10-23 23:00:00,-0.11509523634775912
2013-10-24 00:00:00,-0.5914073828901912
2013-10-24 01:00:00,0.0
2013-10-24 02:00:00,-1.0760668431214884
2013-10-24 03:00:00,0.0
2013-10-24 04:00:00,-1.107034346374626
2013-10-24 05:00:00,-1.107034346374626
2013-10-24 06:00:00,-0.9316892322807389
2013-10-24 07:00:00,0.0
2013-10-24 08:00:00,0.0
2013-10-24 09:00:00,0.23224576103893207
2013-10-24 10:00:00,0.5142509944905482
2013-10-24 11:00:00,1.077488561978142
2013-10-24 12:00:00,0.0
2013-10-24 13:00:00,1.2996198540318495
2013-10-24 14:00:00,0.0
2013-10-24 15:00:00,0.0
2013-10-24 16:00:00,0.0
2013-10-24 17:00:00,1.2738565401773214
2013-10-24 18:00:00,1.3099767062013628
2013-10-24 19:00:00,1.557974365365008
2013-10-24 20:00:00,0.0
2013-10-24 21:00:00,0.0
2013-10-24 22:00:00,1.134322432341226
2013-10-24 23:00:00,0.0
2013-10-25 00:00:00,0.0
2013-10-25 01:00:00,0.0
2013-10-25 02:00:00,-1.1534083113127716
2013-10-25 03:00:00,-1.1792231517950023
2013-10-25 04:00:00,-1.204986465649527
2013-10-25 05:00:00,0.0
2013-10-25 06:00:00,-1.0193360260138293
2013-10-25 07:00:00,0.0
2013-10-25 08:00:00,0.0
2013-10-25 09:00:00,0.21663319284308943
2013-10-25 10:00:00,0.6072565575053798
2013-10-25 11:00:00,1.0464695320973012
2013-10-25 12:00:00,1.222123805957442
2013-10-25 13:00:00,1.2066658176447274
2013-10-25 14:00:00,0.6537335756989374
2013-10-25 15:00:00,0.6485809129280335
2013-10-25 16:00:00,0.5968997053358628
2013-10-25 17:00:00,0.7157716354606352
2013-10-25 18:00:00,0.850050027270408
2013-10-25 19:00:00,0.0
2013-10-25 20:00:00,0.9276491286002383
2013-10-25 21:00:00,0.0
2013-10-25 22:00:00,0.0
2013-10-25 23:00:00,-0.49685602104409254
2013-10-26 00:00:00,-1.0554561920378707
2013-10-26 01:00:00,-1.1018816836037224
2013-10-26 02:00:00,-1.1998338028786233
2013-10-26 03:00:00,-1.2822764072130939
2013-10-26 04:00:00,0.0
2013-10-26 05:00:00,-1.292633259382617
2013-10-26 06:00:00,-1.04515086649606
2013-10-26 07:00:00,-0.3541787889177381
2013-10-26 08:00:00,0.0
2013-10-26 09:00:00,0.0
2013-10-26 10:00:00,0.6589377650975536
2013-10-26 11:00:00,0.7829108313655204
2013-10-26 12:00:00,0.6743957534102711
2013-10-26 13:00:00,0.0
2013-10-26 14:00:00,0.7570959908832859
2013-10-26 15:00:00,0.0
2013-10-26 16:00:00,0.6537335756989404
2013-10-26 17:00:00,0.6537851023266468
2013-10-26 18:00:00,0.6589377650975506
2013-10-26 19:00:00,0.0
2013-10-26 20:00:00,0.0
2013-10-26 21:00:00,0.8449488911272106
2013-10-26 22:00:00,0.6124607469039922
2013-10-26 23:00:00,-0.5552872168661498
2013-10-27 00:00:00,0.0
2013-10-27 01:00:00,-0.7546437394724538
2013-10-27 02:00:00,0.09482424493890287
2013-10-27 03:00:00,-1.375127390344801
2013-10-27 04:00:00,0.0
2013-10-27 05:00:00,-1.2204444539622377
2013-10-27 06:00:00,0.0
2013-10-27 07:00:00,-0.6068138445751989
2013-10-27 08:00:00,0.0
2013-10-27 09:00:00,0.0
2013-10-27 10:00:00,0.8087256718477542
2013-10-27 11:00:00,0.7880634941364235
2013-10-27 12:00:00,0.7829108313655204
2013-10-27 13:00:00,0.9689734840228899
2013-10-27 14:00:00,0.6795999428088814
2013-10-27 15:00:00,0.602103894734476
2013-10-27 16:00:00,0.7570959908832859
2013-10-27 17:00:00,0.751943328112386
2013-10-27 18:00:00,0.0
2013-10-27 19:00:00,0.0
2013-10-27 20:00:00,0.0
2013-10-27 21:00:00,0.7363822865442526
2013-10-27 22:00:00,0.5762375276245321
2013-10-27 23:00:00,-0.5947566136912774
2013-10-28 00:00:00,0.0
2013-10-28 01:00:00,-1.2410035784181492
2013-10-28 02:00:00,-1.2255971167331445
2013-10-28 03:00:00,0.0
2013-10-28 04:00:00,0.0
2013-10-28 05:00:00,-1.1998338028786197
2013-10-28 06:00:00,-0.9265880961375413
2013-10-28 07:00:00,0.0
2013-10-28 08:00:00,0.0
2013-10-28 09:00:00,0.14454744067813177
2013-10-28 10:00:00,0.0
2013-10-28 11:00:00,0.6589377650975506
2013-10-28 12:00:00,0.664038901240748
2013-10-28 13:00:00,0.0
2013-10-28 14:00:00,0.5916955159372496
2013-10-28 15:00:00,0.5452700243713914
2013-10-28 16:00:00,0.5814417170231422
2013-10-28 17:00:00,0.5246078466600675
2013-10-28 18:00:00,0.0
2013-10-28 19:00:00,0.0
2013-10-28 20:00:00,0.9172922764307152
2013-10-28 21:00:00,0.6640389012407512
2013-10-28 22:00:00,0.0
2013-10-28 23:00:00,-0.5535353115240425
2013-10-29 00:00:00,-1.174070489024099
2013-10-29 01:00:00,-1.3183965732371385
2013-10-29 02:00:00,0.0
2013-10-29 03:00:00,0.0
2013-10-29 04:00:00,-1.4112475563688387
2013-10-29 05:00:00,-1.421552881910649
2013-10-29 06:00:00,-1.2410551050458587
2013-10-29 07:00:00,0.0
2013-10-29 08:00:00,-0.4624877603621559
2013-10-29 09:00:00,-0.1633756865111301
2013-10-29 10:00:00,0.46092093481168156
2013-10-29 11:00:00,0.0
2013-10-29 12:00:00,0.0
2013-10-29 13:00:00,0.0
2013-10-29 14:00:00,0.0
2013-10-29 15:00:00,0.0
2013-10-29 16:00:00,0.5969512319635721
2013-10-29 17:00:00,0.0
2013-10-29 18:00:00,0.4987414795501275
2013-10-29 19:00:00,0.813878334618658
2013-10-29 20:00:00,0.7519433281123821
2013-10-29 21:00:00,0.638327114013933
2013-10-29 22:00:00,0.0
2013-10-29 23:00:00,0.0
2013-10-30 00:00:00,0.0
2013-10-30 01:00:00,-1.3080912476953312
2013-10-30 02:00:00,-1.375127390344801
2013-10-30 03:00:00,-1.4060948935979385
2013-10-30 04:00:00,-1.4267055446815529
2013-10-30 05:00:00,0.0
2013-10-30 06:00:00,0.0
2013-10-30 07:00:00,-0.6429340105992365
2013-10-30 08:00:00,0.0
2013-10-30 09:00:00,0.0
2013-10-30 10:00:00,0.41444391661812396
2013-10-30 11:00:00,0.6692430906393613
2013-10-30 12:00:00,0.38507373882396523
2013-10-30 13:00:00,0.0
2013-10-30 14:00:00,0.31968644826118464
2013-10-30 15:00:00,0.3696157505112511
2013-10-30 16:00:00,0.0
2013-10-30 17:00:00,0.43505456770174183
2013-10-30 18:00:00,0.5504226871422953
2013-10-30 19:00:00,0.0
2013-10-30 20:00:00,0.0
2013-10-30 21:00:00,0.6124092202762829
2013-10-30 22:00:00,0.3317436791450993
2013-10-30 23:00:00,0.0
2013-10-31 00:00:00,0.0
2013-10-31 01:00:00,-1.3906369052852243
2013-10-31 02:00:00,-1.4267570713092657
2013-10-31 03:00:00,-1.4422150596219798
2013-10-31 04:00:00,0.0
2013-10-31 05:00:00,0.0
2013-10-31 06:00:00,-1.2771752710698998
2013-10-31 07:00:00,-0.5655925424079566
2013-10-31 08:00:00,-0.49345526361529
2013-10-31 09:00:00,0.0
2013-10-31 10:00:00,0.0
2013-10-31 11:00:00,0.0
2013-10-31 12:00:00,0.7054147832911151
2013-10-31 13:00:00,0.0
2013-10-31 14:00:00,0.0
2013-10-31 15:00:00,0.43155075701752665
2013-10-31 16:00:00,0.5297605094309714
2013-10-31 17:00:00,0.5090983317196414
2013-10-31 18:00:00,0.7261284876301521
2013-10-31 19:00:00,0.8139298612463705
2013-10-31 20:00:00,0.8501015538981213
2013-10-31 21:00:00,0.8966300987193853
2013-10-31 22:00:00,0.4780277752110843
2013-10-31 23:00:00,0.0
2013-11-01 00:00:00,-1.1998338028786202
2013-11-01 01:00:00,0.0
2013-11-01 02:00:00,0.0
2013-11-01 03:00:00,0.0
2013-11-01 04:00:00,0.0
2013-11-01 05:00:00,0.0
2013-11-01 06:00:00,-1.1379503230000574
2013-11-01 07:00:00,-0.5552872168661463
2013-11-01 08:00:00,-0.04481291615261825
2013-11-01 09:00:00,0.0
2013-11-01 10:00:00,0.4471117985856595
2013-11-01 11:00:00,0.6847526055797882
2013-11-01 12:00:00,0.803624535704553
2013-11-01 13:00:00,0.5141994678628381
2013-11-01 14:00:00,0.746739138713769
2013-11-01 15:00:00,0.7467906653414752
2013-11-01 16:00:00,0.5865428531663427
2013-11-01 17:00:00,0.6795999428088814
2013-11-01 18:00:00,0.0
2013-11-01 19:00:00,0.0
2013-11-01 20:00:00,0.9586166318533728
2013-11-01 21:00:00,0.9069354242611951
2013-11-01 22:00:00,0.0
2013-11-01 23:00:00,-0.6171706967447156
2013-11-02 00:00:00,0.0
2013-11-02 01:00:00,-1.1894769507090996
2013-11-02 02:00:00,-1.2771237444421903
2013-11-02 03:00:00,-1.2874290699839974
2013-11-02 04:00:00,0.0
2013-11-02 05:00:00,-1.256564619986282
2013-11-02 06:00:00,-1.0399982037251567
2013-11-02 07:00:00,-0.22525916638969928
2013-11-02 08:00:00,-0.19434318976427148
2013-11-02 09:00:00,0.0
2013-11-02 10:00:00,0.8553057432967306
2013-11-02 11:00:00,0.0
2013-11-02 12:00:00,0.9792788095646997
2013-11-02 13:00:00,0.9431586435406621
2013-11-02 14:00:00,0.6227145458180943
2013-11-02 15:00:00,0.0
2013-11-02 16:00:00,0.0
2013-11-02 17:00:00,0.0
2013-11-02 18:00:00,1.0154505022164475
2013-11-02 19:00:00,1.1652899355943567
2013-11-02 20:00:00,0.0
2013-11-02 21:00:00,0.0
2013-11-02 22:00:00,0.0
2013-11-02 23:00:00,0.0
2013-11-03 00:00:00,-1.0760668431214884
2013-11-03 01:00:00,-1.204986465649527
2013-11-03 02:00:00,0.0
2013-11-03 03:00:00,-1.323549236008042
2013-11-03 04:00:00,-1.287480596611707
2013-11-03 05:00:00,0.0
2013-11-03 06:00:00,-1.0554561920378704
2013-11-03 07:00:00,-0.44702977204944483
2013-11-03 08:00:00,0.0
2013-11-03 09:00:00,0.0
2013-11-03 10:00:00,0.0
2013-11-03 11:00:00,0.7622486536541928
2013-11-03 12:00:00,0.0
2013-11-03 13:00:00,0.6123576936485734
2013-11-03 14:00:00,0.0
2013-11-03 15:00:00,0.6021038947344729
2013-11-03 16:00:00,0.0
2013-11-03 17:00:00,0.0
2013-11-03 18:00:00,0.0
2013-11-03 19:00:00,0.7415864759428651
2013-11-03 20:00:00,0.8035730090768504
2013-11-03 21:00:00,0.0
2013-11-03 22:00:00,0.4573655974997574
2013-11-03 23:00:00,-0.7770578225258885
2013-11-04 00:00:00,-1.1997822762509105
2013-11-04 01:00:00,-1.2668184189003835
2013-11-04 02:00:00,-1.369974727573894
2013-11-04 03:00:00,-1.333854561549856
2013-11-04 04:00:00,0.0
2013-11-04 05:00:00,0.0
2013-11-04 06:00:00,0.0
2013-11-04 07:00:00,0.0
2013-11-04 08:00:00,-0.3799936293999722
2013-11-04 09:00:00,0.0
2013-11-04 10:00:00,0.6537851023266468
2013-11-04 11:00:00,0.8242351867881743
2013-11-04 12:00:00,0.7209242982315351
2013-11-04 13:00:00,0.0
2013-11-04 14:00:00,0.6744472800379737
2013-11-04 15:00:00,0.0
2013-11-04 16:00:00,0.7570959908832897
2013-11-04 17:00:00,0.7312296237733458
2013-11-04 18:00:00,0.7932676835350436
2013-11-04 19:00:00,0.9121396136598121
2013-11-04 20:00:00,0.9483113063115591
2013-11-04 21:00:00,0.0
2013-11-04 22:00:00,0.0
2013-11-04 23:00:00,-0.5965085190333883
2013-11-05 00:00:00,0.0
2013-11-05 01:00:00,-1.215240264563628
2013-11-05 02:00:00,0.0
2013-11-05 03:00:00,-1.2565130933585693
2013-11-05 04:00:00,-1.354465212633467
2013-11-05 05:00:00,-1.339058750948469
2013-11-05 06:00:00,0.0
2013-11-05 07:00:00,0.0
2013-11-05 08:00:00,0.0
2013-11-05 09:00:00,0.0
2013-11-05 10:00:00,0.5349646988295845
2013-11-05 11:00:00,0.7726055058237098
2013-11-05 12:00:00,0.813878334618658
2013-11-05 13:00:00,0.0
2013-11-05 14:00:00,0.0
2013-11-05 15:00:00,0.0
2013-11-05 16:00:00,0.7105674460620189
2013-11-05 17:00:00,0.6279187352167067
2013-11-05 18:00:00,0.0
2013-11-05 19:00:00,0.8707122049817357
2013-11-05 20:00:00,0.9327502647434296
2013-11-05 21:00:00,0.6744472800379737
2013-11-05 22:00:00,0.0
2013-11-05 23:00:00,-0.7667009703563719
2013-11-06 00:00:00,0.0
2013-11-06 01:00:00,-1.174070489024099
2013-11-06 02:00:00,-1.1637136368545753
2013-11-06 03:00:00,-1.2668184189003835
2013-11-06 04:00:00,0.0
2013-11-06 05:00:00,-1.2668699455280927
2013-11-06 06:00:00,-1.091473304806493
2013-11-06 07:00:00,-0.45733509759124863
2013-11-06 08:00:00,-0.31811014952140304
2013-11-06 09:00:00,0.07745977140094977
2013-11-06 10:00:00,0.0
2013-11-06 11:00:00,0.8191340506449799
2013-11-06 12:00:00,0.6640389012407512
2013-11-06 13:00:00,0.0
2013-11-06 14:00:00,0.6589377650975506
2013-11-06 15:00:00,0.0
2013-11-06 16:00:00,0.6330713979876105
2013-11-06 17:00:00,0.560728012684109
2013-11-06 18:00:00,0.0
2013-11-06 19:00:00,0.8449488911272144
2013-11-06 20:00:00,0.0
2013-11-06 21:00:00,0.8293878495590812
2013-11-06 22:00:00,0.0
2013-11-06 23:00:00,-0.4985563997584875
2013-11-07 00:00:00,-0.9419945578225495
2013-11-07 01:00:00,-0.9884200493884012
2013-11-07 02:00:00,-0.9987253749302084
2013-11-07 03:00:00,-1.0502520026392574
2013-11-07 04:00:00,-1.02964135155564
2013-11-07 05:00:00,-1.0554561920378707
2013-11-07 06:00:00,-0.9781147238465905
2013-11-07 07:00:00,-0.48825107421667685
2013-11-07 08:00:00,0.032477025410952216
2013-11-07 09:00:00,0.12532800854265555
2013-11-07 10:00:00,0.4005317271366763
2013-11-07 11:00:00,0.8294393761867905
2013-11-07 12:00:00,0.8345405123299849
2013-11-07 13:00:00,0.6899567949783976
2013-11-07 14:00:00,0.0
2013-11-07 15:00:00,0.6072565575053798
2013-11-07 16:00:00,0.5917985691926623
2013-11-07 17:00:00,0.5814417170231461
2013-11-07 18:00:00,0.0
2013-11-07 19:00:00,0.9638208212519822
2013-11-07 20:00:00,0.0
2013-11-07 21:00:00,0.0
2013-11-07 22:00:00,0.5659322020827221
2013-11-07 23:00:00,-0.5809990040929648
2013-11-08 00:00:00,0.0
2013-11-08 01:00:00,-1.174018962396389
2013-11-08 02:00:00,-1.168917826253188
2013-11-08 03:00:00,0.0
2013-11-08 04:00:00,-1.2307497795040514
2013-11-08 05:00:00,0.0
2013-11-08 06:00:00,-1.137950323000054
2013-11-08 07:00:00,0.0
2013-11-08 08:00:00,-0.08603421831985367
2013-11-08 09:00:00,0.1168261149706655
2013-11-08 10:00:00,0.0
2013-11-08 11:00:00,0.0
2013-11-08 12:00:00,0.0
2013-11-08 13:00:00,0.6795484161811719
2013-11-08 14:00:00,0.7933192101627461
2013-11-08 15:00:00,0.7674013164250966
2013-11-08 16:00:00,0.6176134096748999
2013-11-08 17:00:00,0.0
2013-11-08 18:00:00,0.0
2013-11-08 19:00:00,0.9224964658293283
2013-11-08 20:00:00,0.0
2013-11-08 21:00:00,0.0
2013-11-08 22:00:00,0.0
2013-11-08 23:00:00,-0.6326802116851391
2013-11-09 00:00:00,0.0
2013-11-09 01:00:00,-1.3442114137193726
2013-11-09 02:00:00,-1.4008907041993188
2013-11-09 03:00:00,-1.4267570713092657
2013-11-09 04:00:00,-1.4267055446815562
2013-11-09 05:00:00,-1.4782836990183115
2013-11-09 06:00:00,-0.8440424385476483
2013-11-09 07:00:00,-0.44697824542173203
2013-11-09 08:00:00,-0.5604398796370498
2013-11-09 09:00:00,0.06720597248685192
2013-11-09 10:00:00,0.9276491286002352
2013-11-09 11:00:00,0.0
2013-11-09 12:00:00,0.8501015538981175
2013-11-09 13:00:00,0.8811205837789682
2013-11-09 14:00:00,0.7933192101627461
2013-11-09 15:00:00,0.679548416181175
2013-11-09 16:00:00,0.8345405123299849
2013-11-09 17:00:00,0.7158231620883376
2013-11-09 18:00:00,1.0413168693263943
2013-11-09 19:00:00,0.0
2013-11-09 20:00:00,1.020603164987355
2013-11-09 21:00:00,0.8811205837789682
2013-11-09 22:00:00,0.5762890542522422
2013-11-09 23:00:00,0.0
2013-11-10 00:00:00,0.0
2013-11-10 01:00:00,-1.282276407213094
2013-11-10 02:00:00,-1.3081427743230374
2013-11-10 03:00:00,-1.3905853786575115
2013-11-10 04:00:00,-1.411247556368842
2013-11-10 05:00:00,0.0
2013-11-10 06:00:00,0.0
2013-11-10 07:00:00,-0.586203193491578
2013-11-10 08:00:00,0.0
2013-11-10 09:00:00,0.0
2013-11-10 10:00:00,0.8759163943803482
2013-11-10 11:00:00,0.0
2013-11-10 12:00:00,0.0
2013-11-10 13:00:00,1.0722843725795281
2013-11-10 14:00:00,0.0
2013-11-10 15:00:00,0.0
2013-11-10 16:00:00,0.6951094577493013
2013-11-10 17:00:00,0.7829623579932291
2013-11-10 18:00:00,0.0
2013-11-10 19:00:00,0.0
2013-11-10 20:00:00,0.0
2013-11-10 21:00:00,0.8656110688385413
2013-11-10 22:00:00,0.0
2013-11-10 23:00:00,-0.7408861298741377
2013-11-11 00:00:00,-1.2410551050458551
2013-11-11 01:00:00,0.0
2013-11-11 02:00:00,-1.359617875404374
2013-11-11 03:00:00,-1.416400219139749
2013-11-11 04:00:00,-1.4008907041993188
2013-11-11 05:00:00,-1.4319097340801692
2013-11-11 06:00:00,-1.2513604305876658
2013-11-11 07:00:00,-0.6686973244537613
2013-11-11 08:00:00,0.0
2013-11-11 09:00:00,0.12383373633909205
2013-11-11 10:00:00,0.0
2013-11-11 11:00:00,0.7880634941364273
2013-11-11 12:00:00,0.9069354242611951
2013-11-11 13:00:00,0.0
2013-11-11 14:00:00,0.0
2013-11-11 15:00:00,0.7363822865442526
2013-11-11 16:00:00,0.6899567949784007
2013-11-11 17:00:00,0.7415864759428659
2013-11-11 18:00:00,0.7622486536541928
2013-11-11 19:00:00,0.968973484022886
2013-11-11 20:00:00,0.9482597796838497
2013-11-11 21:00:00,0.0
2013-11-11 22:00:00,0.571084864853629
2013-11-11 23:00:00,-0.5552872168661463
2013-11-12 00:00:00,-1.2719710816712868
2013-11-12 01:00:00,0.0
2013-11-12 02:00:00,0.0
2013-11-12 03:00:00,-1.2565130933585693
2013-11-12 04:00:00,0.0
2013-11-12 05:00:00,-1.339058750948469
2013-11-12 06:00:00,0.0
2013-11-12 07:00:00,-0.40060428048359314
2013-11-12 08:00:00,-0.43157178373672733
2013-11-12 09:00:00,0.0
2013-11-12 10:00:00,0.5349646988295845
2013-11-12 11:00:00,0.7726055058237098
2013-11-12 12:00:00,0.813878334618658
2013-11-12 13:00:00,0.7312296237733458
2013-11-12 14:00:00,0.6434282501571306
2013-11-12 15:00:00,0.0
2013-11-12 16:00:00,0.0
2013-11-12 17:00:00,0.0
2013-11-12 18:00:00,0.0
2013-11-12 19:00:00,0.0
2013-11-12 20:00:00,0.9534124424547565
2013-11-12 21:00:00,0.6951094577493044
2013-11-12 22:00:00,0.0
2013-11-12 23:00:00,0.0
2013-11-13 00:00:00,-1.1894769507091032
2013-11-13 01:00:00,0.0
2013-11-13 02:00:00,-1.1997822762509105
2013-11-13 03:00:00,-1.2719710816712835
2013-11-13 04:00:00,-1.3236007626357484
2013-11-13 05:00:00,-1.246207767816762
2013-11-13 06:00:00,0.0
2013-11-13 07:00:00,-0.5294208497562063
2013-11-13 08:00:00,-0.24592134410103003
2013-11-13 09:00:00,0.0
2013-11-13 10:00:00,0.0
2013-11-13 11:00:00,0.0
2013-11-13 12:00:00,0.9069354242611951
2013-11-13 13:00:00,0.0
2013-11-13 14:00:00,0.0
2013-11-13 15:00:00,0.5659322020827221
2013-11-13 16:00:00,0.0
2013-11-13 17:00:00,0.5555753499132021
2013-11-13 18:00:00,0.0
2013-11-13 19:00:00,0.8811721104066738
2013-11-13 20:00:00,0.0
2013-11-13 21:00:00,0.0
2013-11-13 22:00:00,0.5556268765409115
2013-11-13 23:00:00,-0.7254796681891296
2013-11-14 00:00:00,0.0
2013-11-14 01:00:00,-1.3648735914306998
2013-11-14 02:00:00,-1.3802800531157042
2013-11-14 03:00:00,0.0
2013-11-14 04:00:00,0.0
2013-11-14 05:00:00,-1.4422150596219798
2013-11-14 06:00:00,0.0
2013-11-14 07:00:00,0.0
2013-11-14 08:00:00,-0.4161137954240132
2013-11-14 09:00:00,0.0
2013-11-14 10:00:00,0.3747168866544456
2013-11-14 11:00:00,0.0
2013-11-14 12:00:00,0.0
2013-11-14 13:00:00,0.7312296237733458
2013-11-14 14:00:00,0.726076961002442
2013-11-14 15:00:00,0.5813901903954358
2013-11-14 16:00:00,0.6485809129280374
2013-11-14 17:00:00,0.0
2013-11-14 18:00:00,0.7984203463059436
2013-11-14 19:00:00,0.9947883245051243
2013-11-14 20:00:00,0.912088087032102
2013-11-14 21:00:00,0.8242867134158837
2013-11-14 22:00:00,0.5659322020827221
2013-11-14 23:00:00,-0.6842068393941851
2013-11-15 00:00:00,0.0
2013-11-15 01:00:00,-1.3338030349221432
2013-11-15 02:00:00,-1.3854327158866113
2013-11-15 03:00:00,-1.4473677223928867
2013-11-15 04:00:00,0.0
2013-11-15 05:00:00,-1.5195050011855469
2013-11-15 06:00:00,-1.3184480998648478
2013-11-15 07:00:00,0.0
2013-11-15 08:00:00,-0.6069168978306143
2013-11-15 09:00:00,0.0
2013-11-15 10:00:00,0.0
2013-11-15 11:00:00,0.0
2013-11-15 12:00:00,0.7415864759428651
2013-11-15 13:00:00,0.7002621205202113
2013-11-15 14:00:00,0.0
2013-11-15 15:00:00,0.0
2013-11-15 16:00:00,0.0
2013-11-15 17:00:00,0.6537851023266468
2013-11-15 18:00:00,0.0
2013-11-15 19:00:00,0.0
2013-11-15 20:00:00,0.0
2013-11-15 21:00:00,0.767452843052806
2013-11-15 22:00:00,0.0
2013-11-15 23:00:00,-0.7770062958981792
2013-11-16 00:00:00,-1.3493125498625667
2013-11-16 01:00:00,-1.3390072243207563
2013-11-16 02:00:00,0.0
2013-11-16 03:00:00,-1.4525203851637902
2013-11-16 04:00:00,-1.4731310362474113
2013-11-16 05:00:00,-1.4473677223928867
2013-11-16 06:00:00,-0.9110785811971178
2013-11-16 07:00:00,-0.5140143880711981
2013-11-16 08:00:00,0.0
2013-11-16 09:00:00,0.22214654200795592
2013-11-16 10:00:00,0.0
2013-11-16 11:00:00,0.8914774359484845
2013-11-16 12:00:00,0.0
2013-11-16 13:00:00,0.8294393761867905
2013-11-16 14:00:00,0.0
2013-11-16 15:00:00,0.5194036572614482
2013-11-16 16:00:00,0.0
2013-11-16 17:00:00,0.4729266390678937
2013-11-16 18:00:00,0.0
2013-11-16 19:00:00,0.912088087032102
2013-11-16 20:00:00,1.020551638359645
2013-11-16 21:00:00,0.0
2013-11-16 22:00:00,0.617613409674893
2013-11-16 23:00:00,0.0
2013-11-17 00:00:00,-1.292633259382614
2013-11-17 01:00:00,0.0
2013-11-17 02:00:00,-1.4267055446815562
2013-11-17 03:00:00,-1.4885890245601185
2013-11-17 04:00:00,0.0
2013-11-17 05:00:00,-1.5298103267273608
2013-11-17 06:00:00,0.0
2013-11-17 07:00:00,-0.6377813478283301
2013-11-17 08:00:00,-0.6686973244537647
2013-11-17 09:00:00,0.0
2013-11-17 10:00:00,0.0
2013-11-17 11:00:00,0.0
2013-11-17 12:00:00,0.8501015538981181
2013-11-17 13:00:00,0.891425909320772
2013-11-17 14:00:00,0.5142509944905445
2013-11-17 15:00:00,0.0
2013-11-17 16:00:00,0.6434797767848399
2013-11-17 17:00:00,0.6279187352167067
2013-11-17 18:00:00,0.7777581685946128
2013-11-17 19:00:00,0.8811205837789682
2013-11-17 20:00:00,0.8656110688385443
2013-11-17 21:00:00,0.7364338131719582
2013-11-17 22:00:00,0.5917470425649559
2013-11-17 23:00:00,0.0
2013-11-18 00:00:00,0.0
2013-11-18 01:00:00,-1.416400219139749
2013-11-18 02:00:00,-1.4628257107055973
2013-11-18 03:00:00,-1.5143523384146467
2013-11-18 04:00:00,-1.5350145161259752
2013-11-18 05:00:00,-1.5813369544364066
2013-11-18 06:00:00,0.0
2013-11-18 07:00:00,0.0
2013-11-18 08:00:00,-0.5707452051788605
2013-11-18 09:00:00,0.170104648021819
2013-11-18 10:00:00,0.0
2013-11-18 11:00:00,0.0
2013-11-18 12:00:00,0.6227660724457998
2013-11-18 13:00:00,0.6330713979876105
2013-11-18 14:00:00,0.5194036572614513
2013-11-18 15:00:00,0.0
2013-11-18 16:00:00,0.6951609843770108
2013-11-18 17:00:00,0.48838462738060434
2013-11-18 18:00:00,0.7364853397996683
2013-11-18 19:00:00,0.0
2013-11-18 20:00:00,0.901782761490292
2013-11-18 21:00:00,0.726076961002442
2013-11-18 22:00:00,0.0
2013-11-18 23:00:00,-0.7357849937309437
2013-11-19 00:00:00,-1.4060948935979385
2013-11-19 01:00:00,-1.4318582074524597
2013-11-19 02:00:00,0.0
2013-11-19 03:00:00,0.0
2013-11-19 04:00:00,0.0
2013-11-19 05:00:00,-1.5091481490160301
2013-11-19 06:00:00,-1.112187009145533
2013-11-19 07:00:00,0.0
2013-11-19 08:00:00,0.0
2013-11-19 09:00:00,0.0311888597182297
2013-11-19 10:00:00,0.6021038947344729
2013-11-19 11:00:00,0.0
2013-11-19 12:00:00,0.571084864853629
2013-11-19 13:00:00,0.6537851023266507
2013-11-19 14:00:00,0.0
2013-11-19 15:00:00,0.0
2013-11-19 16:00:00,0.5194036572614513
2013-11-19 17:00:00,0.48328349123740993
2013-11-19 18:00:00,0.6588862384698443
2013-11-19 19:00:00,0.7933192101627491
2013-11-19 20:00:00,0.8139298612463667
2013-11-19 21:00:00,0.0
2013-11-19 22:00:00,0.4263980942466198
2013-11-19 23:00:00,-0.6377813478283331
2013-11-20 00:00:00,-1.339058750948469
2013-11-20 01:00:00,-1.4782836990183117
2013-11-20 02:00:00,-1.4267055446815562
2013-11-20 03:00:00,0.0
2013-11-20 04:00:00,0.0
2013-11-20 05:00:00,-1.4937416873310254
2013-11-20 06:00:00,0.0
2013-11-20 07:00:00,-0.7615483075854647
2013-11-20 08:00:00,0.0
2013-11-20 09:00:00,-0.21325346213349405
2013-11-20 10:00:00,0.6899567949783976
2013-11-20 11:00:00,0.6950579311215951
2013-11-20 12:00:00,0.5969512319635691
2013-11-20 13:00:00,0.5349646988295845
2013-11-20 14:00:00,0.6124092202762866
2013-11-20 15:00:00,0.0
2013-11-20 16:00:00,0.48328349123741376
2013-11-20 17:00:00,0.0
2013-11-20 18:00:00,0.7467906653414752
2013-11-20 19:00:00,0.9586166318533728
2013-11-20 20:00:00,0.9741261467937967
2013-11-20 21:00:00,0.0
2013-11-20 22:00:00,0.0
2013-11-20 23:00:00,-0.7391342245320304
2013-11-21 00:00:00,0.0
2013-11-21 01:00:00,0.0
2013-11-21 02:00:00,-1.5968464693768305
2013-11-21 03:00:00,-1.5916938066059279
2013-11-21 04:00:00,-1.6226613098590659
2013-11-21 05:00:00,-1.627813972629968
2013-11-21 06:00:00,0.0
2013-11-21 07:00:00,0.0
2013-11-21 08:00:00,-0.6687488510814706
2013-11-21 09:00:00,0.0
2013-11-21 10:00:00,0.4126920112760162
2013-11-21 11:00:00,0.8759679210080613
2013-11-21 12:00:00,0.7830138846209385
2013-11-21 13:00:00,0.0
2013-11-21 14:00:00,0.6330713979876105
2013-11-21 15:00:00,0.6072050308776665
2013-11-21 16:00:00,0.8655595422108319
2013-11-21 17:00:00,0.5659322020827183
2013-11-21 18:00:00,0.0
2013-11-21 19:00:00,1.0050936500469305
2013-11-21 20:00:00,0.9895841351065073
2013-11-21 21:00:00,0.0
2013-11-21 22:00:00,0.5607280126841059
2013-11-21 23:00:00,0.0
2013-11-22 00:00:00,0.0
2013-11-22 01:00:00,0.0
2013-11-22 02:00:00,0.0
2013-11-22 03:00:00,-1.4628257107056009
2013-11-22 04:00:00,-1.540115652269168
2013-11-22 05:00:00,-1.4782836990183148
2013-11-22 06:00:00,0.0
2013-11-22 07:00:00,-0.6171706967447156
2013-11-22 08:00:00,-0.5140143880712016
2013-11-22 09:00:00,0.4594781892358309
2013-11-22 10:00:00,0.8707637316094482
2013-11-22 11:00:00,0.7364338131719582
2013-11-22 12:00:00,0.7363822865442496
2013-11-22 13:00:00,0.0
2013-11-22 14:00:00,0.6330713979876105
2013-11-22 15:00:00,0.0
2013-11-22 16:00:00,0.6434282501571336
2013-11-22 17:00:00,0.6589377650975506
2013-11-22 18:00:00,0.0
2013-11-22 19:00:00,1.0361642065554875
2013-11-22 20:00:00,0.0
2013-11-22 21:00:00,1.0051451766746435
2013-11-22 22:00:00,0.0
2013-11-22 23:00:00,0.0
2013-11-23 00:00:00,0.0
2013-11-23 01:00:00,0.0
2013-11-23 02:00:00,-1.4988943501019294
2013-11-23 03:00:00,0.0
2013-11-23 04:00:00,-1.61750864708816
2013-11-23 05:00:00,-1.6071002682909312
2013-11-23 06:00:00,0.0
2013-11-23 07:00:00,0.0
2013-11-23 08:00:00,0.0
2013-11-23 09:00:00,0.18592332272849882
2013-11-23 10:00:00,1.0102978394455444
2013-11-23 11:00:00,0.9586166318533728
2013-11-23 12:00:00,0.8656110688385413
2013-11-23 13:00:00,0.9688704307674703
2013-11-23 14:00:00,0.6537335756989374
2013-11-23 15:00:00,0.6434282501571298
2013-11-23 16:00:00,0.0
2013-11-23 17:00:00,0.5917470425649567
2013-11-23 18:00:00,0.9534124424547565
2013-11-23 19:00:00,1.0568263842668144
2013-11-23 20:00:00,0.8862732465498682
2013-11-23 21:00:00,0.7778096952223222
2013-11-23 22:00:00,0.8345920389576943
2013-11-23 23:00:00,-0.9007217290276047
2013-11-24 00:00:00,-1.4473677223928831
2013-11-24 01:00:00,-1.467978373476501
2013-11-24 02:00:00,0.0
2013-11-24 03:00:00,0.0
2013-11-24 04:00:00,-1.5658789661236925
2013-11-24 05:00:00,-1.560726303352789
2013-11-24 06:00:00,0.0
2013-11-24 07:00:00,0.0
2013-11-24 08:00:00,0.0
2013-11-24 09:00:00,0.05179951080184722
2013-11-24 10:00:00,0.0
2013-11-24 11:00:00,0.0
2013-11-24 12:00:00,0.7984203463059466
2013-11-24 13:00:00,0.7932676835350397
2013-11-24 14:00:00,0.5659322020827221
2013-11-24 15:00:00,0.6743957534102644
2013-11-24 16:00:00,0.0
2013-11-24 17:00:00,0.586594379794046
2013-11-24 18:00:00,0.7881150207641329
2013-11-24 19:00:00,0.9379544541420459
2013-11-24 20:00:00,0.8656110688385374
2013-11-24 21:00:00,0.6485809129280335
2013-11-24 22:00:00,0.0
2013-11-24 23:00:00,0.0
2013-11-25 00:00:00,-1.4216044085383621
2013-11-25 01:00:00,-1.4937416873310254
2013-11-25 02:00:00,-1.4628257107056009
2013-11-25 03:00:00,0.0
2013-11-25 04:00:00,0.0
2013-11-25 05:00:00,0.0
2013-11-25 06:00:00,0.0
2013-11-25 07:00:00,-0.7151228160196096
2013-11-25 08:00:00,0.0
2013-11-25 09:00:00,0.15505887273078
2013-11-25 10:00:00,0.0
2013-11-25 11:00:00,0.0
2013-11-25 12:00:00,0.560728012684109
2013-11-25 13:00:00,0.5090983317196414
2013-11-25 14:00:00,0.0
2013-11-25 15:00:00,0.4453083666158428
2013-11-25 16:00:00,0.5349131722018783
2013-11-25 17:00:00,0.0
2013-11-25 18:00:00,0.6692430906393644
2013-11-25 19:00:00,0.0
2013-11-25 20:00:00,0.932801791371139
2013-11-25 21:00:00,0.0
2013-11-25 22:00:00,0.0
2013-11-25 23:00:00,-0.6429855372269494
2013-11-26 00:00:00,-1.2462077678167656
2013-11-26 01:00:00,-1.2617172827571859
2013-11-26 02:00:00,-1.282327933840807
2013-11-26 03:00:00,-1.3751789169725102
2013-11-26 04:00:00,-1.3751273903447976
2013-11-26 05:00:00,0.0
2013-11-26 06:00:00,-1.2101391284204304
2013-11-26 07:00:00,0.0
2013-11-26 08:00:00,0.0
2013-11-26 09:00:00,0.0
2013-11-26 10:00:00,0.3421520579423287
2013-11-26 11:00:00,0.8345920389576943
2013-11-26 12:00:00,0.7415864759428621
2013-11-26 13:00:00,0.0
2013-11-26 14:00:00,0.0
2013-11-26 15:00:00,0.431602283645233
2013-11-26 16:00:00,0.5710333382259158
2013-11-26 17:00:00,0.4987414795501275
2013-11-26 18:00:00,0.7623001802819022
2013-11-26 19:00:00,0.8552542166690243
2013-11-26 20:00:00,0.0
2013-11-26 21:00:00,0.6536820490712318
2013-11-26 22:00:00,0.0
2013-11-26 23:00:00,-0.9935727121593046
2013-11-27 00:00:00,0.0
2013-11-27 01:00:00,-1.607151794918641
2013-11-27 02:00:00,-1.6072033215463482
2013-11-27 03:00:00,-1.6278139726299685
2013-11-27 04:00:00,0.0
2013-11-27 05:00:00,-1.6690352747972073
2013-11-27 06:00:00,-1.5298103267273622
2013-11-27 07:00:00,0.0
2013-11-27 08:00:00,0.0
2013-11-27 09:00:00,0.0
2013-11-27 10:00:00,0.5745371489101344
2013-11-27 11:00:00,1.02585888101368
2013-11-27 12:00:00,1.0257558277582581
2013-11-27 13:00:00,1.067131709808625
2013-11-27 14:00:00,0.0
2013-11-27 15:00:00,0.5504226871422983
2013-11-27 16:00:00,0.45741712412746677
2013-11-27 17:00:00,0.0
2013-11-27 18:00:00,0.8294393761867943
2013-11-27 19:00:00,0.7363822865442489
2013-11-27 20:00:00,0.8397447017286012
2013-11-27 21:00:00,0.8294393761867905
2013-11-27 22:00:00,0.4780793018387975
2013-11-27 23:00:00,-0.8440424385476517
2013-11-28 00:00:00,-1.5195050011855502
2013-11-28 01:00:00,-1.6072033215463484
2013-11-28 02:00:00,-1.643323487570392
2013-11-28 03:00:00,0.0
2013-11-28 04:00:00,-1.6432719609426822
2013-11-28 05:00:00,-1.6638826120263024
2013-11-28 06:00:00,0.0
2013-11-28 07:00:00,-0.7873116214399895
2013-11-28 08:00:00,-0.6377813478283331
2013-11-28 09:00:00,-0.23381258658940257
2013-11-28 10:00:00,0.0
2013-11-28 11:00:00,0.0
2013-11-28 12:00:00,0.0
2013-11-28 13:00:00,0.0
2013-11-28 14:00:00,0.586594379794049
2013-11-28 15:00:00,0.0
2013-11-28 16:00:00,0.5814417170231461
2013-11-28 17:00:00,0.0
2013-11-28 18:00:00,0.7209242982315351
2013-11-28 19:00:00,0.8035730090768504
2013-11-28 20:00:00,0.9586166318533728
2013-11-28 21:00:00,0.7726055058237159
2013-11-28 22:00:00,0.47297816569560003
2013-11-28 23:00:00,-0.9677578716770708
2013-11-29 00:00:00,-1.493741687331029
2013-11-29 01:00:00,-1.6122529310618348
2013-11-29 02:00:00,0.0
2013-11-29 03:00:00,-1.6793921269667247
2013-11-29 04:00:00,-1.643220434314975
2013-11-29 05:00:00,-1.669086801424917
2013-11-29 06:00:00,0.0
2013-11-29 07:00:00,-0.7512429820436578
2013-11-29 08:00:00,-1.1688662996254848
2013-11-29 09:00:00,0.07246168851317451
2013-11-29 10:00:00,0.7312296237733458
2013-11-29 11:00:00,0.0
2013-11-29 12:00:00,0.0
2013-11-29 13:00:00,0.0
2013-11-29 14:00:00,0.0
2013-11-29 15:00:00,0.0
2013-11-29 16:00:00,0.782962357993226
2013-11-29 17:00:00,0.7467391387137658
2013-11-29 18:00:00,1.0051451766746435
2013-11-29 19:00:00,0.9327502647434296
2013-11-29 20:00:00,1.1187613907730933
2013-11-29 21:00:00,0.9172922764307152
2013-11-29 22:00:00,0.0
2013-11-29 23:00:00,0.0
2013-11-30 00:00:00,0.0
2013-11-30 01:00:00,-1.524657663956454
2013-11-30 02:00:00,-1.5968464693768292
2013-11-30 03:00:00,0.0
2013-11-30 04:00:00,0.0
2013-11-30 05:00:00,-1.6793921269667242
2013-11-30 06:00:00,-1.375178916972507
2013-11-30 07:00:00,0.0
2013-11-30 08:00:00,-0.37484096662906535
2013-11-30 09:00:00,0.6369874216934973
2013-11-30 10:00:00,1.2428375102964753
2013-11-30 11:00:00,0.0
2013-11-30 12:00:00,0.9586166318533728
2013-11-30 13:00:00,0.7725539791959997
2013-11-30 14:00:00,0.8242867134158905
2013-11-30 15:00:00,0.8191340506449768
2013-11-30 16:00:00,0.0
2013-11-30 17:00:00,0.8552542166690212
2013-11-30 18:00:00,0.8139298612463705
2013-11-30 19:00:00,1.1343224323412229
2013-11-30 20:00:00,1.082641224749049
2013-11-30 21:00:00,0.8036245357045559
2013-11-30 22:00:00,0.5297605094309683
2013-11-30 23:00:00,0.0
2013-12-01 00:00:00,-1.411247556368842
2013-12-01 01:00:00,-1.4988943501019325
2013-12-01 02:00:00,-1.4628257107056009
2013-12-01 03:00:00,0.0
2013-12-01 04:00:00,-1.5091996756437398
2013-12-01 05:00:00,0.0
2013-12-01 06:00:00,0.0
2013-12-01 07:00:00,0.0
2013-12-01 08:00:00,0.0
2013-12-01 09:00:00,0.1395493577903569
2013-12-01 10:00:00,0.6899567949783976
2013-12-01 11:00:00,0.0
2013-12-01 12:00:00,1.16534146222207
2013-12-01 13:00:00,0.8966300987193883
2013-12-01 14:00:00,0.6434282501571298
2013-12-01 15:00:00,0.6692430906393644
2013-12-01 16:00:00,0.7364338131719582
2013-12-01 17:00:00,0.6589377650975544
2013-12-01 18:00:00,0.0
2013-12-01 19:00:00,0.0
2013-12-01 20:00:00,0.0
2013-12-01 21:00:00,0.7312811504010582
2013-12-01 22:00:00,0.5813901903954397
2013-12-01 23:00:00,-0.7151743426473193
2013-12-02 00:00:00,-1.5040985395005444
2013-12-02 01:00:00,-1.5452683150400717
2013-12-02 02:00:00,0.0
2013-12-02 03:00:00,-1.607203321546347
2013-12-02 04:00:00,0.0
2013-12-02 05:00:00,-1.6123044576895447
2013-12-02 06:00:00,0.0
2013-12-02 07:00:00,-0.8491435746908461
2013-12-02 08:00:00,-0.5346250391548191
2013-12-02 09:00:00,0.27367316971700467
2013-12-02 10:00:00,0.0
2013-12-02 11:00:00,0.875916394380352
2013-12-02 12:00:00,0.6485809129280374
2013-12-02 13:00:00,0.6279702618444161
2013-12-02 14:00:00,0.0
2013-12-02 15:00:00,0.0
2013-12-02 16:00:00,0.5556268765409146
2013-12-02 17:00:00,0.5503711605145927
2013-12-02 18:00:00,0.6382755873862268
2013-12-02 19:00:00,0.0
2013-12-02 20:00:00,0.0
2013-12-02 21:00:00,0.7777581685946167
2013-12-02 22:00:00,0.0
2013-12-02 23:00:00,0.0
2013-12-03 00:00:00,-1.4628257107056009
2013-12-03 01:00:00,0.0
2013-12-03 02:00:00,-1.5710316288945994
2013-12-03 03:00:00,0.0
2013-12-03 04:00:00,-1.6741879375681108
2013-12-03 05:00:00,-1.6587814758831063
2013-12-03 06:00:00,-1.4730795096196987
2013-12-03 07:00:00,-0.9729105344479743
2013-12-03 08:00:00,-0.4625392869898653
2013-12-03 09:00:00,0.14980315670445438
2013-12-03 10:00:00,0.6899567949783976
2013-12-03 11:00:00,0.932801791371139
2013-12-03 12:00:00,0.7881150207641329
2013-12-03 13:00:00,0.0
2013-12-03 14:00:00,0.0
2013-12-03 15:00:00,0.560728012684109
2013-12-03 16:00:00,0.0
2013-12-03 17:00:00,0.5607280126841059
2013-12-03 18:00:00,0.6640904278684575
2013-12-03 19:00:00,1.0516221948682012
2013-12-03 20:00:00,1.0257558277582581
2013-12-03 21:00:00,0.8552542166690212
2013-12-03 22:00:00,0.6640904278684536
2013-12-03 23:00:00,0.0
2013-12-04 00:00:00,0.0
2013-12-04 01:00:00,-1.4679783734765044
2013-12-04 02:00:00,-1.5040470128728394
2013-12-04 03:00:00,-1.607151794918642
2013-12-04 04:00:00,-1.6587299492553975
2013-12-04 05:00:00,-1.6638826120263002
2013-12-04 06:00:00,-1.5864896172073135
2013-12-04 07:00:00,-0.9781147238465909
2013-12-04 08:00:00,0.0
2013-12-04 09:00:00,0.09791584260144255
2013-12-04 10:00:00,0.46777397629698686
2013-12-04 11:00:00,0.0
2013-12-04 12:00:00,0.0
2013-12-04 13:00:00,0.7829623579932291
2013-12-04 14:00:00,0.560728012684112
2013-12-04 15:00:00,0.4970411008357268
2013-12-04 16:00:00,0.6330713979876105
2013-12-04 17:00:00,0.5762890542522392
2013-12-04 18:00:00,0.0
2013-12-04 19:00:00,0.0
2013-12-04 20:00:00,0.9948398511328368
2013-12-04 21:00:00,0.0
2013-12-04 22:00:00,0.5452700243713953
2013-12-04 23:00:00,-0.6893595021650886
2013-12-05 00:00:00,0.0
2013-12-05 01:00:00,-1.313192383838522
2013-12-05 02:00:00,0.0
2013-12-05 03:00:00,0.0
2013-12-05 04:00:00,-1.5091996756437396
2013-12-05 05:00:00,-1.6432204343149737
2013-12-05 06:00:00,-1.4524688585360808
2013-12-05 07:00:00,0.0
2013-12-05 08:00:00,-0.5811020573483805
2013-12-05 09:00:00,0.2632647909197756
2013-12-05 10:00:00,0.6692430906393575
2013-12-05 11:00:00,0.8036245357045559
2013-12-05 12:00:00,0.0
2013-12-05 13:00:00,0.0
2013-12-05 14:00:00,0.0
2013-12-05 15:00:00,0.5762890542522422
2013-12-05 16:00:00,0.0
2013-12-05 17:00:00,0.0
2013-12-05 18:00:00,0.8087771984754628
2013-12-05 19:00:00,0.963820821251986
2013-12-05 20:00:00,0.9224964658293283
2013-12-05 21:00:00,0.8087771984754598
2013-12-05 22:00:00,0.0
2013-12-05 23:00:00,-0.7924642842108932
2013-12-06 00:00:00,-1.4112475563688456
2013-12-06 01:00:00,-1.4833848351615055
2013-12-06 02:00:00,0.0
2013-12-06 03:00:00,-1.555573640581882
2013-12-06 04:00:00,-1.571083155522308
2013-12-06 05:00:00,-1.6226097832313529
2013-12-06 06:00:00,-1.4576215213069843
2013-12-06 07:00:00,-0.7976169469818001
2013-12-06 08:00:00,-0.5707452051788635
2013-12-06 09:00:00,0.19607406838717442
2013-12-06 10:00:00,0.6227660724457998
2013-12-06 11:00:00,0.0
2013-12-06 12:00:00,0.7622486536541928
2013-12-06 13:00:00,0.5917470425649529
2013-12-06 14:00:00,0.6795999428088775
2013-12-06 15:00:00,0.0
2013-12-06 16:00:00,0.540065834972782
2013-12-06 17:00:00,0.5762890542522422
2013-12-06 18:00:00,1.4081864586148114
2013-12-06 19:00:00,2.090192902971765
2013-12-06 20:00:00,0.0
2013-12-06 21:00:00,0.0
2013-12-06 22:00:00,0.6123576936485773
2013-12-06 23:00:00,-0.7305808043323271
2013-12-07 00:00:00,-1.416400219139749
2013-12-07 01:00:00,-1.4679783734765044
2013-12-07 02:00:00,-1.4782836990183115
2013-12-07 03:00:00,0.0
2013-12-07 04:00:00,-1.5143523384146467
2013-12-07 05:00:00,0.0
2013-12-07 06:00:00,-1.2771752710698998
2013-12-07 07:00:00,0.0
2013-12-07 08:00:00,0.6589377650975506
2013-12-07 09:00:00,0.0
2013-12-07 10:00:00,0.0
2013-12-07 11:00:00,0.9741261467937967
2013-12-07 12:00:00,0.8707637316094451
2013-12-07 13:00:00,0.0
2013-12-07 14:00:00,0.8139813878740768
2013-12-07 15:00:00,0.6485809129280374
2013-12-07 16:00:00,0.6279187352167067
2013-12-07 17:00:00,0.0
2013-12-07 18:00:00,0.0
2013-12-07 19:00:00,0.0
2013-12-07 20:00:00,2.048817020921395
2013-12-07 21:00:00,1.6923558104302066
2013-12-07 22:00:00,0.6640904278684575
2013-12-07 23:00:00,0.0
2013-12-08 00:00:00,-1.45252038516379
2013-12-08 01:00:00,-1.4679783734765044
2013-12-08 02:00:00,-1.5195050011855502
2013-12-08 03:00:00,0.0
2013-12-08 04:00:00,-1.5813369544364066
2013-12-08 05:00:00,-1.6019476055200244
2013-12-08 06:00:00,-1.282327933840807
2013-12-08 07:00:00,0.0
2013-12-08 08:00:00,0.49874147955012443
2013-12-08 09:00:00,0.0
2013-12-08 10:00:00,1.5838922591026645
2013-12-08 11:00:00,0.0
2013-12-08 12:00:00,0.0
2013-12-08 13:00:00,0.0
2013-12-08 14:00:00,0.0
2013-12-08 15:00:00,0.5504742137700077
2013-12-08 16:00:00,0.7106704993174339
2013-12-08 17:00:00,0.0
2013-12-08 18:00:00,0.0
2013-12-08 19:00:00,1.7388328286237642
2013-12-08 20:00:00,0.0
2013-12-08 21:00:00,0.0
2013-12-08 22:00:00,0.4315507570175232
2013-12-08 23:00:00,-0.6326286850574262
2013-12-09 00:00:00,0.0
2013-12-09 01:00:00,-1.4164002191397456
2013-12-09 02:00:00,-1.5607263033527923
2013-12-09 03:00:00,-1.6329666354008743
2013-12-09 04:00:00,0.0
2013-12-09 05:00:00,-1.6587299492553989
2013-12-09 06:00:00,0.0
2013-12-09 07:00:00,-0.7667009703563684
2013-12-09 08:00:00,0.6847526055797882
2013-12-09 09:00:00,1.3547533456805265
2013-12-09 10:00:00,0.0
2013-12-09 11:00:00,0.0
2013-12-09 12:00:00,0.7106189726897314
2013-12-09 13:00:00,0.0
2013-12-09 14:00:00,0.7518918014846697
2013-12-09 15:00:00,0.560728012684109
2013-12-09 16:00:00,0.48843615400831375
2013-12-09 17:00:00,1.3409957360822098
2013-12-09 18:00:00,1.7337316924805706
2013-12-09 19:00:00,1.7957182256145552
2013-12-09 20:00:00,1.8318383916386003
2013-12-09 21:00:00,1.6561325911507465
2013-12-09 22:00:00,0.571084864853629
2013-12-09 23:00:00,0.0
2013-12-10 00:00:00,-1.4319097340801725
2013-12-10 01:00:00,-1.5349629894982677
2013-12-10 02:00:00,-1.5658789661236925
2013-12-10 03:00:00,-1.5658789661236925
2013-12-10 04:00:00,-1.6226613098590659
2013-12-10 05:00:00,0.0
2013-12-10 06:00:00,0.0
2013-12-10 07:00:00,0.0
2013-12-10 08:00:00,0.3714707091087777
2013-12-10 09:00:00,0.0
2013-12-10 10:00:00,1.273805013549612
2013-12-10 11:00:00,0.8862732465498682
2013-12-10 12:00:00,0.0
2013-12-10 13:00:00,0.0
2013-12-10 14:00:00,0.0
2013-12-10 15:00:00,0.540065834972782
2013-12-10 16:00:00,0.0
2013-12-10 17:00:00,0.0
2013-12-10 18:00:00,0.0
2013-12-10 19:00:00,1.614859762355802
2013-12-10 20:00:00,1.8318899182663029
2013-12-10 21:00:00,0.0
2013-12-10 22:00:00,0.560728012684109
2013-12-10 23:00:00,-0.8388382491490355
2013-12-11 00:00:00,0.0
2013-12-11 01:00:00,0.0
2013-12-11 02:00:00,-1.550420977810975
2013-12-11 03:00:00,-1.5401156522691677
2013-12-11 04:00:00,-1.5813369544364066
2013-12-11 05:00:00,-1.5659304927513988
2013-12-11 06:00:00,0.0
2013-12-11 07:00:00,0.0
2013-12-11 08:00:00,0.5917470425649529
2013-12-11 09:00:00,0.0
2013-12-11 10:00:00,0.0
2013-12-11 11:00:00,0.0
2013-12-11 12:00:00,0.0
2013-12-11 13:00:00,0.0
2013-12-11 14:00:00,0.0
2013-12-11 15:00:00,0.0
2013-12-11 16:00:00,0.37306803456775695
2013-12-11 17:00:00,0.0
2013-12-11 18:00:00,1.392625417046678
2013-12-11 19:00:00,1.6975084732011103
2013-12-11 20:00:00,1.3667590499367341
2013-12-11 21:00:00,0.0
2013-12-11 22:00:00,0.39022640159486904
2013-12-11 23:00:00,-0.8698057524021731
2013-12-12 00:00:00,0.0
2013-12-12 01:00:00,-1.488589024560122
2013-12-12 02:00:00,0.0
2013-12-12 03:00:00,-1.5040470128728363
2013-12-12 04:00:00,-1.5040470128728363
2013-12-12 05:00:00,-1.5040470128728363
2013-12-12 06:00:00,0.0
2013-12-12 07:00:00,-0.7614967809577522
2013-12-12 08:00:00,0.0
2013-12-12 09:00:00,0.0
2013-12-12 10:00:00,0.0
2013-12-12 11:00:00,0.8191340506449799
2013-12-12 12:00:00,0.6021038947344729
2013-12-12 13:00:00,0.5038941423210282
2013-12-12 14:00:00,0.5917985691926623
2013-12-12 15:00:00,0.6020523681067635
2013-12-12 16:00:00,0.5039456689487376
2013-12-12 17:00:00,0.5452184977436828
2013-12-12 18:00:00,0.0
2013-12-12 19:00:00,0.937954454142042
2013-12-12 20:00:00,0.0
2013-12-12 21:00:00,0.0
2013-12-12 22:00:00,0.0
2013-12-12 23:00:00,-0.7305808043323271
2013-12-13 00:00:00,-1.3699747275738938
2013-12-13 01:00:00,-1.4112990829965515
2013-12-13 02:00:00,-1.3957895680561248
2013-12-13 03:00:00,0.0
2013-12-13 04:00:00,-1.5143523384146433
2013-12-13 05:00:00,-1.5143523384146467
2013-12-13 06:00:00,0.0
2013-12-13 07:00:00,-0.5449303646966298
2013-12-13 08:00:00,0.0
2013-12-13 09:00:00,0.041339605376912204
2013-12-13 10:00:00,0.0
2013-12-13 11:00:00,0.0
2013-12-13 12:00:00,0.7725539791960034
2013-12-13 13:00:00,0.6847526055797843
2013-12-13 14:00:00,1.0258073543859676
2013-12-13 15:00:00,0.648632439555743
2013-12-13 16:00:00,0.5917470425649559
2013-12-13 17:00:00,0.0
2013-12-13 18:00:00,1.0877938875199558
2013-12-13 19:00:00,1.0309600171568742
2013-12-13 20:00:00,0.0
2013-12-13 21:00:00,0.891425909320775
2013-12-13 22:00:00,0.617613409674896
2013-12-13 23:00:00,-0.818279124693127
2013-12-14 00:00:00,0.0
2013-12-14 01:00:00,-1.4008907041993222
2013-12-14 02:00:00,0.0
2013-12-14 03:00:00,0.0
2013-12-14 04:00:00,-1.5143523384146467
2013-12-14 05:00:00,0.0
2013-12-14 06:00:00,-1.2668699455280894
2013-12-14 07:00:00,-0.5294723763839156
2013-12-14 08:00:00,0.0
2013-12-14 09:00:00,0.0
2013-12-14 10:00:00,1.0619275204100118
2013-12-14 11:00:00,0.0
2013-12-14 12:00:00,0.0
2013-12-14 13:00:00,0.7777581685946197
2013-12-14 14:00:00,0.6691915640116549
2013-12-14 15:00:00,0.767452843052806
2013-12-14 16:00:00,0.0
2013-12-14 17:00:00,0.0
2013-12-14 18:00:00,0.9483113063115621
2013-12-14 19:00:00,0.9844314723356005
2013-12-14 20:00:00,1.0877938875199558
2013-12-14 21:00:00,0.9120880870321028
2013-12-14 22:00:00,0.0
2013-12-14 23:00:00,-0.8904679301135034
2013-12-15 00:00:00,-1.3648220648029903
2013-12-15 01:00:00,-1.3958410946838373
2013-12-15 02:00:00,-1.4885374979324126
2013-12-15 03:00:00,0.0
2013-12-15 04:00:00,-1.6174571204604482
2013-12-15 05:00:00,-1.6226097832313529
2013-12-15 06:00:00,-1.2874805966117102
2013-12-15 07:00:00,-0.7099701532487062
2013-12-15 08:00:00,-0.5140143880712016
2013-12-15 09:00:00,0.23765605694838282
2013-12-15 10:00:00,0.0
2013-12-15 11:00:00,0.932801791371139
2013-12-15 12:00:00,0.0
2013-12-15 13:00:00,0.932801791371139
2013-12-15 14:00:00,0.6795484161811712
2013-12-15 15:00:00,0.7675043696805115
2013-12-15 16:00:00,0.0
2013-12-15 17:00:00,0.0
2013-12-15 18:00:00,1.1290667163149002
2013-12-15 19:00:00,1.0413168693263943
2013-12-15 20:00:00,0.0
2013-12-15 21:00:00,0.7157201088329219
2013-12-15 22:00:00,0.5710848648536252
2013-12-15 23:00:00,-0.6429340105992399
2013-12-16 00:00:00,-1.442163532994267
2013-12-16 01:00:00,0.0
2013-12-16 02:00:00,0.0
2013-12-16 03:00:00,-1.5658789661236925
2013-12-16 04:00:00,-1.555625167209594
2013-12-16 05:00:00,0.0
2013-12-16 06:00:00,0.0
2013-12-16 07:00:00,-0.5965600456610947
2013-12-16 08:00:00,0.0
2013-12-16 09:00:00,0.2322457610389317
2013-12-16 10:00:00,0.8966300987193853
2013-12-16 11:00:00,0.0
2013-12-16 12:00:00,0.0
2013-12-16 13:00:00,0.0
2013-12-16 14:00:00,0.0
2013-12-16 15:00:00,0.6072565575053798
2013-12-16 16:00:00,0.6330713979876105
2013-12-16 17:00:00,0.0
2013-12-16 18:00:00,0.7881150207641329
2013-12-16 19:00:00,0.0
2013-12-16 20:00:00,0.9534639690824659
2013-12-16 21:00:00,0.8707637316094482
2013-12-16 22:00:00,0.5039456689487407
2013-12-16 23:00:00,-0.7202754787905202
2013-12-17 00:00:00,-1.385484242514321
2013-12-17 01:00:00,-1.4988943501019325
2013-12-17 02:00:00,-1.4936901607033162
2013-12-17 03:00:00,0.0
2013-12-17 04:00:00,-1.5143523384146431
2013-12-17 05:00:00,-1.5091996756437431
2013-12-17 06:00:00,0.0
2013-12-17 07:00:00,0.0
2013-12-17 08:00:00,-0.4675888965053499
2013-12-17 09:00:00,0.0
2013-12-17 10:00:00,0.0
2013-12-17 11:00:00,0.0
2013-12-17 12:00:00,1.7646991957337081
2013-12-17 13:00:00,1.9610156473051787
2013-12-17 14:00:00,0.0
2013-12-17 15:00:00,0.0
2013-12-17 16:00:00,1.5063446844005435
2013-12-17 17:00:00,1.5011920216296397
2013-12-17 18:00:00,1.8215330660967897
2013-12-17 19:00:00,0.0
2013-12-17 20:00:00,0.0
2013-12-17 21:00:00,0.0
2013-12-17 22:00:00,0.0
2013-12-17 23:00:00,-0.5585849210395236
2013-12-18 00:00:00,-1.313243910466235
2013-12-18 01:00:00,0.0
2013-12-18 02:00:00,0.0
2013-12-18 03:00:00,-1.4988943501019325
2013-12-18 04:00:00,0.0
2013-12-18 05:00:00,0.0
2013-12-18 06:00:00,0.0
2013-12-18 07:00:00,-0.6687488510814676
2013-12-18 08:00:00,0.0
2013-12-18 09:00:00,1.2738565401773252
2013-12-18 10:00:00,1.2841618657191358
2013-12-18 11:00:00,1.1239655801717028
2013-12-18 12:00:00,0.0
2013-12-18 13:00:00,0.9689219573951804
2013-12-18 14:00:00,0.9534124424547565
2013-12-18 15:00:00,0.9741261467937928
2013-12-18 16:00:00,1.0154505022164475
2013-12-18 17:00:00,1.5838407324749513
2013-12-18 18:00:00,1.862805894891734
2013-12-18 19:00:00,1.8835195992307703
2013-12-18 20:00:00,2.0178495176682563
2013-12-18 21:00:00,0.0
2013-12-18 22:00:00,0.0
2013-12-18 23:00:00,-0.3987493218860601
2013-12-19 00:00:00,0.0
2013-12-19 01:00:00,-1.2720226082989963
2013-12-19 02:00:00,0.0
2013-12-19 03:00:00,-1.3493125498625667
2013-12-19 04:00:00,0.0
2013-12-19 05:00:00,-1.3287534254066584
2013-12-19 06:00:00,-1.0657099909519683
2013-12-19 07:00:00,0.0
2013-12-19 08:00:00,0.0
2013-12-19 09:00:00,0.7760577898802182
2013-12-19 10:00:00,0.0
2013-12-19 11:00:00,0.0
2013-12-19 12:00:00,1.1601372728234567
2013-12-19 13:00:00,0.0
2013-12-19 14:00:00,0.9792788095646997
2013-12-19 15:00:00,0.0
2013-12-19 16:00:00,0.0
2013-12-19 17:00:00,1.5114973471714503
2013-12-19 18:00:00,0.0
2013-12-19 19:00:00,0.0
2013-12-19 20:00:00,1.7646476691060025
2013-12-19 21:00:00,1.620012425126699
2013-12-19 22:00:00,0.0
2013-12-19 23:00:00,-0.5586879742949459
2013-12-20 00:00:00,0.0
2013-12-20 01:00:00,-1.4267055446815595
2013-12-20 02:00:00,-1.4164002191397456
2013-12-20 03:00:00,0.0
2013-12-20 04:00:00,-1.5968464693768314
2013-12-20 05:00:00,0.0
2013-12-20 06:00:00,0.0
2013-12-20 07:00:00,-0.6583919989119541
2013-12-20 08:00:00,0.283669335492559
2013-12-20 09:00:00,0.0
2013-12-20 10:00:00,1.4236959735552313
2013-12-20 11:00:00,1.3151293689722696
2013-12-20 12:00:00,0.0
2013-12-20 13:00:00,0.0
2013-12-20 14:00:00,0.9223934125739126
2013-12-20 15:00:00,0.0
2013-12-20 16:00:00,0.0
2013-12-20 17:00:00,1.3306388839126935
2013-12-20 18:00:00,1.5683827441622376
2013-12-20 19:00:00,0.0
2013-12-20 20:00:00,0.0
2013-12-20 21:00:00,1.7594950063350918
2013-12-20 22:00:00,1.1498834739093522
2013-12-20 23:00:00,0.0
2013-12-21 00:00:00,0.0
2013-12-21 01:00:00,-1.3906369052852243
2013-12-21 02:00:00,0.0
2013-12-21 03:00:00,-1.524657663956454
2013-12-21 04:00:00,0.0
2013-12-21 05:00:00,0.0
2013-12-21 06:00:00,-1.246207767816762
2013-12-21 07:00:00,-0.33872080060502396
2013-12-21 08:00:00,0.11677458834295266
2013-12-21 09:00:00,0.7140197301185213
2013-12-21 10:00:00,0.0
2013-12-21 11:00:00,1.0619790470377213
2013-12-21 12:00:00,1.1085075918589922
2013-12-21 13:00:00,0.8346435655854068
2013-12-21 14:00:00,0.8862732465498682
2013-12-21 15:00:00,0.0
2013-12-21 16:00:00,1.0361642065554868
2013-12-21 17:00:00,0.0
2013-12-21 18:00:00,1.6819989582606873
2013-12-21 19:00:00,1.7801571840464225
2013-12-21 20:00:00,1.8060235511563627
2013-12-21 21:00:00,1.6871516210315873
2013-12-21 22:00:00,0.9741261467937997
2013-12-21 23:00:00,0.7674013164250997
2013-12-22 00:00:00,-0.7563956448145578
2013-12-22 01:00:00,-1.2771237444421937
2013-12-22 02:00:00,0.0
2013-12-22 03:00:00,-1.3906369052852243
2013-12-22 04:00:00,-1.4318582074524597
2013-12-22 05:00:00,-1.4267055446815562
2013-12-22 06:00:00,-1.0812710325201045
2013-12-22 07:00:00,0.0
2013-12-22 08:00:00,0.0
2013-12-22 09:00:00,0.0
2013-12-22 10:00:00,0.0
2013-12-22 11:00:00,0.0
2013-12-22 12:00:00,1.0723358992072414
2013-12-22 13:00:00,1.0929980769185683
2013-12-22 14:00:00,1.0413683959541
2013-12-22 15:00:00,1.242785983668769
2013-12-22 16:00:00,1.0516221948682012
2013-12-22 17:00:00,0.0
2013-12-22 18:00:00,0.0
2013-12-22 19:00:00,1.7027126625997235
2013-12-22 20:00:00,1.8266342022399864
2013-12-22 21:00:00,0.0
2013-12-22 22:00:00,1.103303402460379
2013-12-22 23:00:00,0.8190825240172704
2013-12-23 00:00:00,0.0
2013-12-23 01:00:00,-1.2771237444421903
2013-12-23 02:00:00,0.0
2013-12-23 03:00:00,0.0
2013-12-23 04:00:00,0.0
2013-12-23 05:00:00,-1.411247556368842
2013-12-23 06:00:00,-1.1173396719164361
2013-12-23 07:00:00,-0.49340373698758366
2013-12-23 08:00:00,0.0
2013-12-23 09:00:00,0.8123840624150941
2013-12-23 10:00:00,1.3461483988531204
2013-12-23 11:00:00,1.2220722793297318
2013-12-23 12:00:00,0.0
2013-12-23 13:00:00,1.0774885619781482
2013-12-23 14:00:00,1.077437035350432
2013-12-23 15:00:00,0.0
2013-12-23 16:00:00,1.0154505022164475
2013-12-23 17:00:00,1.542464850424588
2013-12-23 18:00:00,0.0
2013-12-23 19:00:00,0.0
2013-12-23 20:00:00,1.9559145111619851
2013-12-23 21:00:00,1.5114973471714503
2013-12-23 22:00:00,0.9017827614902951
2013-12-23 23:00:00,0.0
2013-12-24 00:00:00,0.0
2013-12-24 01:00:00,-1.3596694020320834
2013-12-24 02:00:00,0.0
2013-12-24 03:00:00,-1.4215528819106493
2013-12-24 04:00:00,-1.4679783734765044
2013-12-24 05:00:00,-1.4164002191397491
2013-12-24 06:00:00,-1.1018816836037255
2013-12-24 07:00:00,0.0
2013-12-24 08:00:00,0.0
2013-12-24 09:00:00,1.1704425983652642
2013-12-24 10:00:00,1.3357915466835935
2013-12-24 11:00:00,1.7181706509124373
2013-12-24 12:00:00,1.5012435482573492
2013-12-24 13:00:00,0.0
2013-12-24 14:00:00,1.2376848475255713
2013-12-24 15:00:00,0.0
2013-12-24 16:00:00,1.1756467877638774
2013-12-24 17:00:00,0.0
2013-12-24 18:00:00,0.0
2013-12-24 19:00:00,-0.4349210145378174
2013-12-24 20:00:00,-0.9677578716770708
2013-12-24 21:00:00,0.0
2013-12-24 22:00:00,-1.1327976602291536
2013-12-24 23:00:00,0.0
2013-12-25 00:00:00,0.0
2013-12-25 01:00:00,-1.369974727573894
2013-12-25 02:00:00,-1.3957380414284186
2013-12-25 03:00:00,-1.473131036247408
2013-12-25 04:00:00,-1.4988943501019325
2013-12-25 05:00:00,-1.4525203851637871
2013-12-25 06:00:00,0.0
2013-12-25 07:00:00,0.0
2013-12-25 08:00:00,0.0
2013-12-25 09:00:00,0.0
2013-12-25 10:00:00,0.0
2013-12-25 11:00:00,-1.3029385849244244
2013-12-25 12:00:00,0.0
2013-12-25 13:00:00,-1.323497709380336
2013-12-25 14:00:00,-1.3080912476953281
2013-12-25 15:00:00,0.0
2013-12-25 16:00:00,-1.4163486925120363
2013-12-25 17:00:00,0.0
2013-12-25 18:00:00,-1.328701898778949
2013-12-25 19:00:00,-1.272022608298993
2013-12-25 20:00:00,-1.308142774323041
2013-12-25 21:00:00,-1.3338545615498525
2013-12-25 22:00:00,-1.3803315797434106
2013-12-25 23:00:00,-1.4164002191397456
2013-12-26 00:00:00,-1.5091996756437398
2013-12-26 01:00:00,-1.5040470128728363
2013-12-26 02:00:00,0.0
2013-12-26 03:00:00,-1.4988943501019294
2013-12-26 04:00:00,0.0
2013-12-26 05:00:00,-1.4937416873310254
2013-12-26 06:00:00,-1.1534083113127682
2013-12-26 07:00:00,0.0
2013-12-26 08:00:00,0.0
2013-12-26 09:00:00,0.617613409674896
2013-12-26 10:00:00,0.7674013164250958
2013-12-26 11:00:00,1.1291697695703191
2013-12-26 12:00:00,0.0
2013-12-26 13:00:00,0.0
2013-12-26 14:00:00,0.8862217199221588
2013-12-26 15:00:00,0.9482597796838536
2013-12-26 16:00:00,0.0
2013-12-26 17:00:00,1.0155020288441636
2013-12-26 18:00:00,1.387472754275778
2013-12-26 19:00:00,0.0
2013-12-26 20:00:00,0.0
2013-12-26 21:00:00,0.0
2013-12-26 22:00:00,0.0
2013-12-26 23:00:00,-0.43986757079788363
2013-12-27 00:00:00,0.0
2013-12-27 01:00:00,0.0
2013-12-27 02:00:00,0.0
2013-12-27 03:00:00,0.0
2013-12-27 04:00:00,-1.4628257107055973
2013-12-27 05:00:00,-1.4370623968510763
2013-12-27 06:00:00,0.0
2013-12-27 07:00:00,0.0
2013-12-27 08:00:00,0.0
2013-12-27 09:00:00,0.0
2013-12-27 10:00:00,0.0
2013-12-27 11:00:00,1.222123805957441
2013-12-27 12:00:00,0.0
2013-12-27 13:00:00,0.0
2013-12-27 14:00:00,0.0
2013-12-27 15:00:00,1.2221753325851474
2013-12-27 16:00:00,1.0465210587250076
2013-12-27 17:00:00,1.0671317098086281
2013-12-27 18:00:00,0.0
2013-12-27 19:00:00,1.242785983668768
2013-12-27 20:00:00,1.263499688007805
2013-12-27 21:00:00,1.1601372728234567
2013-12-27 22:00:00,0.9017827614902914
2013-12-27 23:00:00,0.0
2013-12-28 00:00:00,-0.962605208906164
2013-12-28 01:00:00,-0.8698057524021731
2013-12-28 02:00:00,0.0
2013-12-28 03:00:00,0.0
2013-12-28 04:00:00,-1.4473677223928831
2013-12-28 05:00:00,0.0
2013-12-28 06:00:00,-1.1688662996254857
2013-12-28 07:00:00,-0.4315202571090145
2013-12-28 08:00:00,0.0
2013-12-28 09:00:00,0.0
2013-12-28 10:00:00,0.0
2013-12-28 11:00:00,0.0
2013-12-28 12:00:00,1.0619790470377213
2013-12-28 13:00:00,0.0
2013-12-28 14:00:00,0.0
2013-12-28 15:00:00,1.8370425810372126
2013-12-28 16:00:00,0.0
2013-12-28 17:00:00,1.6458272656089366
2013-12-28 18:00:00,0.0
2013-12-28 19:00:00,1.857653232120831
2013-12-28 20:00:00,1.8938764514002904
2013-12-28 21:00:00,1.7853098468173294
2013-12-28 22:00:00,1.5941975846444683
2013-12-28 23:00:00,0.0
2013-12-29 00:00:00,0.0
2013-12-29 01:00:00,-1.3854842425143208
2013-12-29 02:00:00,-1.4267570713092657
2013-12-29 03:00:00,-1.4782836990183117
2013-12-29 04:00:00,-1.4937416873310256
2013-12-29 05:00:00,0.0
2013-12-29 06:00:00,-1.2204444539622408
2013-12-29 07:00:00,-0.6635446616828544
2013-12-29 08:00:00,-0.5811020573483805
2013-12-29 09:00:00,0.3200986612828605
2013-12-29 10:00:00,1.289314528490039
2013-12-29 11:00:00,1.9817293516442158
2013-12-29 12:00:00,2.0126968548973565
2013-12-29 13:00:00,1.7853098468173294
2013-12-29 14:00:00,0.0
2013-12-29 15:00:00,1.4495623406651714
2013-12-29 16:00:00,0.0
2013-12-29 17:00:00,1.6303177506685127
2013-12-29 18:00:00,1.966219836703795
2013-12-29 19:00:00,1.9196912918825249
2013-12-29 20:00:00,1.8680616109180566
2013-12-29 21:00:00,0.0
2013-12-29 22:00:00,0.0
2013-12-29 23:00:00,0.6279187352167067
2013-12-30 00:00:00,-0.03270415864098774
2013-12-30 01:00:00,-0.5914073828901908
2013-12-30 02:00:00,0.0
2013-12-30 03:00:00,-0.6790541766232814
2013-12-30 04:00:00,-0.6893079755373788
2013-12-30 05:00:00,-0.7563441181868519
2013-12-30 06:00:00,-0.6635446616828579
2013-12-30 07:00:00,0.0
2013-12-30 08:00:00,-0.5913558562624814
2013-12-30 09:00:00,0.0
2013-12-30 10:00:00,1.2376333208978612
2013-12-30 11:00:00,0.0
2013-12-30 12:00:00,0.0
2013-12-30 13:00:00,1.6251650878976087
2013-12-30 14:00:00,1.5993502474153751
2013-12-30 15:00:00,1.609655572957182
2013-12-30 16:00:00,1.8266857288676897
2013-12-30 17:00:00,1.6406746028380328
2013-12-30 18:00:00,1.6251650878976087
2013-12-30 19:00:00,1.413287594758005
2013-12-30 20:00:00,1.361606387165831
2013-12-30 21:00:00,1.253142835838285
2013-12-30 22:00:00,0.9069869508889083
2013-12-30 23:00:00,0.0
2013-12-31 00:00:00,-1.3442114137193726
2013-12-31 01:00:00,-1.400942230827035
2013-12-31 02:00:00,-1.473131036247408
2013-12-31 03:00:00,-1.5143523384146467
2013-12-31 04:00:00,0.0
2013-12-31 05:00:00,-1.4628257107055975
2013-12-31 06:00:00,0.0
2013-12-31 07:00:00,0.0
2013-12-31 08:00:00,-0.3748924932567778
2013-12-31 09:00:00,0.0
2013-12-31 10:00:00,0.0
2013-12-31 11:00:00,1.2686523507787089
2013-12-31 12:00:00,0.0
2013-12-31 13:00:00,0.0
2013-12-31 14:00:00,1.2376333208978612
2013-12-31 15:00:00,1.2530913092105787
2013-12-31 16:00:00,1.2065627643893049
2013-12-31 17:00:00,1.449510814037465
2013-12-31 18:00:00,1.118812917400799
2013-12-31 19:00:00,1.123965580171706
2013-12-31 20:00:00,-0.5965085190333886
2013-12-31 21:00:00,0.0
2013-12-31 22:00:00,0.0
2013-12-31 23:00:00,0.0
2014-01-01 00:00:00,0.0
2014-01-01 01:00:00,0.0
2014-01-01 02:00:00,-1.385432715886608
2014-01-01 03:00:00,0.0
2014-01-01 04:00:00,0.0
2014-01-01 05:00:00,-1.4164002191397456
2014-01-01 06:00:00,-1.3853811892588985
2014-01-01 07:00:00,-1.3441598870916633
2014-01-01 08:00:00,-1.2668699455280927
2014-01-01 09:00:00,0.0
2014-01-01 10:00:00,-1.2307497795040483
2014-01-01 11:00:00,-1.189580003964522
2014-01-01 12:00:00,0.0
2014-01-01 13:00:00,0.0
2014-01-01 14:00:00,-1.1998853295063296
2014-01-01 15:00:00,-1.2204444539622377
2014-01-01 16:00:00,-1.2204444539622408
2014-01-01 17:00:00,-1.204986465649527
2014-01-01 18:00:00,-1.1740704890240985
2014-01-01 19:00:00,0.0
2014-01-01 20:00:00,0.0
2014-01-01 21:00:00,0.0
2014-01-01 22:00:00,-1.2255971167331445
2014-01-01 23:00:00,0.0
2014-01-02 00:00:00,-1.4215528819106524
2014-01-02 01:00:00,-1.313243910466235
2014-01-02 02:00:00,-1.4164517457674586
2014-01-02 03:00:00,0.0
2014-01-02 04:00:00,-1.4782836990183115
2014-01-02 05:00:00,-1.4216044085383621
2014-01-02 06:00:00,0.0
2014-01-02 07:00:00,-0.24071715470241684
2014-01-02 08:00:00,-0.39024742831406967
2014-01-02 09:00:00,0.0
2014-01-02 10:00:00,0.0
2014-01-02 11:00:00,0.0
2014-01-02 12:00:00,1.0258073543859705
2014-01-02 13:00:00,0.0
2014-01-02 14:00:00,0.9844314723356005
2014-01-02 15:00:00,0.0
2014-01-02 16:00:00,0.0
2014-01-02 17:00:00,1.0878454141476614
2014-01-02 18:00:00,0.0
2014-01-02 19:00:00,0.0
2014-01-02 20:00:00,1.3151293689722734
2014-01-02 21:00:00,0.0
2014-01-02 22:00:00,0.9275460753448134
2014-01-02 23:00:00,-0.24916752164669442
2014-01-03 00:00:00,0.0
2014-01-03 01:00:00,-1.2719710816712868
2014-01-03 02:00:00,-1.313243910466235
2014-01-03 03:00:00,0.0
2014-01-03 04:00:00,-1.395738041428415
2014-01-03 05:00:00,-1.4318582074524633
2014-01-03 06:00:00,-1.2720226082989996
2014-01-03 07:00:00,0.0
2014-01-03 08:00:00,0.0
2014-01-03 09:00:00,0.18576874284537065
2014-01-03 10:00:00,0.9999925139037368
2014-01-03 11:00:00,1.0619275204100118
2014-01-03 12:00:00,0.0
2014-01-03 13:00:00,0.0
2014-01-03 14:00:00,0.8552542166690212
2014-01-03 15:00:00,0.0
2014-01-03 16:00:00,0.8088287251031692
2014-01-03 17:00:00,1.0257558277582581
2014-01-03 18:00:00,0.9947883245051236
2014-01-03 19:00:00,1.3048240434304628
2014-01-03 20:00:00,1.4856825066892159
2014-01-03 21:00:00,1.2066658176447236
2014-01-03 22:00:00,0.9379029275143327
2014-01-03 23:00:00,-0.48634458899144123
2014-01-04 00:00:00,0.0
2014-01-04 01:00:00,-1.2874290699839974
2014-01-04 02:00:00,-1.3544652126334702
2014-01-04 03:00:00,0.0
2014-01-04 04:00:00,0.0
2014-01-04 05:00:00,-1.4679783734765044
2014-01-04 06:00:00,-1.0089791738443128
2014-01-04 07:00:00,-0.41606226879630076
2014-01-04 08:00:00,-0.36453564108725467
2014-01-04 09:00:00,0.30974180911333665
2014-01-04 10:00:00,1.2893145284900358
2014-01-04 11:00:00,0.0
2014-01-04 12:00:00,1.1032518758326657
2014-01-04 13:00:00,0.9895841351065073
2014-01-04 14:00:00,0.0
2014-01-04 15:00:00,0.0
2014-01-04 16:00:00,0.0
2014-01-04 17:00:00,1.0206031649873544
2014-01-04 18:00:00,0.0
2014-01-04 19:00:00,0.0
2014-01-04 20:00:00,0.0
2014-01-04 21:00:00,0.0
2014-01-04 22:00:00,0.0
2014-01-04 23:00:00,-0.5552872168661498
2014-01-05 00:00:00,0.0
2014-01-05 01:00:00,0.0
2014-01-05 02:00:00,-1.4112475563688422
2014-01-05 03:00:00,0.0
2014-01-05 04:00:00,-1.4782836990183115
2014-01-05 05:00:00,-1.5143523384146433
2014-01-05 06:00:00,0.0
2014-01-05 07:00:00,-0.6223233595156156
2014-01-05 08:00:00,0.0
2014-01-05 09:00:00,0.0
2014-01-05 10:00:00,1.0258073543859705
2014-01-05 11:00:00,1.2480416996950907
2014-01-05 12:00:00,1.149831947281646
2014-01-05 13:00:00,1.0516221948682012
2014-01-05 14:00:00,0.0
2014-01-05 15:00:00,0.813981387874076
2014-01-05 16:00:00,0.8087256718477505
2014-01-05 17:00:00,1.103303402460379
2014-01-05 18:00:00,1.067131709808625
2014-01-05 19:00:00,1.3461483988531173
2014-01-05 20:00:00,1.2324806581269612
2014-01-05 21:00:00,0.0
2014-01-05 22:00:00,0.0
2014-01-05 23:00:00,-0.570745205178864
2014-01-06 00:00:00,-1.2616657561294795
2014-01-06 01:00:00,-1.313243910466235
2014-01-06 02:00:00,0.0
2014-01-06 03:00:00,0.0
2014-01-06 04:00:00,-1.4215528819106493
2014-01-06 05:00:00,0.0
2014-01-06 06:00:00,-1.3339060881775588
2014-01-06 07:00:00,-0.47279308590396274
2014-01-06 08:00:00,0.0
2014-01-06 09:00:00,0.0
2014-01-06 10:00:00,0.8604584060676375
2014-01-06 11:00:00,1.041265342698681
2014-01-06 12:00:00,0.9018342881180015
2014-01-06 13:00:00,1.0309600171568714
2014-01-06 14:00:00,0.0
2014-01-06 15:00:00,1.0206031649873581
2014-01-06 16:00:00,0.901782761490292
2014-01-06 17:00:00,0.0
2014-01-06 18:00:00,1.216919616558825
2014-01-06 19:00:00,1.3720147659630566
2014-01-06 20:00:00,1.16534146222207
2014-01-06 21:00:00,0.0
2014-01-06 22:00:00,0.84500041775492
2014-01-06 23:00:00,0.0
2014-01-07 00:00:00,0.0
2014-01-07 01:00:00,-1.3131923838385255
2014-01-07 02:00:00,-1.3132439104662348
2014-01-07 03:00:00,-1.4627741840778914
2014-01-07 04:00:00,-1.4834363617892186
2014-01-07 05:00:00,-1.4628257107056009
2014-01-07 06:00:00,0.0
2014-01-07 07:00:00,0.0
2014-01-07 08:00:00,-0.3284154750632133
2014-01-07 09:00:00,0.0
2014-01-07 10:00:00,0.0
2014-01-07 11:00:00,0.9275976019725258
2014-01-07 12:00:00,1.1084560652312796
2014-01-07 13:00:00,0.9379029275143327
2014-01-07 14:00:00,0.0
2014-01-07 15:00:00,0.0
2014-01-07 16:00:00,1.010246312817838
2014-01-07 17:00:00,1.1032518758326666
2014-01-07 18:00:00,0.0
2014-01-07 19:00:00,0.0
2014-01-07 20:00:00,1.2169711431865382
2014-01-07 21:00:00,1.129169769570322
2014-01-07 22:00:00,0.0
2014-01-07 23:00:00,-0.6205199275458022
2014-01-08 00:00:00,0.0
2014-01-08 01:00:00,-1.2874805966117102
2014-01-08 02:00:00,0.0
2014-01-08 03:00:00,0.0
2014-01-08 04:00:00,0.0
2014-01-08 05:00:00,-1.375127390344801
2014-01-08 06:00:00,0.0
2014-01-08 07:00:00,-0.41611379542401017
2014-01-08 08:00:00,-0.24076868133012277
2014-01-08 09:00:00,0.0
2014-01-08 10:00:00,1.340944209454504
2014-01-08 11:00:00,0.0
2014-01-08 12:00:00,0.9431071169129497
2014-01-08 13:00:00,0.8397447017286012
2014-01-08 14:00:00,0.0
2014-01-08 15:00:00,0.7467391387137697
2014-01-08 16:00:00,0.0
2014-01-08 17:00:00,1.0050936500469305
2014-01-08 18:00:00,0.0
2014-01-08 19:00:00,0.0
2014-01-08 20:00:00,1.3047725168027533
2014-01-08 21:00:00,1.253142835838285
2014-01-08 22:00:00,0.0
2014-01-08 23:00:00,-0.6565885669421373
2014-01-09 00:00:00,-1.3390072243207596
2014-01-09 01:00:00,-1.3493125498625667
2014-01-09 02:00:00,-1.3802800531157045
2014-01-09 03:00:00,0.0
2014-01-09 04:00:00,-1.5040470128728394
2014-01-09 05:00:00,-1.473131036247408
2014-01-09 06:00:00,-1.3596694020320867
2014-01-09 07:00:00,-0.48309841144577
2014-01-09 08:00:00,0.0
2014-01-09 09:00:00,0.0
2014-01-09 10:00:00,0.5659322020827221
2014-01-09 11:00:00,0.0
2014-01-09 12:00:00,0.0
2014-01-09 13:00:00,0.917292276430716
2014-01-09 14:00:00,0.7674013164250958
2014-01-09 15:00:00,0.4780793018387975
2014-01-09 16:00:00,0.5711363914813384
2014-01-09 17:00:00,0.7932676835350397
2014-01-09 18:00:00,1.0050936500469274
2014-01-09 19:00:00,0.0
2014-01-09 20:00:00,1.1343224323412229
2014-01-09 21:00:00,0.891425909320775
2014-01-09 22:00:00,0.6691915640116549
2014-01-09 23:00:00,-0.6411305786294198
2014-01-10 00:00:00,0.0
2014-01-10 01:00:00,-1.333906088177562
2014-01-10 02:00:00,-1.3493125498625635
2014-01-10 03:00:00,-1.457673047934694
2014-01-10 04:00:00,0.0
2014-01-10 05:00:00,-1.385484242514321
2014-01-10 06:00:00,-1.3235492360080423
2014-01-10 07:00:00,-0.5140143880711981
2014-01-10 08:00:00,-0.3284154750632133
2014-01-10 09:00:00,0.0
2014-01-10 10:00:00,0.8242867134158837
2014-01-10 11:00:00,0.8707637316094451
2014-01-10 12:00:00,0.0
2014-01-10 13:00:00,0.9121396136598083
2014-01-10 14:00:00,0.901782761490292
2014-01-10 15:00:00,0.9947883245051198
2014-01-10 16:00:00,0.7932161569073304
2014-01-10 17:00:00,0.0
2014-01-10 18:00:00,0.8966300987193914
2014-01-10 19:00:00,1.072284372579529
2014-01-10 20:00:00,1.1342709057135096
2014-01-10 21:00:00,0.0
2014-01-10 22:00:00,0.0
2014-01-10 23:00:00,0.0
2014-01-11 00:00:00,0.0
2014-01-11 01:00:00,-1.3957895680561312
2014-01-11 02:00:00,0.0
2014-01-11 03:00:00,-1.5864896172073135
2014-01-11 04:00:00,-1.622661309859062
2014-01-11 05:00:00,0.0
2014-01-11 06:00:00,-1.2255971167331414
2014-01-11 07:00:00,-0.4675888965053495
2014-01-11 08:00:00,0.0
2014-01-11 09:00:00,0.0
2014-01-11 10:00:00,0.0
2014-01-11 11:00:00,1.0826927513767615
2014-01-11 12:00:00,0.9741261467937967
2014-01-11 13:00:00,0.0
2014-01-11 14:00:00,0.0
2014-01-11 15:00:00,0.7880634941364304
2014-01-11 16:00:00,0.0
2014-01-11 17:00:00,0.9586681584810791
2014-01-11 18:00:00,0.0
2014-01-11 19:00:00,1.5166500099423534
2014-01-11 20:00:00,1.423644446927525
2014-01-11 21:00:00,0.0
2014-01-11 22:00:00,0.9585651052256634
2014-01-11 23:00:00,0.0
2014-01-12 00:00:00,-1.4318582074524597
2014-01-12 01:00:00,0.0
2014-01-12 02:00:00,-1.4679783734765008
2014-01-12 03:00:00,0.0
2014-01-12 04:00:00,0.0
2014-01-12 05:00:00,0.0
2014-01-12 06:00:00,0.0
2014-01-12 07:00:00,-0.6686973244537613
2014-01-12 08:00:00,0.0
2014-01-12 09:00:00,0.0
2014-01-12 10:00:00,0.0
2014-01-12 11:00:00,1.154984610052553
2014-01-12 12:00:00,1.0980992130617666
2014-01-12 13:00:00,1.2066658176447236
2014-01-12 14:00:00,1.1963089654752075
2014-01-12 15:00:00,0.0
2014-01-12 16:00:00,0.0
2014-01-12 17:00:00,1.0206031649873544
2014-01-12 18:00:00,1.2686008241510027
2014-01-12 19:00:00,0.0
2014-01-12 20:00:00,1.310028232829076
2014-01-12 21:00:00,1.1394750951121297
2014-01-12 22:00:00,0.7881150207641329
2014-01-12 23:00:00,-0.6979644489925043
2014-01-13 00:00:00,0.0
2014-01-13 01:00:00,-1.3699747275738972
2014-01-13 02:00:00,0.0
2014-01-13 03:00:00,-1.4370108702233666
2014-01-13 04:00:00,-1.483436361789215
2014-01-13 05:00:00,0.0
2014-01-13 06:00:00,0.0
2014-01-13 07:00:00,-0.5655925424079566
2014-01-13 08:00:00,0.0
2014-01-13 09:00:00,0.0
2014-01-13 10:00:00,0.7157716354606314
2014-01-13 11:00:00,0.0
2014-01-13 12:00:00,1.0413168693263943
2014-01-13 13:00:00,0.9172922764307152
2014-01-13 14:00:00,0.891425909320775
2014-01-13 15:00:00,0.0
2014-01-13 16:00:00,0.8914774359484814
2014-01-13 17:00:00,0.9172922764307152
2014-01-13 18:00:00,1.067131709808625
2014-01-13 19:00:00,0.0
2014-01-13 20:00:00,1.2324806581269583
2014-01-13 21:00:00,1.030908490529165
2014-01-13 22:00:00,0.0
2014-01-13 23:00:00,-0.6566400935698437
2014-01-14 00:00:00,-1.2926332593826142
2014-01-14 01:00:00,0.0
2014-01-14 02:00:00,-1.3080397210676187
2014-01-14 03:00:00,-1.4267055446815562
2014-01-14 04:00:00,-1.385432715886608
2014-01-14 05:00:00,-1.3802800531157011
2014-01-14 06:00:00,0.0
2014-01-14 07:00:00,0.0
2014-01-14 08:00:00,-0.4109096060254004
2014-01-14 09:00:00,0.34586197513737804
2014-01-14 10:00:00,1.1136087280021865
2014-01-14 11:00:00,0.0
2014-01-14 12:00:00,1.103303402460379
2014-01-14 13:00:00,0.0
2014-01-14 14:00:00,1.0516221948682052
2014-01-14 15:00:00,0.9224449392016228
2014-01-14 16:00:00,0.9069354242611989
2014-01-14 17:00:00,0.0
2014-01-14 18:00:00,0.0
2014-01-14 19:00:00,0.0
2014-01-14 20:00:00,1.2892630018623294
2014-01-14 21:00:00,1.2118184804156273
2014-01-14 22:00:00,0.0
2014-01-14 23:00:00,-0.7305808043323271
2014-01-15 00:00:00,-1.3080912476953315
2014-01-15 01:00:00,-1.2977859221535208
2014-01-15 02:00:00,-1.385432715886608
2014-01-15 03:00:00,-1.3906884319129338
2014-01-15 04:00:00,0.0
2014-01-15 05:00:00,0.0
2014-01-15 06:00:00,-1.3080912476953281
2014-01-15 07:00:00,-0.5294723763839191
2014-01-15 08:00:00,-0.4006042804835863
2014-01-15 09:00:00,0.11878412682360741
2014-01-15 10:00:00,0.0
2014-01-15 11:00:00,1.0050936500469312
2014-01-15 12:00:00,0.0
2014-01-15 13:00:00,0.9689734840228929
2014-01-15 14:00:00,0.0
2014-01-15 15:00:00,0.0
2014-01-15 16:00:00,0.0
2014-01-15 17:00:00,0.8242867134158837
2014-01-15 18:00:00,1.072284372579529
2014-01-15 19:00:00,1.1860036399333997
2014-01-15 20:00:00,0.0
2014-01-15 21:00:00,1.1549330834248435
2014-01-15 22:00:00,0.0
2014-01-15 23:00:00,-0.6101115487485762
2014-01-16 00:00:00,0.0
2014-01-16 01:00:00,0.0
2014-01-16 02:00:00,-1.3647705381752775
2014-01-16 03:00:00,-1.4525203851637871
2014-01-16 04:00:00,0.0
2014-01-16 05:00:00,0.0
2014-01-16 06:00:00,0.0
2014-01-16 07:00:00,-0.5965085190333883
2014-01-16 08:00:00,-0.4830984114457734
2014-01-16 09:00:00,0.2684689803183922
2014-01-16 10:00:00,0.0
2014-01-16 11:00:00,0.0
2014-01-16 12:00:00,0.7725539791960034
2014-01-16 13:00:00,0.875916394380349
2014-01-16 14:00:00,0.0
2014-01-16 15:00:00,0.0
2014-01-16 16:00:00,0.7054147832911151
2014-01-16 17:00:00,0.0
2014-01-16 18:00:00,0.9483113063115621
2014-01-16 19:00:00,1.3203335583708866
2014-01-16 20:00:00,1.268652350778712
2014-01-16 21:00:00,0.0
2014-01-16 22:00:00,0.8914774359484814
2014-01-16 23:00:00,0.0
2014-01-17 00:00:00,-1.3751789169725102
2014-01-17 01:00:00,-1.3596694020320867
2014-01-17 02:00:00,-1.4937932139587398
2014-01-17 03:00:00,-1.5143523384146433
2014-01-17 04:00:00,0.0
2014-01-17 05:00:00,0.0
2014-01-17 06:00:00,0.0
2014-01-17 07:00:00,-0.6687488510814706
2014-01-17 08:00:00,-0.4676404231330593
2014-01-17 09:00:00,0.3407093123664742
2014-01-17 10:00:00,1.0877423608922456
2014-01-17 11:00:00,1.0568263842668213
2014-01-17 12:00:00,0.891425909320772
2014-01-17 13:00:00,0.9327502647434296
2014-01-17 14:00:00,0.9431586435406591
2014-01-17 15:00:00,0.891425909320775
2014-01-17 16:00:00,0.8345920389576974
2014-01-17 17:00:00,0.8862732465498682
2014-01-17 18:00:00,0.0
2014-01-17 19:00:00,1.3978296064452913
2014-01-17 20:00:00,1.4391024352402357
2014-01-17 21:00:00,1.2118700070433406
2014-01-17 22:00:00,0.8397962283563075
2014-01-17 23:00:00,-0.813126461922217
2014-01-18 00:00:00,-1.3596694020320867
2014-01-18 01:00:00,0.0
2014-01-18 02:00:00,-1.4679268468487947
2014-01-18 03:00:00,0.0
2014-01-18 04:00:00,-1.5040470128728363
2014-01-18 05:00:00,0.0
2014-01-18 06:00:00,0.0
2014-01-18 07:00:00,-0.47279308590396274
2014-01-18 08:00:00,0.0
2014-01-18 09:00:00,0.49570140851529104
2014-01-18 10:00:00,0.0
2014-01-18 11:00:00,1.3048240434304628
2014-01-18 12:00:00,1.2790092029482283
2014-01-18 13:00:00,0.0
2014-01-18 14:00:00,0.0
2014-01-18 15:00:00,0.8862732465498682
2014-01-18 16:00:00,0.0
2014-01-18 17:00:00,1.1652899355943604
2014-01-18 18:00:00,1.253142835838289
2014-01-18 19:00:00,0.0
2014-01-18 20:00:00,1.3151293689722696
2014-01-18 21:00:00,1.3151808955999797
2014-01-18 22:00:00,0.0
2014-01-18 23:00:00,0.0
2014-01-19 00:00:00,0.0
2014-01-19 01:00:00,-1.406043366970229
2014-01-19 02:00:00,0.0
2014-01-19 03:00:00,-1.4782836990183115
2014-01-19 04:00:00,-1.5143523384146431
2014-01-19 05:00:00,-1.4679783734765044
2014-01-19 06:00:00,-1.3648220648029903
2014-01-19 07:00:00,0.0
2014-01-19 08:00:00,0.0
2014-01-19 09:00:00,0.616119137471336
2014-01-19 10:00:00,0.0
2014-01-19 11:00:00,1.1549330834248404
2014-01-19 12:00:00,1.0929465502908589
2014-01-19 13:00:00,0.881069057151255
2014-01-19 14:00:00,1.0206546916150636
2014-01-19 15:00:00,0.8190825240172704
2014-01-19 16:00:00,0.7415349493151565
2014-01-19 17:00:00,0.9120880870320989
2014-01-19 18:00:00,0.9637177679965673
2014-01-19 19:00:00,1.0102978394455475
2014-01-19 20:00:00,0.0
2014-01-19 21:00:00,0.7106189726897245
2014-01-19 22:00:00,0.6072565575053798
2014-01-19 23:00:00,0.0
2014-01-20 00:00:00,-1.3854842425143175
2014-01-20 01:00:00,0.0
2014-01-20 02:00:00,-1.4473677223928831
2014-01-20 03:00:00,0.0
2014-01-20 04:00:00,-1.5298103267273575
2014-01-20 05:00:00,0.0
2014-01-20 06:00:00,0.0
2014-01-20 07:00:00,0.0
2014-01-20 08:00:00,0.0
2014-01-20 09:00:00,0.0
2014-01-20 10:00:00,0.8397447017286012
2014-01-20 11:00:00,1.1601372728234567
2014-01-20 12:00:00,0.9844829989633167
2014-01-20 13:00:00,0.0
2014-01-20 14:00:00,0.9224964658293314
2014-01-20 15:00:00,0.8191340506449806
2014-01-20 16:00:00,0.8604068794399243
2014-01-20 17:00:00,0.9637692946242766
2014-01-20 18:00:00,1.1342709057135096
2014-01-20 19:00:00,1.2428375102964753
2014-01-20 20:00:00,1.2221753325851514
2014-01-20 21:00:00,0.0
2014-01-20 22:00:00,0.0
2014-01-20 23:00:00,-0.6119665073460994
2014-01-21 00:00:00,0.0
2014-01-21 01:00:00,0.0
2014-01-21 02:00:00,-1.4318582074524597
2014-01-21 03:00:00,0.0
2014-01-21 04:00:00,-1.5143523384146433
2014-01-21 05:00:00,-1.555573640581882
2014-01-21 06:00:00,-1.4112475563688387
2014-01-21 07:00:00,-0.7460387926450416
2014-01-21 08:00:00,0.0
2014-01-21 09:00:00,0.0
2014-01-21 10:00:00,0.0
2014-01-21 11:00:00,1.041265342698685
2014-01-21 12:00:00,0.9792788095646997
2014-01-21 13:00:00,0.7674013164250966
2014-01-21 14:00:00,0.0
2014-01-21 15:00:00,0.8345920389576943
2014-01-21 16:00:00,0.7622486536541928
2014-01-21 17:00:00,0.8501015538981181
2014-01-21 18:00:00,0.0
2014-01-21 19:00:00,1.0258073543859705
2014-01-21 20:00:00,1.0516221948682043
2014-01-21 21:00:00,1.0620305736654307
2014-01-21 22:00:00,0.6382755873862229
2014-01-21 23:00:00,-0.7924127575831839
2014-01-22 00:00:00,-1.3957895680561279
2014-01-22 01:00:00,0.0
2014-01-22 02:00:00,-1.457673047934694
2014-01-22 03:00:00,-1.5298103267273608
2014-01-22 04:00:00,-1.5298103267273575
2014-01-22 05:00:00,-1.5967949427491241
2014-01-22 06:00:00,-1.4370108702233633
2014-01-22 07:00:00,-0.5914073828901912
2014-01-22 08:00:00,-0.48825107421668024
2014-01-22 09:00:00,0.0
2014-01-22 10:00:00,0.5642318233683246
2014-01-22 11:00:00,0.0
2014-01-22 12:00:00,0.7570959908832889
2014-01-22 13:00:00,0.875916394380352
2014-01-22 14:00:00,0.0
2014-01-22 15:00:00,0.6382755873862268
2014-01-22 16:00:00,0.0
2014-01-22 17:00:00,0.0
2014-01-22 18:00:00,0.855254216669025
2014-01-22 19:00:00,0.0
2014-01-22 20:00:00,1.030908490529165
2014-01-22 21:00:00,0.8707637316094482
2014-01-22 22:00:00,0.6795999428088775
2014-01-22 23:00:00,-0.8285329236072249
2014-01-23 00:00:00,0.0
2014-01-23 01:00:00,-1.4731310362474113
2014-01-23 02:00:00,0.0
2014-01-23 03:00:00,-1.565878966123696
2014-01-23 04:00:00,0.0
2014-01-23 05:00:00,0.0
2014-01-23 06:00:00,-1.50919967564374
2014-01-23 07:00:00,-0.6739015138523745
2014-01-23 08:00:00,-0.534676565782532
2014-01-23 09:00:00,0.0
2014-01-23 10:00:00,0.6485809129280306
2014-01-23 11:00:00,0.9947367978774142
2014-01-23 12:00:00,0.8139298612463636
2014-01-23 13:00:00,0.9121396136598083
2014-01-23 14:00:00,0.0
2014-01-23 15:00:00,0.7467906653414752
2014-01-23 16:00:00,0.0
2014-01-23 17:00:00,0.0
2014-01-23 18:00:00,0.0
2014-01-23 19:00:00,0.0
2014-01-23 20:00:00,0.0
2014-01-23 21:00:00,0.0
2014-01-23 22:00:00,0.7261284876301484
2014-01-23 23:00:00,0.0
2014-01-24 00:00:00,-1.3390587509484657
2014-01-24 01:00:00,-1.3545167392611832
2014-01-24 02:00:00,0.0
2014-01-24 03:00:00,-1.4937416873310254
2014-01-24 04:00:00,0.0
2014-01-24 05:00:00,-1.4988943501019294
2014-01-24 06:00:00,-1.2359024422749552
2014-01-24 07:00:00,0.0
2014-01-24 08:00:00,0.0
2014-01-24 09:00:00,0.5628921310478888
2014-01-24 10:00:00,1.0309600171568742
2014-01-24 11:00:00,0.0
2014-01-24 12:00:00,0.0
2014-01-24 13:00:00,1.134322432341226
2014-01-24 14:00:00,0.0
2014-01-24 15:00:00,1.0413168693263906
2014-01-24 16:00:00,0.0
2014-01-24 17:00:00,0.9017827614902951
2014-01-24 18:00:00,0.0
2014-01-24 19:00:00,0.0
2014-01-24 20:00:00,0.0
2014-01-24 21:00:00,1.098150739689472
2014-01-24 22:00:00,0.0
2014-01-24 23:00:00,0.0
2014-01-25 00:00:00,0.0
2014-01-25 01:00:00,-1.369974727573894
2014-01-25 02:00:00,-1.4319097340801692
2014-01-25 03:00:00,-1.4370108702233666
2014-01-25 04:00:00,-1.540115652269168
2014-01-25 05:00:00,-1.524657663956457
2014-01-25 06:00:00,0.0
2014-01-25 07:00:00,-0.17888520145156045
2014-01-25 08:00:00,0.0
2014-01-25 09:00:00,0.5475887226182964
2014-01-25 10:00:00,1.3048240434304628
2014-01-25 11:00:00,1.1549846100525498
2014-01-25 12:00:00,1.149831947281643
2014-01-25 13:00:00,1.3874727542757712
2014-01-25 14:00:00,1.1343224323412229
2014-01-25 15:00:00,0.9328533179988484
2014-01-25 16:00:00,0.9482597796838536
2014-01-25 17:00:00,1.2376333208978583
2014-01-25 18:00:00,0.0
2014-01-25 19:00:00,1.459867666206982
2014-01-25 20:00:00,1.3409957360822136
2014-01-25 21:00:00,0.0
2014-01-25 22:00:00,0.9327502647434296
2014-01-25 23:00:00,0.0
2014-01-26 00:00:00,-1.2719710816712868
2014-01-26 01:00:00,0.0
2014-01-26 02:00:00,0.0
2014-01-26 03:00:00,0.0
2014-01-26 04:00:00,-1.3905853786575115
2014-01-26 05:00:00,-1.3700262542016068
2014-01-26 06:00:00,0.0
2014-01-26 07:00:00,0.0
2014-01-26 08:00:00,0.0
2014-01-26 09:00:00,0.0
2014-01-26 10:00:00,1.1394750951121266
2014-01-26 11:00:00,0.0
2014-01-26 12:00:00,0.0
2014-01-26 13:00:00,1.1704425983652635
2014-01-26 14:00:00,0.0
2014-01-26 15:00:00,0.8449488911272144
2014-01-26 16:00:00,0.8913743826930657
2014-01-26 17:00:00,0.9637692946242766
2014-01-26 18:00:00,1.0516221948682043
2014-01-26 19:00:00,0.0
2014-01-26 20:00:00,0.0
2014-01-26 21:00:00,1.0723358992072414
2014-01-26 22:00:00,0.0
2014-01-26 23:00:00,-0.6927602595938881
2014-01-27 00:00:00,0.0
2014-01-27 01:00:00,0.0
2014-01-27 02:00:00,0.0
2014-01-27 03:00:00,-1.4112990829965517
2014-01-27 04:00:00,-1.5143523384146467
2014-01-27 05:00:00,-1.4679783734765044
2014-01-27 06:00:00,0.0
2014-01-27 07:00:00,-0.5346250391548225
2014-01-27 08:00:00,0.0
2014-01-27 09:00:00,0.4920430179479473
2014-01-27 10:00:00,0.9224964658293283
2014-01-27 11:00:00,0.0
2014-01-27 12:00:00,0.9844829989633167
2014-01-27 13:00:00,0.0
2014-01-27 14:00:00,0.8656110688385413
2014-01-27 15:00:00,0.8707637316094482
2014-01-27 16:00:00,0.751943328112386
2014-01-27 17:00:00,0.7984203463059436
2014-01-27 18:00:00,1.030908490529165
2014-01-27 19:00:00,1.0774885619781451
2014-01-27 20:00:00,0.0
2014-01-27 21:00:00,0.0
2014-01-27 22:00:00,0.7726055058237098
2014-01-27 23:00:00,-0.7030140585079855
2014-01-28 00:00:00,0.0
2014-01-28 01:00:00,-1.4473677223928831
2014-01-28 02:00:00,-1.478283699018314
2014-01-28 03:00:00,-1.5091996756437398
2014-01-28 04:00:00,0.0
2014-01-28 05:00:00,-1.4782836990183115
2014-01-28 06:00:00,-1.0399982037251567
2014-01-28 07:00:00,0.0
2014-01-28 08:00:00,-0.3542303155454474
2014-01-28 09:00:00,0.0
2014-01-28 10:00:00,0.9069869508889052
2014-01-28 11:00:00,0.0
2014-01-28 12:00:00,1.0309600171568742
2014-01-28 13:00:00,0.9843799457078903
2014-01-28 14:00:00,0.0
2014-01-28 15:00:00,0.8656110688385413
2014-01-28 16:00:00,0.0
2014-01-28 17:00:00,0.9844829989633167
2014-01-28 18:00:00,1.041265342698681
2014-01-28 19:00:00,1.2066658176447207
2014-01-28 20:00:00,0.0
2014-01-28 21:00:00,0.0
2014-01-28 22:00:00,0.8087256718477505
2014-01-28 23:00:00,-0.7048174904778062
2014-01-29 00:00:00,0.0
2014-01-29 01:00:00,0.0
2014-01-29 02:00:00,0.0
2014-01-29 03:00:00,0.0
2014-01-29 04:00:00,0.0
2014-01-29 05:00:00,0.0
2014-01-29 06:00:00,-1.4421635329942701
2014-01-29 07:00:00,0.0
2014-01-29 08:00:00,-0.4315202571090179
2014-01-29 09:00:00,0.17041380778807227
2014-01-29 10:00:00,0.8552542166690212
2014-01-29 11:00:00,1.1032518758326666
2014-01-29 12:00:00,0.0
2014-01-29 13:00:00,0.0
2014-01-29 14:00:00,0.0
2014-01-29 15:00:00,0.8345920389576905
2014-01-29 16:00:00,0.8603553528122188
2014-01-29 17:00:00,0.0
2014-01-29 18:00:00,1.149831947281646
2014-01-29 19:00:00,0.0
2014-01-29 20:00:00,1.0930496035462778
2014-01-29 21:00:00,0.0
2014-01-29 22:00:00,0.5503711605145889
2014-01-29 23:00:00,0.0
2014-01-30 00:00:00,-1.416451745767455
2014-01-30 01:00:00,-1.4628257107056009
2014-01-30 02:00:00,0.0
2014-01-30 03:00:00,-1.5968464693768314
2014-01-30 04:00:00,0.0
2014-01-30 05:00:00,-1.5298103267273608
2014-01-30 06:00:00,0.0
2014-01-30 07:00:00,-0.5655925424079601
2014-01-30 08:00:00,-0.43667291987992135
2014-01-30 09:00:00,0.2994880101992392
2014-01-30 10:00:00,1.3617094404212469
2014-01-30 11:00:00,0.0
2014-01-30 12:00:00,0.0
2014-01-30 13:00:00,0.7777581685946167
2014-01-30 14:00:00,0.7777581685946128
2014-01-30 15:00:00,0.0
2014-01-30 16:00:00,0.0
2014-01-30 17:00:00,0.726076961002442
2014-01-30 18:00:00,0.9947883245051236
2014-01-30 19:00:00,0.0
2014-01-30 20:00:00,0.0
2014-01-30 21:00:00,0.9689219573951804
2014-01-30 22:00:00,0.6433767235294212
2014-01-30 23:00:00,-0.6944606383082861
2014-01-31 00:00:00,-1.4216044085383621
2014-01-31 01:00:00,0.0
2014-01-31 02:00:00,-1.4370623968510763
2014-01-31 03:00:00,-1.483436361789215
2014-01-31 04:00:00,-1.4628257107055973
2014-01-31 05:00:00,-1.5504209778109785
2014-01-31 06:00:00,-1.137950323000054
2014-01-31 07:00:00,0.0
2014-01-31 08:00:00,-0.30265216120869237
2014-01-31 09:00:00,-0.3863314046081832
2014-01-31 10:00:00,0.6434282501571268
2014-01-31 11:00:00,0.9328017913711352
2014-01-31 12:00:00,1.0567748576391052
2014-01-31 13:00:00,0.0
2014-01-31 14:00:00,0.9379544541420459
2014-01-31 15:00:00,0.0
2014-01-31 16:00:00,0.0
2014-01-31 17:00:00,0.0
2014-01-31 18:00:00,1.1033549290880884
2014-01-31 19:00:00,1.1756467877638774
2014-01-31 20:00:00,1.3565052510226336
2014-01-31 21:00:00,0.0
2014-01-31 22:00:00,0.8087256718477542
2014-01-31 23:00:00,-0.7254796681891296
2014-02-01 00:00:00,-1.395738041428415
2014-02-01 01:00:00,0.0
2014-02-01 02:00:00,-1.4267055446815562
2014-02-01 03:00:00,0.0
2014-02-01 04:00:00,0.0
2014-02-01 05:00:00,0.0
2014-02-01 06:00:00,-1.1482556485418642
2014-02-01 07:00:00,-0.41090960602539695
2014-02-01 08:00:00,-0.46764042313305587
2014-02-01 09:00:00,0.0
2014-02-01 10:00:00,1.072284372579532
2014-02-01 11:00:00,0.0
2014-02-01 12:00:00,0.0
2014-02-01 13:00:00,0.0
2014-02-01 14:00:00,0.0
2014-02-01 15:00:00,0.0
2014-02-01 16:00:00,0.8810690571512557
2014-02-01 17:00:00,0.8862732465498682
2014-02-01 18:00:00,1.0206546916150636
2014-02-01 19:00:00,1.2324806581269583
2014-02-01 20:00:00,1.253142835838285
2014-02-01 21:00:00,1.1342709057135096
2014-02-01 22:00:00,0.0
2014-02-01 23:00:00,-0.6875560701952749
2014-02-02 00:00:00,0.0
2014-02-02 01:00:00,0.0
2014-02-02 02:00:00,-1.4988943501019325
2014-02-02 03:00:00,0.0
2014-02-02 04:00:00,-1.5195050011855502
2014-02-02 05:00:00,-1.5453198416677814
2014-02-02 06:00:00,-1.4524688585360774
2014-02-02 07:00:00,0.0
2014-02-02 08:00:00,-0.2957991197233871
2014-02-02 09:00:00,0.0
2014-02-02 10:00:00,0.0
2014-02-02 11:00:00,1.268652350778706
2014-02-02 12:00:00,1.3099251795736533
2014-02-02 13:00:00,0.0
2014-02-02 14:00:00,0.0
2014-02-02 15:00:00,0.9431586435406591
2014-02-02 16:00:00,0.963820821251986
2014-02-02 17:00:00,0.9017312348625827
2014-02-02 18:00:00,1.2117669537879219
2014-02-02 19:00:00,0.0
2014-02-02 20:00:00,1.139475095112126
2014-02-02 21:00:00,0.0
2014-02-02 22:00:00,0.746739138713769
2014-02-02 23:00:00,0.0
2014-02-03 00:00:00,0.0
2014-02-03 01:00:00,-1.5195050011855469
2014-02-03 02:00:00,-1.5504725044386891
2014-02-03 03:00:00,-1.5658789661236925
2014-02-03 04:00:00,-1.6432204343149737
2014-02-03 05:00:00,-1.5298103267273608
2014-02-03 06:00:00,0.0
2014-02-03 07:00:00,0.0
2014-02-03 08:00:00,0.0
2014-02-03 09:00:00,0.0
2014-02-03 10:00:00,0.0
2014-02-03 11:00:00,0.9121396136598152
2014-02-03 12:00:00,0.0
2014-02-03 13:00:00,0.891425909320775
2014-02-03 14:00:00,0.8190825240172704
2014-02-03 15:00:00,0.0
2014-02-03 16:00:00,0.7571475175109984
2014-02-03 17:00:00,0.8190825240172735
2014-02-03 18:00:00,1.0723358992072383
2014-02-03 19:00:00,1.1911563027043006
2014-02-03 20:00:00,0.0
2014-02-03 21:00:00,0.0
2014-02-03 22:00:00,0.0
2014-02-03 23:00:00,-0.6480866733701438
2014-02-04 00:00:00,0.0
2014-02-04 01:00:00,0.0
2014-02-04 02:00:00,-1.3596694020320834
2014-02-04 03:00:00,0.0
2014-02-04 04:00:00,0.0
2014-02-04 05:00:00,0.0
2014-02-04 06:00:00,0.0
2014-02-04 07:00:00,0.0
2014-02-04 08:00:00,0.0
2014-02-04 09:00:00,0.0
2014-02-04 10:00:00,0.0
2014-02-04 11:00:00,1.030908490529165
2014-02-04 12:00:00,0.0
2014-02-04 13:00:00,0.0
2014-02-04 14:00:00,0.9534639690824659
2014-02-04 15:00:00,0.8345920389576943
2014-02-04 16:00:00,0.8604584060676375
2014-02-04 17:00:00,0.8655595422108281
2014-02-04 18:00:00,0.0
2014-02-04 19:00:00,0.0
2014-02-04 20:00:00,0.0
2014-02-04 21:00:00,0.9017827614902951
2014-02-04 22:00:00,0.6176134096748999
2014-02-04 23:00:00,0.0
2014-02-05 00:00:00,-1.4319097340801692
2014-02-05 01:00:00,0.0
2014-02-05 02:00:00,-1.4319097340801725
2014-02-05 03:00:00,0.0
2014-02-05 04:00:00,-1.51435233841465
2014-02-05 05:00:00,-1.4679783734765042
2014-02-05 06:00:00,0.0
2014-02-05 07:00:00,-0.7099701532487095
2014-02-05 08:00:00,0.0
2014-02-05 09:00:00,0.0
2014-02-05 10:00:00,0.0
2014-02-05 11:00:00,0.0
2014-02-05 12:00:00,0.922444939201619
2014-02-05 13:00:00,0.9017827614902914
2014-02-05 14:00:00,0.8862217199221588
2014-02-05 15:00:00,0.8552542166690212
2014-02-05 16:00:00,0.7157716354606314
2014-02-05 17:00:00,1.0413168693263906
2014-02-05 18:00:00,1.1704941249929737
2014-02-05 19:00:00,1.2996198540318464
2014-02-05 20:00:00,0.0
2014-02-05 21:00:00,1.0464695320972943
2014-02-05 22:00:00,0.6021038947344729
2014-02-05 23:00:00,0.0
2014-02-06 00:00:00,-1.4061464202256446
2014-02-06 01:00:00,-1.3905853786575115
2014-02-06 02:00:00,0.0
2014-02-06 03:00:00,0.0
2014-02-06 04:00:00,-1.4988943501019294
2014-02-06 05:00:00,-1.467978373476501
2014-02-06 06:00:00,-1.3236007626357549
2014-02-06 07:00:00,0.0
2014-02-06 08:00:00,0.02912779460986902
2014-02-06 09:00:00,0.21137747681676686
2014-02-06 10:00:00,0.6899567949783976
2014-02-06 11:00:00,1.0774885619781451
2014-02-06 12:00:00,1.0258073543859676
2014-02-06 13:00:00,0.0
2014-02-06 14:00:00,0.9431586435406621
2014-02-06 15:00:00,0.0
2014-02-06 16:00:00,0.0
2014-02-06 17:00:00,1.067131709808625
2014-02-06 18:00:00,0.0
2014-02-06 19:00:00,1.0515706682404957
2014-02-06 20:00:00,1.237633320897865
2014-02-06 21:00:00,0.0
2014-02-06 22:00:00,0.0
2014-02-06 23:00:00,0.0
2014-02-07 00:00:00,-1.457673047934697
2014-02-07 01:00:00,-1.4370623968510727
2014-02-07 02:00:00,0.0
2014-02-07 03:00:00,0.0
2014-02-07 04:00:00,0.0
2014-02-07 05:00:00,0.0
2014-02-07 06:00:00,0.0
2014-02-07 07:00:00,0.0
2014-02-07 08:00:00,0.0
2014-02-07 09:00:00,0.10147117991336713
2014-02-07 10:00:00,0.0
2014-02-07 11:00:00,0.9947367978774142
2014-02-07 12:00:00,0.9999409872760274
2014-02-07 13:00:00,0.8707637316094451
2014-02-07 14:00:00,0.0
2014-02-07 15:00:00,0.7415864759428659
2014-02-07 16:00:00,0.0
2014-02-07 17:00:00,0.0
2014-02-07 18:00:00,0.9689219573951804
2014-02-07 19:00:00,1.3151293689722734
2014-02-07 20:00:00,1.268652350778712
2014-02-07 21:00:00,0.0
2014-02-07 22:00:00,0.8087771984754636
2014-02-07 23:00:00,-0.5552356902384367
2014-02-08 00:00:00,-1.411247556368842
2014-02-08 01:00:00,-1.3802800531157078
2014-02-08 02:00:00,0.0
2014-02-08 03:00:00,0.0
2014-02-08 04:00:00,-1.5195050011855502
2014-02-08 05:00:00,-1.4267570713092657
2014-02-08 06:00:00,0.0
2014-02-08 07:00:00,-0.519167050842105
2014-02-08 08:00:00,0.0
2014-02-08 09:00:00,0.0
2014-02-08 10:00:00,1.0516737214959144
2014-02-08 11:00:00,1.056774857639108
2014-02-08 12:00:00,0.0
2014-02-08 13:00:00,0.0
2014-02-08 14:00:00,0.0
2014-02-08 15:00:00,0.0
2014-02-08 16:00:00,0.0
2014-02-08 17:00:00,0.0
2014-02-08 18:00:00,0.0
2014-02-08 19:00:00,1.2169711431865342
2014-02-08 20:00:00,1.118812917400799
2014-02-08 21:00:00,0.0
2014-02-08 22:00:00,0.8294393761867905
2014-02-08 23:00:00,0.0
2014-02-09 00:00:00,-1.416451745767455
2014-02-09 01:00:00,-1.4061464202256477
2014-02-09 02:00:00,-1.4628257107055973
2014-02-09 03:00:00,-1.5143523384146467
2014-02-09 04:00:00,-1.5091996756437431
2014-02-09 05:00:00,0.0
2014-02-09 06:00:00,-1.4009422308270347
2014-02-09 07:00:00,-0.4727930859039662
2014-02-09 08:00:00,-0.07578041940575239
2014-02-09 09:00:00,0.0498414989489057
2014-02-09 10:00:00,1.284161865719129
2014-02-09 11:00:00,1.051570668240492
2014-02-09 12:00:00,1.1498319472816498
2014-02-09 13:00:00,0.0
2014-02-09 14:00:00,0.0
2014-02-09 15:00:00,1.067080183180912
2014-02-09 16:00:00,0.0
2014-02-09 17:00:00,0.0
2014-02-09 18:00:00,1.1033549290880884
2014-02-09 19:00:00,1.0206031649873573
2014-02-09 20:00:00,0.0
2014-02-09 21:00:00,0.0
2014-02-09 22:00:00,0.0
2014-02-09 23:00:00,0.0
2014-02-10 00:00:00,-1.6432719609426811
2014-02-10 01:00:00,-1.5556251672095904
2014-02-10 02:00:00,-1.5968979960045389
2014-02-10 03:00:00,0.0
2014-02-10 04:00:00,0.0
2014-02-10 05:00:00,-1.6535772864844904
2014-02-10 06:00:00,0.0
2014-02-10 07:00:00,0.0
2014-02-10 08:00:00,-0.3026006345809761
2014-02-10 09:00:00,0.0
2014-02-10 10:00:00,0.6795999428088775
2014-02-10 11:00:00,1.0619790470377213
2014-02-10 12:00:00,0.922444939201619
2014-02-10 13:00:00,0.0
2014-02-10 14:00:00,0.8190825240172735
2014-02-10 15:00:00,0.8190825240172704
2014-02-10 16:00:00,1.0464695320972974
2014-02-10 17:00:00,0.0
2014-02-10 18:00:00,0.0
2014-02-10 19:00:00,1.222123805957441
2014-02-10 20:00:00,1.2118184804156305
2014-02-10 21:00:00,0.7984203463059397
2014-02-10 22:00:00,0.0
2014-02-10 23:00:00,0.0
2014-02-11 00:00:00,-0.9471472205934529
2014-02-11 01:00:00,0.0
2014-02-11 02:00:00,0.0
2014-02-11 03:00:00,0.0
2014-02-11 04:00:00,-1.653628813112201
2014-02-11 05:00:00,0.0
2014-02-11 06:00:00,-1.5452683150400748
2014-02-11 07:00:00,0.0
2014-02-11 08:00:00,-0.3232628122923064
2014-02-11 09:00:00,0.0
2014-02-11 10:00:00,0.7157201088329219
2014-02-11 11:00:00,1.0464695320972943
2014-02-11 12:00:00,0.0
2014-02-11 13:00:00,0.0
2014-02-11 14:00:00,0.8811205837789682
2014-02-11 15:00:00,0.8242867134158837
2014-02-11 16:00:00,0.0
2014-02-11 17:00:00,0.0
2014-02-11 18:00:00,0.0
2014-02-11 19:00:00,1.2169711431865342
2014-02-11 20:00:00,1.1859521133056912
2014-02-11 21:00:00,0.0
2014-02-11 22:00:00,0.7726055058237098
2014-02-11 23:00:00,-0.6686973244537613
2014-02-12 00:00:00,0.0
2014-02-12 01:00:00,0.0
2014-02-12 02:00:00,0.0
2014-02-12 03:00:00,-1.5453198416677847
2014-02-12 04:00:00,0.0
2014-02-12 05:00:00,-1.5504209778109785
2014-02-12 06:00:00,-1.2307497795040514
2014-02-12 07:00:00,-0.7924642842108932
2014-02-12 08:00:00,-0.31295748675050267
2014-02-12 09:00:00,0.2064824471844073
2014-02-12 10:00:00,0.8294393761867905
2014-02-12 11:00:00,0.8811205837789644
2014-02-12 12:00:00,0.0
2014-02-12 13:00:00,0.7880634941364265
2014-02-12 14:00:00,0.6692946172670706
2014-02-12 15:00:00,0.6124092202762836
2014-02-12 16:00:00,0.0
2014-02-12 17:00:00,0.9586166318533728
2014-02-12 18:00:00,0.0
2014-02-12 19:00:00,1.0516221948682012
2014-02-12 20:00:00,0.0
2014-02-12 21:00:00,0.0
2014-02-12 22:00:00,0.0
2014-02-12 23:00:00,0.0
2014-02-13 00:00:00,-1.3905853786575115
2014-02-13 01:00:00,0.0
2014-02-13 02:00:00,-1.3854842425143208
2014-02-13 03:00:00,0.0
2014-02-13 04:00:00,-1.4370623968510727
2014-02-13 05:00:00,-1.488589024560122
2014-02-13 06:00:00,-1.3648735914306998
2014-02-13 07:00:00,-0.4831499380734828
2014-02-13 08:00:00,0.0
2014-02-13 09:00:00,0.0
2014-02-13 10:00:00,0.0
2014-02-13 11:00:00,1.1549330834248435
2014-02-13 12:00:00,0.9482597796838536
2014-02-13 13:00:00,0.0
2014-02-13 14:00:00,1.087793887519952
2014-02-13 15:00:00,1.0102978394455475
2014-02-13 16:00:00,0.0
2014-02-13 17:00:00,0.0
2014-02-13 18:00:00,1.1911563027043035
2014-02-13 19:00:00,1.418491784156618
2014-02-13 20:00:00,1.3151293689722734
2014-02-13 21:00:00,0.0
2014-02-13 22:00:00,0.8088287251031692
2014-02-13 23:00:00,-0.38844399634425286
2014-02-14 00:00:00,0.0
2014-02-14 01:00:00,0.0
2014-02-14 02:00:00,0.0
2014-02-14 03:00:00,-1.4216044085383586
2014-02-14 04:00:00,-1.4370108702233633
2014-02-14 05:00:00,-1.4318582074524597
2014-02-14 06:00:00,0.0
2014-02-14 07:00:00,-0.36788487188834473
2014-02-14 08:00:00,-0.11700172157299468
2014-02-14 09:00:00,0.3767264251350999
2014-02-14 10:00:00,1.0206031649873613
2014-02-14 11:00:00,0.0
2014-02-14 12:00:00,1.1033034024603758
2014-02-14 13:00:00,1.2066658176447245
2014-02-14 14:00:00,1.0516221948681983
2014-02-14 15:00:00,0.9792788095646997
2014-02-14 16:00:00,0.0
2014-02-14 17:00:00,0.0
2014-02-14 18:00:00,1.2066658176447274
2014-02-14 19:00:00,1.4443066246388527
2014-02-14 20:00:00,1.2530913092105787
2014-02-14 21:00:00,1.1704425983652635
2014-02-14 22:00:00,0.9586166318533728
2014-02-14 23:00:00,-0.33691736863520716
2014-02-15 00:00:00,-1.168917826253195
2014-02-15 01:00:00,-1.2359024422749552
2014-02-15 02:00:00,-1.235902442274955
2014-02-15 03:00:00,-1.3028870582967116
2014-02-15 04:00:00,0.0
2014-02-15 05:00:00,0.0
2014-02-15 06:00:00,-1.0450993398683506
2014-02-15 07:00:00,-0.5552872168661498
2014-02-15 08:00:00,-0.22010650361879244
2014-02-15 09:00:00,0.4077454550159473
2014-02-15 10:00:00,0.0
2014-02-15 11:00:00,0.0
2014-02-15 12:00:00,1.144679284510743
2014-02-15 13:00:00,1.1291182429426097
2014-02-15 14:00:00,0.9534639690824659
2014-02-15 15:00:00,0.0
2014-02-15 16:00:00,1.0671832364363345
2014-02-15 17:00:00,0.0
2014-02-15 18:00:00,1.1860036399333937
2014-02-15 19:00:00,1.3926769436743844
2014-02-15 20:00:00,0.0
2014-02-15 21:00:00,0.0
2014-02-15 22:00:00,0.9431071169129497
2014-02-15 23:00:00,-0.5037090625293944
2014-02-16 00:00:00,-1.282276407213094
2014-02-16 01:00:00,-1.292633259382617
2014-02-16 02:00:00,-1.3700262542016033
2014-02-16 03:00:00,0.0
2014-02-16 04:00:00,0.0
2014-02-16 05:00:00,0.0
2014-02-16 06:00:00,-1.380331579743414
2014-02-16 07:00:00,-0.6790541766232814
2014-02-16 08:00:00,-0.3954516177126829
2014-02-16 09:00:00,0.6988193749443575
2014-02-16 10:00:00,1.2893145284900358
2014-02-16 11:00:00,0.0
2014-02-16 12:00:00,1.191207829332013
2014-02-16 13:00:00,0.0
2014-02-16 14:00:00,1.2066142910170181
2014-02-16 15:00:00,0.0
2014-02-16 16:00:00,0.0
2014-02-16 17:00:00,0.8965785720916789
2014-02-16 18:00:00,1.2066658176447274
2014-02-16 19:00:00,1.299671380659556
2014-02-16 20:00:00,1.2479386464396718
2014-02-16 21:00:00,1.216919616558825
2014-02-16 22:00:00,0.7880634941364235
2014-02-16 23:00:00,-0.5534837848963292
2014-02-17 00:00:00,0.0
2014-02-17 01:00:00,0.0
2014-02-17 02:00:00,-1.4679783734765077
2014-02-17 03:00:00,-1.5504209778109785
2014-02-17 04:00:00,0.0
2014-02-17 05:00:00,0.0
2014-02-17 06:00:00,0.0
2014-02-17 07:00:00,0.0
2014-02-17 08:00:00,-0.22531069301740905
2014-02-17 09:00:00,0.43881601152450056
2014-02-17 10:00:00,0.0
2014-02-17 11:00:00,0.0
2014-02-17 12:00:00,1.0722843725795281
2014-02-17 13:00:00,0.0
2014-02-17 14:00:00,1.0619790470377213
2014-02-17 15:00:00,0.9896356617342198
2014-02-17 16:00:00,0.8449488911272144
2014-02-17 17:00:00,0.0
2014-02-17 18:00:00,0.0
2014-02-17 19:00:00,1.2531943624659976
2014-02-17 20:00:00,0.0
2014-02-17 21:00:00,0.0
2014-02-17 22:00:00,0.6692946172670706
2014-02-17 23:00:00,-0.49165183164547627
2014-02-18 00:00:00,0.0
2014-02-18 01:00:00,-1.3802800531157045
2014-02-18 02:00:00,-1.3906369052852243
2014-02-18 03:00:00,-1.4576215213069843
2014-02-18 04:00:00,-1.416451745767455
2014-02-18 05:00:00,0.0
2014-02-18 06:00:00,0.0
2014-02-18 07:00:00,0.0
2014-02-18 08:00:00,0.0
2014-02-18 09:00:00,0.3149459985119499
2014-02-18 10:00:00,0.8862217199221588
2014-02-18 11:00:00,1.1601372728234567
2014-02-18 12:00:00,0.7157716354606314
2014-02-18 13:00:00,0.0
2014-02-18 14:00:00,0.0
2014-02-18 15:00:00,0.0
2014-02-18 16:00:00,1.0102978394455475
2014-02-18 17:00:00,0.0
2014-02-18 18:00:00,0.0
2014-02-18 19:00:00,1.1446277578830297
2014-02-18 20:00:00,1.1756467877638805
2014-02-18 21:00:00,0.8552542166690212
2014-02-18 22:00:00,0.5556268765409115
2014-02-18 23:00:00,0.0
2014-02-19 00:00:00,-1.4318582074524633
2014-02-19 01:00:00,-1.3958410946838375
2014-02-19 02:00:00,-1.411247556368842
2014-02-19 03:00:00,-1.5761842916655031
2014-02-19 04:00:00,-1.591642279978214
2014-02-19 05:00:00,0.0
2014-02-19 06:00:00,-1.2049349390218138
2014-02-19 07:00:00,0.0
2014-02-19 08:00:00,0.0
2014-02-19 09:00:00,0.0
2014-02-19 10:00:00,0.0
2014-02-19 11:00:00,0.0
2014-02-19 12:00:00,0.0
2014-02-19 13:00:00,0.7777581685946167
2014-02-19 14:00:00,0.0
2014-02-19 15:00:00,0.7157201088329227
2014-02-19 16:00:00,0.7157716354606314
2014-02-19 17:00:00,0.0
2014-02-19 18:00:00,0.9947883245051236
2014-02-19 19:00:00,1.0878454141476614
2014-02-19 20:00:00,1.0774370353504388
2014-02-19 21:00:00,1.0361642065554875
2014-02-19 22:00:00,0.6795999428088775
2014-02-19 23:00:00,-0.6153672647748953
2014-02-20 00:00:00,-1.3957380414284184
2014-02-20 01:00:00,0.0
2014-02-20 02:00:00,-1.4009937574547444
2014-02-20 03:00:00,-1.5298103267273575
2014-02-20 04:00:00,-1.5091996756437398
2014-02-20 05:00:00,-1.4782836990183148
2014-02-20 06:00:00,-1.26681841890038
2014-02-20 07:00:00,0.0
2014-02-20 08:00:00,0.0
2014-02-20 09:00:00,0.0
2014-02-20 10:00:00,0.0
2014-02-20 11:00:00,0.0
2014-02-20 12:00:00,0.0
2014-02-20 13:00:00,0.0
2014-02-20 14:00:00,0.0
2014-02-20 15:00:00,0.7157716354606314
2014-02-20 16:00:00,0.0
2014-02-20 17:00:00,0.7829623579932291
2014-02-20 18:00:00,0.9947883245051236
2014-02-20 19:00:00,1.0619275204100118
2014-02-20 20:00:00,0.0
2014-02-20 21:00:00,0.9586166318533698
2014-02-20 22:00:00,0.0
2014-02-20 23:00:00,0.0
2014-02-21 00:00:00,-0.993572712159308
2014-02-21 01:00:00,0.0
2014-02-21 02:00:00,-1.4267055446815593
2014-02-21 03:00:00,-1.5555736405818854
2014-02-21 04:00:00,-1.5710316288945962
2014-02-21 05:00:00,0.0
2014-02-21 06:00:00,-1.4164002191397491
2014-02-21 07:00:00,0.0
2014-02-21 08:00:00,-0.2871426462682654
2014-02-21 09:00:00,0.0
2014-02-21 10:00:00,0.0
2014-02-21 11:00:00,0.9017827614902951
2014-02-21 12:00:00,0.7106189726897245
2014-02-21 13:00:00,0.7054147832911151
2014-02-21 14:00:00,0.0
2014-02-21 15:00:00,0.0
2014-02-21 16:00:00,0.0
2014-02-21 17:00:00,0.9224449392016228
2014-02-21 18:00:00,0.0
2014-02-21 19:00:00,1.072284372579529
2014-02-21 20:00:00,1.1498319472816467
2014-02-21 21:00:00,0.0
2014-02-21 22:00:00,0.6537851023266507
2014-02-21 23:00:00,-0.7185235734484093
2014-02-22 00:00:00,-1.45252038516379
2014-02-22 01:00:00,-1.4370108702233633
2014-02-22 02:00:00,-1.4215528819106493
2014-02-22 03:00:00,0.0
2014-02-22 04:00:00,-1.5040470128728363
2014-02-22 05:00:00,0.0
2014-02-22 06:00:00,0.0
2014-02-22 07:00:00,-0.7563956448145581
2014-02-22 08:00:00,0.0
2014-02-22 09:00:00,0.0
2014-02-22 10:00:00,0.0
2014-02-22 11:00:00,0.9586166318533766
2014-02-22 12:00:00,1.0723358992072383
2014-02-22 13:00:00,0.0
2014-02-22 14:00:00,0.9379544541420428
2014-02-22 15:00:00,0.0
2014-02-22 16:00:00,0.7777066419669073
2014-02-22 17:00:00,0.9483113063115591
2014-02-22 18:00:00,0.0
2014-02-22 19:00:00,1.2221238059574382
2014-02-22 20:00:00,1.1084560652312796
2014-02-22 21:00:00,1.0413168693263906
2014-02-22 22:00:00,0.6485809129280335
2014-02-22 23:00:00,0.0
2014-02-23 00:00:00,-1.3905853786575149
2014-02-23 01:00:00,-1.3854842425143175
2014-02-23 02:00:00,-1.385432715886608
2014-02-23 03:00:00,0.0
2014-02-23 04:00:00,-1.4731310362474113
2014-02-23 05:00:00,0.0
2014-02-23 06:00:00,-1.400942230827035
2014-02-23 07:00:00,-0.4624362337344461
2014-02-23 08:00:00,0.0
2014-02-23 09:00:00,0.3201501879105661
2014-02-23 10:00:00,1.0929465502908589
2014-02-23 11:00:00,1.1085075918589884
2014-02-23 12:00:00,0.9947883245051206
2014-02-23 13:00:00,0.0
2014-02-23 14:00:00,0.0
2014-02-23 15:00:00,0.0
2014-02-23 16:00:00,0.0
2014-02-23 17:00:00,0.0
2014-02-23 18:00:00,0.0
2014-02-23 19:00:00,1.0826412247490482
2014-02-23 20:00:00,0.0
2014-02-23 21:00:00,0.0
2014-02-23 22:00:00,0.0
2014-02-23 23:00:00,-0.7925158108386026
2014-02-24 00:00:00,-1.390636905285221
2014-02-24 01:00:00,0.0
2014-02-24 02:00:00,0.0
2014-02-24 03:00:00,-1.5607263033527856
2014-02-24 04:00:00,-1.5761842916654998
2014-02-24 05:00:00,0.0
2014-02-24 06:00:00,-1.2719710816712868
2014-02-24 07:00:00,0.0
2014-02-24 08:00:00,-0.10494449068907662
2014-02-24 09:00:00,0.0
2014-02-24 10:00:00,0.0
2014-02-24 11:00:00,0.0
2014-02-24 12:00:00,0.7209242982315351
2014-02-24 13:00:00,0.8397447017286012
2014-02-24 14:00:00,0.0
2014-02-24 15:00:00,0.5814417170231491
2014-02-24 16:00:00,0.6279187352167067
2014-02-24 17:00:00,0.7002621205202113
2014-02-24 18:00:00,0.6485809129280335
2014-02-24 19:00:00,0.8191340506449837
2014-02-24 20:00:00,0.9069354242611951
2014-02-24 21:00:00,0.0
2014-02-24 22:00:00,0.0
2014-02-24 23:00:00,-0.7408861298741377
2014-02-25 00:00:00,0.0
2014-02-25 01:00:00,0.0
2014-02-25 02:00:00,0.0
2014-02-25 03:00:00,-1.4576730479346904
2014-02-25 04:00:00,0.0
2014-02-25 05:00:00,-1.4988943501019292
2014-02-25 06:00:00,-1.3545167392611799
2014-02-25 07:00:00,-0.5294723763839191
2014-02-25 08:00:00,-0.3438734633759274
2014-02-25 09:00:00,0.0
2014-02-25 10:00:00,0.0
2014-02-25 11:00:00,0.0
2014-02-25 12:00:00,0.9431586435406553
2014-02-25 13:00:00,0.7261284876301484
2014-02-25 14:00:00,0.7054663099188206
2014-02-25 15:00:00,0.8139298612463636
2014-02-25 16:00:00,0.0
2014-02-25 17:00:00,0.0
2014-02-25 18:00:00,1.1704425983652635
2014-02-25 19:00:00,1.1446792845107392
2014-02-25 20:00:00,1.1601372728234567
2014-02-25 21:00:00,1.1963089654752044
2014-02-25 22:00:00,0.0
2014-02-25 23:00:00,-0.6772507446534646
2014-02-26 00:00:00,0.0
2014-02-26 01:00:00,0.0
2014-02-26 02:00:00,-1.4318582074524633
2014-02-26 03:00:00,0.0
2014-02-26 04:00:00,-1.5710831555223035
2014-02-26 05:00:00,0.0
2014-02-26 06:00:00,-1.3905853786575118
2014-02-26 07:00:00,0.0
2014-02-26 08:00:00,0.0
2014-02-26 09:00:00,0.0
2014-02-26 10:00:00,0.8501015538981175
2014-02-26 11:00:00,0.0
2014-02-26 12:00:00,0.8190825240172674
2014-02-26 13:00:00,0.7984203463059436
2014-02-26 14:00:00,0.7158231620883407
2014-02-26 15:00:00,0.0
2014-02-26 16:00:00,0.8448973644995011
2014-02-26 17:00:00,0.8604068794399281
2014-02-26 18:00:00,0.0
2014-02-26 19:00:00,1.1291182429426065
2014-02-26 20:00:00,1.1394235684844172
2014-02-26 21:00:00,1.253142835838289
2014-02-26 22:00:00,0.0
2014-02-26 23:00:00,0.0
2014-02-27 00:00:00,-1.3906369052852243
2014-02-27 01:00:00,-1.3544652126334702
2014-02-27 02:00:00,-1.4318582074524564
2014-02-27 03:00:00,-1.4370623968510794
2014-02-27 04:00:00,-1.4834363617892152
2014-02-27 05:00:00,-1.457673047934697
2014-02-27 06:00:00,0.0
2014-02-27 07:00:00,0.0
2014-02-27 08:00:00,-0.4005527538558769
2014-02-27 09:00:00,0.34730472071323215
2014-02-27 10:00:00,0.8345920389576943
2014-02-27 11:00:00,0.0
2014-02-27 12:00:00,1.2014616282461112
2014-02-27 13:00:00,1.077437035350432
2014-02-27 14:00:00,0.9586166318533728
2014-02-27 15:00:00,0.9534639690824698
2014-02-27 16:00:00,0.8449488911272144
2014-02-27 17:00:00,0.8862732465498682
2014-02-27 18:00:00,1.0568263842668106
2014-02-27 19:00:00,1.242785983668769
2014-02-27 20:00:00,0.0
2014-02-27 21:00:00,1.0929465502908557
2014-02-27 22:00:00,0.0
2014-02-27 23:00:00,-0.7391857511597397
2014-02-28 00:00:00,-1.4267570713092657
2014-02-28 01:00:00,0.0
2014-02-28 02:00:00,0.0
2014-02-28 03:00:00,0.0
2014-02-28 04:00:00,-1.4628257107055973
2014-02-28 05:00:00,-1.4422150596219832
2014-02-28 06:00:00,-1.380331579743414
2014-02-28 07:00:00,-0.7099701532487062
2014-02-28 08:00:00,-0.4418771092785345
2014-02-28 09:00:00,-0.5461670037616505
2014-02-28 10:00:00,0.5693329595115212
2014-02-28 11:00:00,0.0
2014-02-28 12:00:00,0.0
2014-02-28 13:00:00,1.1136087280021865
2014-02-28 14:00:00,0.9172407498030057
2014-02-28 15:00:00,0.0
2014-02-28 16:00:00,1.0051451766746435
2014-02-28 17:00:00,1.0051451766746435
2014-02-28 18:00:00,0.0
2014-02-28 19:00:00,1.3565052510226305
2014-02-28 20:00:00,1.3099767062013665
2014-02-28 21:00:00,0.0
2014-02-28 22:00:00,0.8811205837789644
2014-02-28 23:00:00,-0.6823518807966586
2014-03-01 00:00:00,-1.4370108702233666
2014-03-01 01:00:00,0.0
2014-03-01 02:00:00,-1.4679783734765044
2014-03-01 03:00:00,0.0
2014-03-01 04:00:00,-1.5968464693768327
2014-03-01 05:00:00,-1.5968464693768314
2014-03-01 06:00:00,-1.2668699455280927
2014-03-01 07:00:00,0.0
2014-03-01 08:00:00,-0.15307036096932974
2014-03-01 09:00:00,0.5283177638551207
2014-03-01 10:00:00,0.0
2014-03-01 11:00:00,0.0
2014-03-01 12:00:00,1.144679284510743
2014-03-01 13:00:00,1.1652899355943636
2014-03-01 14:00:00,1.0568263842668175
2014-03-01 15:00:00,0.9121396136598083
2014-03-01 16:00:00,1.0154505022164513
2014-03-01 17:00:00,0.0
2014-03-01 18:00:00,1.1239140535439927
2014-03-01 19:00:00,0.0
2014-03-01 20:00:00,1.2066142910170181
2014-03-01 21:00:00,0.0
2014-03-01 22:00:00,0.0
2014-03-01 23:00:00,-0.7254796681891296
2014-03-02 00:00:00,0.0
2014-03-02 01:00:00,0.0
2014-03-02 02:00:00,0.0
2014-03-02 03:00:00,-1.5813369544364066
2014-03-02 04:00:00,-1.5761842916654998
2014-03-02 05:00:00,0.0
2014-03-02 06:00:00,0.0
2014-03-02 07:00:00,0.0
2014-03-02 08:00:00,-0.2922953090391723
2014-03-02 09:00:00,0.0
2014-03-02 10:00:00,1.1549846100525536
2014-03-02 11:00:00,0.0
2014-03-02 12:00:00,1.0878454141476614
2014-03-02 13:00:00,0.9999409872760274
2014-03-02 14:00:00,0.0
2014-03-02 15:00:00,0.9121396136598152
2014-03-02 16:00:00,0.0
2014-03-02 17:00:00,0.963820821251983
2014-03-02 18:00:00,0.9947883245051206
2014-03-02 19:00:00,0.9740746201660843
2014-03-02 20:00:00,1.1755952611361704
2014-03-02 21:00:00,1.087793887519952
2014-03-02 22:00:00,0.0
2014-03-02 23:00:00,0.0
2014-03-03 00:00:00,-1.473131036247408
2014-03-03 01:00:00,0.0
2014-03-03 02:00:00,-1.4628257107055973
2014-03-03 03:00:00,0.0
2014-03-03 04:00:00,-1.5504209778109819
2014-03-03 05:00:00,0.0
2014-03-03 06:00:00,-1.478232172390602
2014-03-03 07:00:00,-0.8491951013185517
2014-03-03 08:00:00,0.0
2014-03-03 09:00:00,0.0
2014-03-03 10:00:00,0.0
2014-03-03 11:00:00,0.8501015538981213
2014-03-03 12:00:00,0.0
2014-03-03 13:00:00,0.9172922764307121
2014-03-03 14:00:00,0.901782761490292
2014-03-03 15:00:00,0.8759679210080583
2014-03-03 16:00:00,0.0
2014-03-03 17:00:00,0.0
2014-03-03 18:00:00,0.9741261467937997
2014-03-03 19:00:00,1.1859521133056912
2014-03-03 20:00:00,1.1497288940262271
2014-03-03 21:00:00,1.1291697695703191
2014-03-03 22:00:00,0.8294393761867866
2014-03-03 23:00:00,0.0
2014-03-04 00:00:00,0.0
2014-03-04 01:00:00,-1.3906369052852243
2014-03-04 02:00:00,-1.3906369052852243
2014-03-04 03:00:00,-1.4731310362474046
2014-03-04 04:00:00,-1.5040470128728363
2014-03-04 05:00:00,-1.4473677223928831
2014-03-04 06:00:00,-1.406043366970229
2014-03-04 07:00:00,-0.8027696097527035
2014-03-04 08:00:00,-0.23556449193150997
2014-03-04 09:00:00,0.22188890886941165
2014-03-04 10:00:00,0.0
2014-03-04 11:00:00,0.0
2014-03-04 12:00:00,0.0
2014-03-04 13:00:00,0.9276491286002322
2014-03-04 14:00:00,1.0154505022164513
2014-03-04 15:00:00,0.0
2014-03-04 16:00:00,0.963820821251986
2014-03-04 17:00:00,0.9379029275143365
2014-03-04 18:00:00,1.0361126799277782
2014-03-04 19:00:00,0.0
2014-03-04 20:00:00,0.0
2014-03-04 21:00:00,0.0
2014-03-04 22:00:00,0.0
2014-03-04 23:00:00,-0.666945419111654
2014-03-05 00:00:00,-1.3390072243207563
2014-03-05 01:00:00,-1.3442114137193726
2014-03-05 02:00:00,0.0
2014-03-05 03:00:00,-1.380331579743417
2014-03-05 04:00:00,-1.4679783734765044
2014-03-05 05:00:00,-1.4422150596219798
2014-03-05 06:00:00,-1.2049349390218176
2014-03-05 07:00:00,-0.6222718328879097
2014-03-05 08:00:00,-0.42641912096582046
2014-03-05 09:00:00,0.0
2014-03-05 10:00:00,0.5762890542522422
2014-03-05 11:00:00,0.0
2014-03-05 12:00:00,0.0
2014-03-05 13:00:00,0.8190825240172704
2014-03-05 14:00:00,0.0
2014-03-05 15:00:00,0.0
2014-03-05 16:00:00,0.7778096952223252
2014-03-05 17:00:00,0.0
2014-03-05 18:00:00,0.0
2014-03-05 19:00:00,1.1394235684844203
2014-03-05 20:00:00,0.0
2014-03-05 21:00:00,0.0
2014-03-05 22:00:00,0.0
2014-03-05 23:00:00,-0.7305808043323271
2014-03-06 00:00:00,-1.3854842425143175
2014-03-06 01:00:00,-1.3596694020320867
2014-03-06 02:00:00,-1.4215528819106493
2014-03-06 03:00:00,-1.4885890245601185
2014-03-06 04:00:00,0.0
2014-03-06 05:00:00,-1.447316195765174
2014-03-06 06:00:00,0.0
2014-03-06 07:00:00,-0.606865371202905
2014-03-06 08:00:00,0.0
2014-03-06 09:00:00,0.0
2014-03-06 10:00:00,0.7261284876301514
2014-03-06 11:00:00,0.8294909028144999
2014-03-06 12:00:00,0.0
2014-03-06 13:00:00,0.7518918014846758
2014-03-06 14:00:00,0.8345920389576943
2014-03-06 15:00:00,0.0
2014-03-06 16:00:00,0.0
2014-03-06 17:00:00,0.0
2014-03-06 18:00:00,0.0
2014-03-06 19:00:00,1.077437035350436
2014-03-06 20:00:00,1.0722843725795281
2014-03-06 21:00:00,0.9276491286002322
2014-03-06 22:00:00,0.6744472800379775
2014-03-06 23:00:00,0.0
2014-03-07 00:00:00,0.0
2014-03-07 01:00:00,-1.3648220648029903
2014-03-07 02:00:00,-1.3905853786575149
2014-03-07 03:00:00,0.0
2014-03-07 04:00:00,-1.4679783734765044
2014-03-07 05:00:00,-1.4422150596219798
2014-03-07 06:00:00,-1.375127390344801
2014-03-07 07:00:00,0.0
2014-03-07 08:00:00,0.0
2014-03-07 09:00:00,0.0
2014-03-07 10:00:00,0.8035730090768504
2014-03-07 11:00:00,0.8552542166690212
2014-03-07 12:00:00,0.0
2014-03-07 13:00:00,0.9999409872760274
2014-03-07 14:00:00,0.9999409872760274
2014-03-07 15:00:00,0.8656110688385413
2014-03-07 16:00:00,0.0
2014-03-07 17:00:00,0.8552542166690212
2014-03-07 18:00:00,0.8604584060676345
2014-03-07 19:00:00,1.253142835838289
2014-03-07 20:00:00,1.1807479239070742
2014-03-07 21:00:00,0.0
2014-03-07 22:00:00,0.8501530805258268
2014-03-07 23:00:00,0.0
2014-03-08 00:00:00,-1.339058750948469
2014-03-08 01:00:00,-1.3287534254066586
2014-03-08 02:00:00,-1.3648220648029872
2014-03-08 03:00:00,0.0
2014-03-08 04:00:00,-1.4834363617892186
2014-03-08 05:00:00,0.0
2014-03-08 06:00:00,-1.137950323000054
2014-03-08 07:00:00,0.0
2014-03-08 08:00:00,0.0
2014-03-08 09:00:00,0.0
2014-03-08 10:00:00,0.8759679210080613
2014-03-08 11:00:00,0.8759163943803482
2014-03-08 12:00:00,1.0102978394455475
2014-03-08 13:00:00,0.9689219573951766
2014-03-08 14:00:00,1.0929465502908557
2014-03-08 15:00:00,0.0
2014-03-08 16:00:00,0.0
2014-03-08 17:00:00,0.7054147832911121
2014-03-08 18:00:00,0.6795484161811712
2014-03-08 19:00:00,0.9586166318533698
2014-03-08 20:00:00,1.2066142910170143
2014-03-08 21:00:00,1.0154505022164513
2014-03-08 22:00:00,0.0
2014-03-08 23:00:00,0.0
2014-03-09 00:00:00,-1.2513604305876658
2014-03-09 01:00:00,-1.2101391284204304
2014-03-09 02:00:00,0.0
2014-03-09 03:00:00,-1.3389556976930468
2014-03-09 04:00:00,0.0
2014-03-09 05:00:00,-1.3183965732371385
2014-03-09 06:00:00,-1.235953968902661
2014-03-09 07:00:00,0.0
2014-03-09 08:00:00,0.0
2014-03-09 09:00:00,0.11352841079728482
2014-03-09 10:00:00,0.0
2014-03-09 11:00:00,0.932801791371139
2014-03-09 12:00:00,0.9482597796838497
2014-03-09 13:00:00,1.0154505022164504
2014-03-09 14:00:00,0.8087771984754598
2014-03-09 15:00:00,0.0
2014-03-09 16:00:00,0.7777581685946167
2014-03-09 17:00:00,0.0
2014-03-09 18:00:00,0.0
2014-03-09 19:00:00,0.0
2014-03-09 20:00:00,1.0671317098086244
2014-03-09 21:00:00,0.0
2014-03-09 22:00:00,0.7209242982315351
2014-03-09 23:00:00,-0.5843997615217609
2014-03-10 00:00:00,-1.318345046609429
2014-03-10 01:00:00,-1.3080912476953315
2014-03-10 02:00:00,0.0
2014-03-10 03:00:00,0.0
2014-03-10 04:00:00,-1.4422150596219763
2014-03-10 05:00:00,-1.3751789169725137
2014-03-10 06:00:00,-1.1998338028786202
2014-03-10 07:00:00,-0.6222718328879097
2014-03-10 08:00:00,0.0
2014-03-10 09:00:00,0.0
2014-03-10 10:00:00,0.5297605094309714
2014-03-10 11:00:00,0.8346435655854068
2014-03-10 12:00:00,0.0
2014-03-10 13:00:00,0.0
2014-03-10 14:00:00,0.0
2014-03-10 15:00:00,0.0
2014-03-10 16:00:00,0.824338240043593
2014-03-10 17:00:00,0.0
2014-03-10 18:00:00,0.7157716354606314
2014-03-10 19:00:00,1.1342709057135134
2014-03-10 20:00:00,0.0
2014-03-10 21:00:00,0.0
2014-03-10 22:00:00,0.0
2014-03-10 23:00:00,0.0
2014-03-11 00:00:00,-1.2616657561294762
2014-03-11 01:00:00,-1.215291791191334
2014-03-11 02:00:00,-1.3132439104662317
2014-03-11 03:00:00,0.0
2014-03-11 04:00:00,0.0
2014-03-11 05:00:00,-1.3545167392611799
2014-03-11 06:00:00,-1.3338545615498527
2014-03-11 07:00:00,-0.6222718328879097
2014-03-11 08:00:00,-0.33351661120640774
2014-03-11 09:00:00,0.029127794609865584
2014-03-11 10:00:00,0.5022968168620455
2014-03-11 11:00:00,0.917292276430719
2014-03-11 12:00:00,0.0
2014-03-11 13:00:00,0.0
2014-03-11 14:00:00,0.0
2014-03-11 15:00:00,0.0
2014-03-11 16:00:00,0.0
2014-03-11 17:00:00,0.7726055058237128
2014-03-11 18:00:00,0.8501015538981175
2014-03-11 19:00:00,0.0
2014-03-11 20:00:00,1.2480416996950907
2014-03-11 21:00:00,1.036112679927781
2014-03-11 22:00:00,0.7778096952223222
2014-03-11 23:00:00,-0.49154877839005406
2014-03-12 00:00:00,0.0
2014-03-12 01:00:00,0.0
2014-03-12 02:00:00,-1.292633259382617
2014-03-12 03:00:00,-1.323549236008042
2014-03-12 04:00:00,-1.339058750948469
2014-03-12 05:00:00,0.0
2014-03-12 06:00:00,-1.3493640764902763
2014-03-12 07:00:00,-0.6016611818042921
2014-03-12 08:00:00,-0.3335681378341171
2014-03-12 09:00:00,-0.07402851406364842
2014-03-12 10:00:00,0.6743957534102644
2014-03-12 11:00:00,0.0
2014-03-12 12:00:00,0.0
2014-03-12 13:00:00,0.0
2014-03-12 14:00:00,0.0
2014-03-12 15:00:00,0.0
2014-03-12 16:00:00,0.0
2014-03-12 17:00:00,0.6537335756989404
2014-03-12 18:00:00,0.5659322020827221
2014-03-12 19:00:00,0.8656110688385413
2014-03-12 20:00:00,0.0
2014-03-12 21:00:00,0.9276491286002322
2014-03-12 22:00:00,0.6227660724458028
2014-03-12 23:00:00,0.0
2014-03-13 00:00:00,-1.4525203851637902
2014-03-13 01:00:00,-1.3906369052852243
2014-03-13 02:00:00,-1.4988943501019325
2014-03-13 03:00:00,0.0
2014-03-13 04:00:00,-1.5143523384146433
2014-03-13 05:00:00,-1.5143523384146467
2014-03-13 06:00:00,-1.4678753202210855
2014-03-13 07:00:00,-0.9213839067389316
2014-03-13 08:00:00,-0.22015803024650527
2014-03-13 09:00:00,-0.20985270470469458
2014-03-13 10:00:00,0.5555238232854958
2014-03-13 11:00:00,0.5607795393118183
2014-03-13 12:00:00,0.0
2014-03-13 13:00:00,0.0
2014-03-13 14:00:00,0.0
2014-03-13 15:00:00,0.46256978689837364
2014-03-13 16:00:00,0.5607795393118183
2014-03-13 17:00:00,0.6382240607585173
2014-03-13 18:00:00,0.0
2014-03-13 19:00:00,0.9017312348625797
2014-03-13 20:00:00,0.9534124424547565
2014-03-13 21:00:00,0.8449488911272175
2014-03-13 22:00:00,0.0
2014-03-13 23:00:00,0.0
2014-03-14 00:00:00,0.0
2014-03-14 01:00:00,0.0
2014-03-14 02:00:00,-1.4524688585360774
2014-03-14 03:00:00,0.0
2014-03-14 04:00:00,-1.5040470128728394
2014-03-14 05:00:00,-1.565930492751401
2014-03-14 06:00:00,0.0
2014-03-14 07:00:00,-0.8388382491490355
2014-03-14 08:00:00,0.0
2014-03-14 09:00:00,-0.24076868133012622
2014-03-14 10:00:00,0.0
2014-03-14 11:00:00,0.5917470425649529
2014-03-14 12:00:00,0.0
2014-03-14 13:00:00,0.5814417170231453
2014-03-14 14:00:00,0.5658806754550127
2014-03-14 15:00:00,0.0
2014-03-14 16:00:00,0.0
2014-03-14 17:00:00,0.586594379794049
2014-03-14 18:00:00,0.0
2014-03-14 19:00:00,0.0
2014-03-14 20:00:00,0.0
2014-03-14 21:00:00,0.8035730090768474
2014-03-14 22:00:00,0.5349646988295845
2014-03-14 23:00:00,-0.5329246604404211
2014-03-15 00:00:00,-1.313243910466235
2014-03-15 01:00:00,0.0
2014-03-15 02:00:00,0.0
2014-03-15 03:00:00,-1.4834363617892186
2014-03-15 04:00:00,0.0
2014-03-15 05:00:00,-1.5607778299804997
2014-03-15 06:00:00,-1.3596694020320867
2014-03-15 07:00:00,0.0
2014-03-15 08:00:00,-0.6120180339738087
2014-03-15 09:00:00,-0.10489296406136722
2014-03-15 10:00:00,0.7984203463059436
2014-03-15 11:00:00,0.6072050308776734
2014-03-15 12:00:00,0.855254216669025
2014-03-15 13:00:00,0.7158231620883407
2014-03-15 14:00:00,0.7932676835350367
2014-03-15 15:00:00,0.4470087453302373
2014-03-15 16:00:00,0.5865428531663427
2014-03-15 17:00:00,0.0
2014-03-15 18:00:00,0.0
2014-03-15 19:00:00,0.0
2014-03-15 20:00:00,0.0
2014-03-15 21:00:00,0.8242351867881743
2014-03-15 22:00:00,0.0
2014-03-15 23:00:00,-0.694512164935992
2014-03-16 00:00:00,0.0
2014-03-16 01:00:00,-1.4370108702233666
2014-03-16 02:00:00,0.0
2014-03-16 03:00:00,-1.5246576639564537
2014-03-16 04:00:00,-1.5349629894982644
2014-03-16 05:00:00,-1.5864896172073069
2014-03-16 06:00:00,-1.4936901607033195
2014-03-16 07:00:00,-0.7770062958981792
2014-03-16 08:00:00,-0.5242681869853025
2014-03-16 09:00:00,0.0
2014-03-16 10:00:00,0.7880634941364235
2014-03-16 11:00:00,0.7312811504010552
2014-03-16 12:00:00,0.0
2014-03-16 13:00:00,0.7364338131719621
2014-03-16 14:00:00,0.0
2014-03-16 15:00:00,0.0
2014-03-16 16:00:00,0.6743957534102681
2014-03-16 17:00:00,0.0
2014-03-16 18:00:00,0.0
2014-03-16 19:00:00,0.8087771984754598
2014-03-16 20:00:00,0.7208727716038296
2014-03-16 21:00:00,0.7054147832911121
2014-03-16 22:00:00,0.5194551838891638
2014-03-16 23:00:00,-0.7391342245320304
2014-03-17 00:00:00,0.0
2014-03-17 01:00:00,-1.4009422308270316
2014-03-17 02:00:00,0.0
2014-03-17 03:00:00,0.0
2014-03-17 04:00:00,0.0
2014-03-17 05:00:00,-1.5040470128728363
2014-03-17 06:00:00,-1.2204959805899505
2014-03-17 07:00:00,0.0
2014-03-17 08:00:00,0.0
2014-03-17 09:00:00,0.0
2014-03-17 10:00:00,0.3472531940855228
2014-03-17 11:00:00,0.6021554213621824
2014-03-17 12:00:00,0.6640904278684575
2014-03-17 13:00:00,0.5038941423210282
2014-03-17 14:00:00,0.45741712412746677
2014-03-17 15:00:00,0.6124607469039922
2014-03-17 16:00:00,0.6434282501571268
2014-03-17 17:00:00,0.0
2014-03-17 18:00:00,0.4419076091870433
2014-03-17 19:00:00,0.6795999428088814
2014-03-17 20:00:00,0.0
2014-03-17 21:00:00,0.0
2014-03-17 22:00:00,0.5142509944905482
2014-03-17 23:00:00,-0.8595004268603659
2014-03-18 00:00:00,0.0
2014-03-18 01:00:00,0.0
2014-03-18 02:00:00,-1.5143523384146467
2014-03-18 03:00:00,0.0
2014-03-18 04:00:00,-1.5452683150400717
2014-03-18 05:00:00,0.0
2014-03-18 06:00:00,0.0
2014-03-18 07:00:00,-0.7512945086713637
2014-03-18 08:00:00,0.0
2014-03-18 09:00:00,0.0
2014-03-18 10:00:00,0.0
2014-03-18 11:00:00,0.42990190493083463
2014-03-18 12:00:00,0.529708982803262
2014-03-18 13:00:00,0.0
2014-03-18 14:00:00,0.0
2014-03-18 15:00:00,0.4625697868983706
2014-03-18 16:00:00,0.7054147832911121
2014-03-18 17:00:00,0.540065834972779
2014-03-18 18:00:00,0.0
2014-03-18 19:00:00,0.0
2014-03-18 20:00:00,0.0
2014-03-18 21:00:00,0.8604584060676375
2014-03-18 22:00:00,0.5504226871422983
2014-03-18 23:00:00,-0.5948081403189903
2014-03-19 00:00:00,0.0
2014-03-19 01:00:00,-1.4009422308270347
2014-03-19 02:00:00,0.0
2014-03-19 03:00:00,0.0
2014-03-19 04:00:00,-1.4782836990183117
2014-03-19 05:00:00,0.0
2014-03-19 06:00:00,-1.452468858536081
2014-03-19 07:00:00,0.0
2014-03-19 08:00:00,-0.5192185774698148
2014-03-19 09:00:00,0.0
2014-03-19 10:00:00,0.3042284599484706
2014-03-19 11:00:00,0.5246078466600645
2014-03-19 12:00:00,0.5090983317196407
2014-03-19 13:00:00,0.0
2014-03-19 14:00:00,0.0
2014-03-19 15:00:00,0.0
2014-03-19 16:00:00,0.540065834972782
2014-03-19 17:00:00,0.7312296237733428
2014-03-19 18:00:00,0.7209758248592445
2014-03-19 19:00:00,0.8242867134158837
2014-03-19 20:00:00,0.8242351867881773
2014-03-19 21:00:00,0.8656110688385413
2014-03-19 22:00:00,0.6124607469039922
2014-03-19 23:00:00,0.0
2014-03-20 00:00:00,-1.4422150596219798
2014-03-20 01:00:00,0.0
2014-03-20 02:00:00,-1.5504209778109785
2014-03-20 03:00:00,0.0
2014-03-20 04:00:00,-1.5452683150400748
2014-03-20 05:00:00,0.0
2014-03-20 06:00:00,-1.5298103267273586
2014-03-20 07:00:00,-0.9110270545694119
2014-03-20 08:00:00,0.0
2014-03-20 09:00:00,0.0
2014-03-20 10:00:00,0.6537851023266468
2014-03-20 11:00:00,0.4883846273806013
2014-03-20 12:00:00,0.0
2014-03-20 13:00:00,0.5452700243713945
2014-03-20 14:00:00,0.5194036572614513
2014-03-20 15:00:00,0.5142509944905482
2014-03-20 16:00:00,0.4108370526784835
2014-03-20 17:00:00,0.4781308284665069
2014-03-20 18:00:00,0.0
2014-03-20 19:00:00,0.596951231963566
2014-03-20 20:00:00,0.6640904278684575
2014-03-20 21:00:00,0.7518918014846727
2014-03-20 22:00:00,0.5349131722018752
2014-03-20 23:00:00,-0.7306323309600364
2014-03-21 00:00:00,-1.3957895680561279
2014-03-21 01:00:00,-1.4318582074524597
2014-03-21 02:00:00,0.0
2014-03-21 03:00:00,0.0
2014-03-21 04:00:00,-1.560726303352789
2014-03-21 05:00:00,-1.5710316288945962
2014-03-21 06:00:00,0.0
2014-03-21 07:00:00,-0.8233802608363214
2014-03-21 08:00:00,0.0
2014-03-21 09:00:00,0.0
2014-03-21 10:00:00,0.0
2014-03-21 11:00:00,0.0
2014-03-21 12:00:00,0.8759679210080613
2014-03-21 13:00:00,0.0
2014-03-21 14:00:00,0.0
2014-03-21 15:00:00,0.7157716354606314
2014-03-21 16:00:00,0.0
2014-03-21 17:00:00,0.7984203463059436
2014-03-21 18:00:00,0.875916394380352
2014-03-21 19:00:00,0.0
2014-03-21 20:00:00,1.1240171067994122
2014-03-21 21:00:00,0.932801791371139
2014-03-21 22:00:00,0.0
2014-03-21 23:00:00,0.0
2014-03-22 00:00:00,0.0
2014-03-22 01:00:00,0.0
2014-03-22 02:00:00,0.0
2014-03-22 03:00:00,0.0
2014-03-22 04:00:00,-1.4834363617892186
2014-03-22 05:00:00,-1.5452683150400783
2014-03-22 06:00:00,0.0
2014-03-22 07:00:00,-0.7976169469817966
2014-03-22 08:00:00,0.0
2014-03-22 09:00:00,0.055045688347515075
2014-03-22 10:00:00,0.7157201088329258
2014-03-22 11:00:00,0.0
2014-03-22 12:00:00,0.0
2014-03-22 13:00:00,0.6640904278684544
2014-03-22 14:00:00,0.0
2014-03-22 15:00:00,0.0
2014-03-22 16:00:00,0.0
2014-03-22 17:00:00,0.0
2014-03-22 18:00:00,0.7674528430528021
2014-03-22 19:00:00,0.7106189726897245
2014-03-22 20:00:00,0.8035730090768504
2014-03-22 21:00:00,0.7932676835350397
2014-03-22 22:00:00,0.6589377650975506
2014-03-22 23:00:00,-0.6463347680280364
2014-03-23 00:00:00,-1.4628257107056009
2014-03-23 01:00:00,-1.5040470128728327
2014-03-23 02:00:00,-1.6122529310618348
2014-03-23 03:00:00,-1.5864896172073135
2014-03-23 04:00:00,-1.591642279978214
2014-03-23 05:00:00,0.0
2014-03-23 06:00:00,-1.4267055446815562
2014-03-23 07:00:00,0.0
2014-03-23 08:00:00,-0.6274244956588165
2014-03-23 09:00:00,0.0
2014-03-23 10:00:00,0.6434282501571298
2014-03-23 11:00:00,0.6537851023266468
2014-03-23 12:00:00,0.7674013164250966
2014-03-23 13:00:00,0.6692946172670706
2014-03-23 14:00:00,0.5762375276245321
2014-03-23 15:00:00,0.6951094577493044
2014-03-23 16:00:00,0.0
2014-03-23 17:00:00,0.0
2014-03-23 18:00:00,0.5865943797940529
2014-03-23 19:00:00,0.0
2014-03-23 20:00:00,0.7157201088329227
2014-03-23 21:00:00,0.6795999428088814
2014-03-23 22:00:00,0.0
2014-03-23 23:00:00,-0.7048174904778027
2014-03-24 00:00:00,0.0
2014-03-24 01:00:00,-1.5195050011855538
2014-03-24 02:00:00,-1.6071517949186387
2014-03-24 03:00:00,0.0
2014-03-24 04:00:00,-1.6587299492553977
2014-03-24 05:00:00,-1.6329151087731624
2014-03-24 06:00:00,-1.4112475563688387
2014-03-24 07:00:00,-0.7151743426473227
2014-03-24 08:00:00,0.0
2014-03-24 09:00:00,-0.24076868133012622
2014-03-24 10:00:00,0.4488637039277669
2014-03-24 11:00:00,0.8036760623322623
2014-03-24 12:00:00,0.798471872933653
2014-03-24 13:00:00,0.0
2014-03-24 14:00:00,0.6382240607585205
2014-03-24 15:00:00,0.0
2014-03-24 16:00:00,0.7105674460620189
2014-03-24 17:00:00,0.0
2014-03-24 18:00:00,0.0
2014-03-24 19:00:00,0.6537335756989404
2014-03-24 20:00:00,0.0
2014-03-24 21:00:00,0.0
2014-03-24 22:00:00,0.5348616455741688
2014-03-24 23:00:00,0.0
2014-03-25 00:00:00,0.0
2014-03-25 01:00:00,-1.488589024560122
2014-03-25 02:00:00,0.0
2014-03-25 03:00:00,-1.5091996756437396
2014-03-25 04:00:00,-1.5761842916654998
2014-03-25 05:00:00,-1.591642279978214
2014-03-25 06:00:00,-1.5246061373287443
2014-03-25 07:00:00,-0.8853152673425931
2014-03-25 08:00:00,-0.5037605891571038
2014-03-25 09:00:00,-0.26658352181235695
2014-03-25 10:00:00,0.45741712412746677
2014-03-25 11:00:00,0.0
2014-03-25 12:00:00,0.6382240607585143
2014-03-25 13:00:00,0.0
2014-03-25 14:00:00,0.6795999428088775
2014-03-25 15:00:00,0.0
2014-03-25 16:00:00,0.5814417170231453
2014-03-25 17:00:00,0.9430555902852364
2014-03-25 18:00:00,0.7932676835350397
2014-03-25 19:00:00,0.6485809129280335
2014-03-25 20:00:00,0.0
2014-03-25 21:00:00,0.7984203463059436
2014-03-25 22:00:00,0.4729266390678906
2014-03-25 23:00:00,-0.6996648277068989
2014-03-26 00:00:00,-1.5298103267273575
2014-03-26 01:00:00,-1.5298103267273608
2014-03-26 02:00:00,-1.6174571204604504
2014-03-26 03:00:00,-1.5298103267273575
2014-03-26 04:00:00,-1.6019991321477363
2014-03-26 05:00:00,0.0
2014-03-26 06:00:00,0.0
2014-03-26 07:00:00,-0.8956205928844038
2014-03-26 08:00:00,-0.45733509759124863
2014-03-26 09:00:00,0.0
2014-03-26 10:00:00,0.5659322020827221
2014-03-26 11:00:00,0.6072565575053798
2014-03-26 12:00:00,0.5246078466600675
2014-03-26 13:00:00,0.0
2014-03-26 14:00:00,0.5401173616004876
2014-03-26 15:00:00,0.0
2014-03-26 16:00:00,0.5142509944905476
2014-03-26 17:00:00,0.3592073717140217
2014-03-26 18:00:00,0.5968997053358597
2014-03-26 19:00:00,0.4832834912374069
2014-03-26 20:00:00,0.7467906653414752
2014-03-26 21:00:00,0.7467906653414791
2014-03-26 22:00:00,0.5297605094309683
2014-03-26 23:00:00,0.0
2014-03-27 00:00:00,-1.5710316288945927
2014-03-27 01:00:00,-1.5864896172073135
2014-03-27 02:00:00,-1.6484246237135867
2014-03-27 03:00:00,0.0
2014-03-27 04:00:00,0.0
2014-03-27 05:00:00,0.0
2014-03-27 06:00:00,-1.6587299492553975
2014-03-27 07:00:00,-0.9317407589084482
2014-03-27 08:00:00,0.0
2014-03-27 09:00:00,0.0
2014-03-27 10:00:00,0.2939231344066599
2014-03-27 11:00:00,0.0
2014-03-27 12:00:00,0.4299019049308377
2014-03-27 13:00:00,0.4263980942466229
2014-03-27 14:00:00,0.0
2014-03-27 15:00:00,0.41609276870481565
2014-03-27 16:00:00,0.0
2014-03-27 17:00:00,0.41604124207709975
2014-03-27 18:00:00,0.0
2014-03-27 19:00:00,0.6795999428088814
2014-03-27 20:00:00,0.7622486536541928
2014-03-27 21:00:00,0.0
2014-03-27 22:00:00,0.5348616455741688
2014-03-27 23:00:00,0.0
2014-03-28 00:00:00,-1.5710316288945994
2014-03-28 01:00:00,-1.591693806605927
2014-03-28 02:00:00,0.0
2014-03-28 03:00:00,0.0
2014-03-28 04:00:00,-1.555573640581882
2014-03-28 05:00:00,-1.6123044576895433
2014-03-28 06:00:00,-1.6071517949186394
2014-03-28 07:00:00,0.0
2014-03-28 08:00:00,-0.6583919989119544
2014-03-28 09:00:00,-0.31811014952140304
2014-03-28 10:00:00,0.33689634191600615
2014-03-28 11:00:00,0.0
2014-03-28 12:00:00,0.3902779282225819
2014-03-28 13:00:00,0.0
2014-03-28 14:00:00,0.5400658349727783
2014-03-28 15:00:00,0.0
2014-03-28 16:00:00,0.5038941423210282
2014-03-28 17:00:00,0.6227660724458028
2014-03-28 18:00:00,0.6485809129280335
2014-03-28 19:00:00,0.8552542166690243
2014-03-28 20:00:00,1.1033549290880853
2014-03-28 21:00:00,0.9689219573951804
2014-03-28 22:00:00,0.6072565575053798
2014-03-28 23:00:00,-0.8027696097527004
2014-03-29 00:00:00,-1.5195050011855502
2014-03-29 01:00:00,0.0
2014-03-29 02:00:00,-1.6432204343149737
2014-03-29 03:00:00,-1.5761842916655031
2014-03-29 04:00:00,0.0
2014-03-29 05:00:00,-1.7103081035921532
2014-03-29 06:00:00,-1.4885890245601199
2014-03-29 07:00:00,-0.7357849937309437
2014-03-29 08:00:00,0.0
2014-03-29 09:00:00,0.0
2014-03-29 10:00:00,0.0
2014-03-29 11:00:00,0.8397962283563075
2014-03-29 12:00:00,0.8293878495590812
2014-03-29 13:00:00,0.0
2014-03-29 14:00:00,0.5245563200323551
2014-03-29 15:00:00,0.5090983317196414
2014-03-29 16:00:00,0.7622486536541928
2014-03-29 17:00:00,0.0
2014-03-29 18:00:00,0.7312811504010513
2014-03-29 19:00:00,0.855254216669025
2014-03-29 20:00:00,0.0
2014-03-29 21:00:00,0.0
2014-03-29 22:00:00,0.6020523681067665
2014-03-29 23:00:00,-0.656691620197556
2014-03-30 00:00:00,-1.447316195765174
2014-03-30 01:00:00,-1.7979548973252437
2014-03-30 02:00:00,-2.607489745262085
2014-03-30 03:00:00,-1.5143523384146433
2014-03-30 04:00:00,-1.6226097832313537
2014-03-30 05:00:00,-1.5452683150400748
2014-03-30 06:00:00,-1.5298618533550692
2014-03-30 07:00:00,-0.8749584151730765
2014-03-30 08:00:00,0.0
2014-03-30 09:00:00,-0.07737774486473506
2014-03-30 10:00:00,0.6692430906393613
2014-03-30 11:00:00,0.0
2014-03-30 12:00:00,0.6073080841330853
2014-03-30 13:00:00,0.5814417170231491
2014-03-30 14:00:00,0.3833733601095642
2014-03-30 15:00:00,0.0
2014-03-30 16:00:00,0.0
2014-03-30 17:00:00,0.0
2014-03-30 18:00:00,0.5710848648536252
2014-03-30 19:00:00,0.7467906653414821
2014-03-30 20:00:00,0.7829108313655204
2014-03-30 21:00:00,0.0
2014-03-30 22:00:00,0.5814417170231491
2014-03-30 23:00:00,0.0
2014-03-31 00:00:00,-1.3699747275738972
2014-03-31 01:00:00,0.0
2014-03-31 02:00:00,0.0
2014-03-31 03:00:00,-1.524657663956457
2014-03-31 04:00:00,-1.6019991321477327
2014-03-31 05:00:00,-1.5967949427491208
2014-03-31 06:00:00,-1.380331579743417
2014-03-31 07:00:00,-0.9058743917985081
2014-03-31 08:00:00,-1.0141833632429245
2014-03-31 09:00:00,-0.45218243482034176
2014-03-31 10:00:00,0.26805676729671635
2014-03-31 11:00:00,0.5814417170231461
2014-03-31 12:00:00,0.4108885793061994
2014-03-31 13:00:00,0.5659322020827183
2014-03-31 14:00:00,0.43670341978843047
2014-03-31 15:00:00,0.3489020461722145
2014-03-31 16:00:00,0.4160927687048126
2014-03-31 17:00:00,0.5659322020827191
2014-03-31 18:00:00,0.5401173616004876
2014-03-31 19:00:00,0.6899052683506912
2014-03-31 20:00:00,0.0
2014-03-31 21:00:00,0.0
2014-03-31 22:00:00,0.5452700243713945
2014-03-31 23:00:00,-0.5500830274675332
2014-04-01 00:00:00,-1.055404665410161
2014-04-01 01:00:00,-1.3545167392611799
2014-04-01 02:00:00,-1.375178916972507
2014-04-01 03:00:00,-1.5298103267273608
2014-04-01 04:00:00,0.0
2014-04-01 05:00:00,0.0
2014-04-01 06:00:00,0.0
2014-04-01 07:00:00,0.0
2014-04-01 08:00:00,-0.2613793324137407
2014-04-01 09:00:00,-0.20985270470469458
2014-04-01 10:00:00,0.0
2014-04-01 11:00:00,0.0
2014-04-01 12:00:00,0.0
2014-04-01 13:00:00,0.0
2014-04-01 14:00:00,0.0
2014-04-01 15:00:00,0.5607280126841059
2014-04-01 16:00:00,0.0
2014-04-01 17:00:00,0.7726055058237098
2014-04-01 18:00:00,0.8449488911272106
2014-04-01 19:00:00,0.0
2014-04-01 20:00:00,1.1085075918589922
2014-04-01 21:00:00,0.0
2014-04-01 22:00:00,0.0
2014-04-01 23:00:00,-0.8647046162589787
2014-04-02 00:00:00,-1.4988943501019323
2014-04-02 01:00:00,-1.4937416873310254
2014-04-02 02:00:00,-1.5813369544364066
2014-04-02 03:00:00,0.0
2014-04-02 04:00:00,0.0
2014-04-02 05:00:00,0.0
2014-04-02 06:00:00,-1.5865411438350232
2014-04-02 07:00:00,-0.8646530896312662
2014-04-02 08:00:00,0.0
2014-04-02 09:00:00,-0.07207050221070004
2014-04-02 10:00:00,0.0
2014-04-02 11:00:00,0.0
2014-04-02 12:00:00,0.5435696456569968
2014-04-02 13:00:00,0.4677739762969899
2014-04-02 14:00:00,0.5298120360586808
2014-04-02 15:00:00,0.0
2014-04-02 16:00:00,0.607256557505376
2014-04-02 17:00:00,0.6382240607585143
2014-04-02 18:00:00,0.0
2014-04-02 19:00:00,0.8294393761867866
2014-04-02 20:00:00,0.875916394380349
2014-04-02 21:00:00,0.9482597796838528
2014-04-02 22:00:00,0.7829623579932291
2014-04-02 23:00:00,-0.7082182479066021
2014-04-03 00:00:00,-1.524657663956457
2014-04-03 01:00:00,0.0
2014-04-03 02:00:00,0.0
2014-04-03 03:00:00,-1.5452683150400717
2014-04-03 04:00:00,-1.622609783231357
2014-04-03 05:00:00,-1.6226613098590612
2014-04-03 06:00:00,0.0
2014-04-03 07:00:00,0.0
2014-04-03 08:00:00,-0.5037605891571041
2014-04-03 09:00:00,0.0
2014-04-03 10:00:00,0.5555753499132021
2014-04-03 11:00:00,0.0
2014-04-03 12:00:00,0.0
2014-04-03 13:00:00,0.7570959908832889
2014-04-03 14:00:00,0.0
2014-04-03 15:00:00,0.0
2014-04-03 16:00:00,0.0
2014-04-03 17:00:00,0.5555753499132051
2014-04-03 18:00:00,0.0
2014-04-03 19:00:00,0.0
2014-04-03 20:00:00,1.0464695320972974
2014-04-03 21:00:00,1.0154505022164544
2014-04-03 22:00:00,0.0
2014-04-03 23:00:00,-0.5173636188722913
2014-04-04 00:00:00,0.0
2014-04-04 01:00:00,-1.328753425406655
2014-04-04 02:00:00,-1.3905853786575149
2014-04-04 03:00:00,-1.3803315797434172
2014-04-04 04:00:00,-1.4267055446815562
2014-04-04 05:00:00,0.0
2014-04-04 06:00:00,0.0
2014-04-04 07:00:00,-0.5604398796370532
2014-04-04 08:00:00,-0.6275275489142322
2014-04-04 09:00:00,-0.2305148824160253
2014-04-04 10:00:00,0.0
2014-04-04 11:00:00,0.6795999428088775
2014-04-04 12:00:00,0.39022640159486904
2014-04-04 13:00:00,0.0
2014-04-04 14:00:00,0.4574171241274698
2014-04-04 15:00:00,0.4780793018387975
2014-04-04 16:00:00,0.0
2014-04-04 17:00:00,0.0
2014-04-04 18:00:00,0.7415864759428621
2014-04-04 19:00:00,0.6331229246153199
2014-04-04 20:00:00,0.0
2014-04-04 21:00:00,0.0
2014-04-04 22:00:00,0.7261284876301484
2014-04-04 23:00:00,0.0
2014-04-05 00:00:00,-1.421604408538362
2014-04-05 01:00:00,-1.4937416873310256
2014-04-05 02:00:00,0.0
2014-04-05 03:00:00,-1.5298103267273575
2014-04-05 04:00:00,-1.586541143835022
2014-04-05 05:00:00,-1.5967949427491208
2014-04-05 06:00:00,0.0
2014-04-05 07:00:00,0.0
2014-04-05 08:00:00,-0.36963677723045213
2014-04-05 09:00:00,0.0
2014-04-05 10:00:00,0.7261284876301484
2014-04-05 11:00:00,0.7415864759428659
2014-04-05 12:00:00,0.8656110688385443
2014-04-05 13:00:00,0.9172407498030057
2014-04-05 14:00:00,0.0
2014-04-05 15:00:00,0.6847526055797882
2014-04-05 16:00:00,0.7106189726897214
2014-04-05 17:00:00,0.0
2014-04-05 18:00:00,0.0
2014-04-05 19:00:00,0.8811205837789613
2014-04-05 20:00:00,0.9637177679965634
2014-04-05 21:00:00,0.9327502647434296
2014-04-05 22:00:00,0.0
2014-04-05 23:00:00,0.0
2014-04-06 00:00:00,0.0
2014-04-06 01:00:00,-1.3802800531157045
2014-04-06 02:00:00,0.0
2014-04-06 03:00:00,-1.4524688585360808
2014-04-06 04:00:00,0.0
2014-04-06 05:00:00,-1.5401156522691677
2014-04-06 06:00:00,0.0
2014-04-06 07:00:00,-0.8079222725236073
2014-04-06 08:00:00,-0.44187710927853147
2014-04-06 09:00:00,0.0
2014-04-06 10:00:00,0.8759163943803482
2014-04-06 11:00:00,0.6537851023266468
2014-04-06 12:00:00,0.0
2014-04-06 13:00:00,0.7467391387137727
2014-04-06 14:00:00,0.0
2014-04-06 15:00:00,0.0
2014-04-06 16:00:00,0.7932676835350367
2014-04-06 17:00:00,0.9741261467937928
2014-04-06 18:00:00,0.6537851023266507
2014-04-06 19:00:00,0.7466876120860595
2014-04-06 20:00:00,0.0
2014-04-06 21:00:00,0.7571475175109923
2014-04-06 22:00:00,0.0
2014-04-06 23:00:00,0.0
2014-04-07 00:00:00,0.0
2014-04-07 01:00:00,-1.318345046609429
2014-04-07 02:00:00,-1.375127390344801
2014-04-07 03:00:00,0.0
2014-04-07 04:00:00,-1.4627741840778878
2014-04-07 05:00:00,-1.488589024560122
2014-04-07 06:00:00,-1.447316195765174
2014-04-07 07:00:00,-0.6739015138523745
2014-04-07 08:00:00,0.0
2014-04-07 09:00:00,-0.18919052699336425
2014-04-07 10:00:00,0.605504652163269
2014-04-07 11:00:00,0.0
2014-04-07 12:00:00,0.0
2014-04-07 13:00:00,0.5194036572614551
2014-04-07 14:00:00,0.42469771553222485
2014-04-07 15:00:00,0.0
2014-04-07 16:00:00,0.0
2014-04-07 17:00:00,0.0
2014-04-07 18:00:00,0.571084864853626
2014-04-07 19:00:00,0.8501015538981175
2014-04-07 20:00:00,0.8035730090768474
2014-04-07 21:00:00,0.8862732465498682
2014-04-07 22:00:00,0.0
2014-04-07 23:00:00,-0.5500830274675367
2014-04-08 00:00:00,-1.3802800531157011
2014-04-08 01:00:00,0.0
2014-04-08 02:00:00,-1.4525203851637902
2014-04-08 03:00:00,-1.3854842425143208
2014-04-08 04:00:00,-1.452520385163787
2014-04-08 05:00:00,0.0
2014-04-08 06:00:00,0.0
2014-04-08 07:00:00,-0.7770062958981822
2014-04-08 08:00:00,0.0
2014-04-08 09:00:00,0.0
2014-04-08 10:00:00,0.5401173616004914
2014-04-08 11:00:00,0.6951094577493013
2014-04-08 12:00:00,0.6951094577493013
2014-04-08 13:00:00,0.7829623579932291
2014-04-08 14:00:00,0.0
2014-04-08 15:00:00,0.7415864759428621
2014-04-08 16:00:00,0.9741776734215061
2014-04-08 17:00:00,0.0
2014-04-08 18:00:00,0.8862217199221596
2014-04-08 19:00:00,0.0
2014-04-08 20:00:00,0.0
2014-04-08 21:00:00,0.8294909028144999
2014-04-08 22:00:00,0.6743442267825588
2014-04-08 23:00:00,-0.5845028147771796
2014-04-09 00:00:00,-1.416400219139749
2014-04-09 01:00:00,0.0
2014-04-09 02:00:00,0.0
2014-04-09 03:00:00,-1.4370108702233666
2014-04-09 04:00:00,0.0
2014-04-09 05:00:00,0.0
2014-04-09 06:00:00,-1.5143008117869339
2014-04-09 07:00:00,-0.7873116214399895
2014-04-09 08:00:00,0.0
2014-04-09 09:00:00,-0.11524981623088384
2014-04-09 10:00:00,0.8397447017285974
2014-04-09 11:00:00,0.0
2014-04-09 12:00:00,0.0
2014-04-09 13:00:00,0.0
2014-04-09 14:00:00,0.0
2014-04-09 15:00:00,0.6433767235294212
2014-04-09 16:00:00,0.0
2014-04-09 17:00:00,0.7932161569073304
2014-04-09 18:00:00,0.0
2014-04-09 19:00:00,0.8449488911272106
2014-04-09 20:00:00,0.0
2014-04-09 21:00:00,0.0
2014-04-09 22:00:00,0.8966300987193883
2014-04-09 23:00:00,-0.4347664346546892
2014-04-10 00:00:00,-1.3132439104662317
2014-04-10 01:00:00,0.0
2014-04-10 02:00:00,0.0
2014-04-10 03:00:00,-1.4060948935979385
2014-04-10 04:00:00,-1.4267055446815562
2014-04-10 05:00:00,-1.5349629894982644
2014-04-10 06:00:00,-1.519453474557841
2014-04-10 07:00:00,0.0
2014-04-10 08:00:00,0.0
2014-04-10 09:00:00,-0.07902659695142368
2014-04-10 10:00:00,0.0
2014-04-10 11:00:00,0.5917470425649529
2014-04-10 12:00:00,0.0
2014-04-10 13:00:00,0.5659322020827183
2014-04-10 14:00:00,0.6124092202762836
2014-04-10 15:00:00,0.7054663099188206
2014-04-10 16:00:00,0.6382755873862229
2014-04-10 17:00:00,0.0
2014-04-10 18:00:00,0.7726055058237098
2014-04-10 19:00:00,0.6950579311215951
2014-04-10 20:00:00,0.9172407498030027
2014-04-10 21:00:00,0.8345920389576974
2014-04-10 22:00:00,0.617613409674896
2014-04-10 23:00:00,-0.6927602595938881
2014-04-11 00:00:00,0.0
2014-04-11 01:00:00,-1.3751273903447974
2014-04-11 02:00:00,-1.473131036247408
2014-04-11 03:00:00,-1.4679268468487916
2014-04-11 04:00:00,0.0
2014-04-11 05:00:00,-1.5710316288945962
2014-04-11 06:00:00,-1.5400641256414584
2014-04-11 07:00:00,-0.8182275980654146
2014-04-11 08:00:00,0.0
2014-04-11 09:00:00,-0.10494449068907317
2014-04-11 10:00:00,0.5194036572614513
2014-04-11 11:00:00,0.0
2014-04-11 12:00:00,0.6021038947344729
2014-04-11 13:00:00,0.0
2014-04-11 14:00:00,0.5865943797940529
2014-04-11 15:00:00,0.5607280126841059
2014-04-11 16:00:00,0.0
2014-04-11 17:00:00,0.7518918014846727
2014-04-11 18:00:00,0.0
2014-04-11 19:00:00,0.0
2014-04-11 20:00:00,0.0
2014-04-11 21:00:00,1.041265342698681
2014-04-11 22:00:00,0.8036245357045598
2014-04-11 23:00:00,0.0
2014-04-12 00:00:00,-1.3906369052852243
2014-04-12 01:00:00,-1.3906369052852243
2014-04-12 02:00:00,-1.4988943501019325
2014-04-12 03:00:00,0.0
2014-04-12 04:00:00,0.0
2014-04-12 05:00:00,-1.5040470128728394
2014-04-12 06:00:00,-1.3029901115521372
2014-04-12 07:00:00,-0.6378328744560425
2014-04-12 08:00:00,0.0
2014-04-12 09:00:00,0.10822116814325285
2014-04-12 10:00:00,0.0
2014-04-12 11:00:00,0.8707637316094451
2014-04-12 12:00:00,0.8811205837789644
2014-04-12 13:00:00,0.9223934125739096
2014-04-12 14:00:00,0.0
2014-04-12 15:00:00,0.0
2014-04-12 16:00:00,0.9792788095646967
2014-04-12 17:00:00,0.9379029275143327
2014-04-12 18:00:00,0.9896356617342167
2014-04-12 19:00:00,1.2324806581269543
2014-04-12 20:00:00,1.3047725168027504
2014-04-12 21:00:00,0.0
2014-04-12 22:00:00,0.8294393761867874
2014-04-12 23:00:00,-0.4400221506810049
2014-04-13 00:00:00,-1.3338545615498525
2014-04-13 01:00:00,-1.3235492360080456
2014-04-13 02:00:00,-1.380331579743414
2014-04-13 03:00:00,0.0
2014-04-13 04:00:00,-1.5040470128728327
2014-04-13 05:00:00,-1.4834363617892186
2014-04-13 06:00:00,-1.478232172390602
2014-04-13 07:00:00,0.0
2014-04-13 08:00:00,0.0
2014-04-13 09:00:00,0.18566568958995186
2014-04-13 10:00:00,0.875916394380352
2014-04-13 11:00:00,0.8242867134158837
2014-04-13 12:00:00,0.8449488911272144
2014-04-13 13:00:00,0.8397962283563075
2014-04-13 14:00:00,0.6899052683506912
2014-04-13 15:00:00,0.6641419544961669
2014-04-13 16:00:00,0.8449488911272175
2014-04-13 17:00:00,1.1601372728234567
2014-04-13 18:00:00,0.0
2014-04-13 19:00:00,0.0
2014-04-13 20:00:00,0.0
2014-04-13 21:00:00,0.9431586435406591
2014-04-13 22:00:00,0.0
2014-04-13 23:00:00,-0.2595759004439269
2014-04-14 00:00:00,-1.1843758145659058
2014-04-14 01:00:00,-1.2307497795040514
2014-04-14 02:00:00,0.0
2014-04-14 03:00:00,-1.313243910466235
2014-04-14 04:00:00,-1.4164002191397491
2014-04-14 05:00:00,0.0
2014-04-14 06:00:00,0.0
2014-04-14 07:00:00,-0.5553387434938558
2014-04-14 08:00:00,0.0
2014-04-14 09:00:00,0.0
2014-04-14 10:00:00,0.0
2014-04-14 11:00:00,0.7209242982315383
2014-04-14 12:00:00,0.8965785720916789
2014-04-14 13:00:00,0.7725539791960004
2014-04-14 14:00:00,0.7105674460620189
2014-04-14 15:00:00,0.0
2014-04-14 16:00:00,0.0
2014-04-14 17:00:00,0.0
2014-04-14 18:00:00,0.0
2014-04-14 19:00:00,0.7777581685946167
2014-04-14 20:00:00,0.9172407498030057
2014-04-14 21:00:00,0.0
2014-04-14 22:00:00,0.8087256718477511
2014-04-14 23:00:00,0.0
2014-04-15 00:00:00,0.0
2014-04-15 01:00:00,-0.5862547201192874
2014-04-15 02:00:00,-0.7150712893919036
2014-04-15 03:00:00,-0.6326286850574296
2014-04-15 04:00:00,0.0
2014-04-15 05:00:00,-0.7047659638500964
2014-04-15 06:00:00,-0.6893079755373827
2014-04-15 07:00:00,0.039433120151672815
2014-04-15 08:00:00,-0.5294723763839156
2014-04-15 09:00:00,0.0
2014-04-15 10:00:00,0.5659322020827221
2014-04-15 11:00:00,0.0
2014-04-15 12:00:00,0.6744472800379775
2014-04-15 13:00:00,0.0
2014-04-15 14:00:00,0.633122924615316
2014-04-15 15:00:00,0.6899567949783976
2014-04-15 16:00:00,0.0
2014-04-15 17:00:00,0.7829623579932291
2014-04-15 18:00:00,0.8810690571512557
2014-04-15 19:00:00,0.8397962283563067
2014-04-15 20:00:00,1.0722328459518187
2014-04-15 21:00:00,0.8656110688385413
2014-04-15 22:00:00,0.0
2014-04-15 23:00:00,-0.34212155803382344
2014-04-16 00:00:00,-1.2977859221535208
2014-04-16 01:00:00,0.0
2014-04-16 02:00:00,-1.3751789169725137
2014-04-16 03:00:00,-1.3287534254066586
2014-04-16 04:00:00,-1.4525203851637936
2014-04-16 05:00:00,-1.5040470128728363
2014-04-16 06:00:00,0.0
2014-04-16 07:00:00,0.0
2014-04-16 08:00:00,-0.5656440690356661
2014-04-16 09:00:00,-0.2150053674755984
2014-04-16 10:00:00,0.0
2014-04-16 11:00:00,0.0
2014-04-16 12:00:00,0.6020523681067665
2014-04-16 13:00:00,0.0
2014-04-16 14:00:00,0.5194036572614513
2014-04-16 15:00:00,0.560728012684109
2014-04-16 16:00:00,0.0
2014-04-16 17:00:00,0.8242351867881773
2014-04-16 18:00:00,0.0
2014-04-16 19:00:00,0.9999409872760274
2014-04-16 20:00:00,0.932801791371142
2014-04-16 21:00:00,0.0
2014-04-16 22:00:00,0.0
2014-04-16 23:00:00,-0.41946302622509984
2014-04-17 00:00:00,0.0
2014-04-17 01:00:00,-1.2926332593826173
2014-04-17 02:00:00,-1.3854842425143175
2014-04-17 03:00:00,-1.3751789169725102
2014-04-17 04:00:00,0.0
2014-04-17 05:00:00,0.0
2014-04-17 06:00:00,0.0
2014-04-17 07:00:00,-0.653290862768757
2014-04-17 08:00:00,0.0
2014-04-17 09:00:00,-0.2407686813301266
2014-04-17 10:00:00,0.0
2014-04-17 11:00:00,0.0
2014-04-17 12:00:00,0.0
2014-04-17 13:00:00,0.0
2014-04-17 14:00:00,0.0
2014-04-17 15:00:00,0.0
2014-04-17 16:00:00,0.0
2014-04-17 17:00:00,1.165238408966651
2014-04-17 18:00:00,0.9999925139037368
2014-04-17 19:00:00,0.0
2014-04-17 20:00:00,0.0
2014-04-17 21:00:00,0.0
2014-04-17 22:00:00,0.0
2014-04-17 23:00:00,-0.3060529186374884
2014-04-18 00:00:00,0.0
2014-04-18 01:00:00,-1.3183965732371385
2014-04-18 02:00:00,-1.3700262542016066
2014-04-18 03:00:00,-1.3234977093803326
2014-04-18 04:00:00,0.0
2014-04-18 05:00:00,-1.4422150596219763
2014-04-18 06:00:00,0.0
2014-04-18 07:00:00,0.0
2014-04-18 08:00:00,-0.5655925424079566
2014-04-18 09:00:00,0.0
2014-04-18 10:00:00,0.8294393761867905
2014-04-18 11:00:00,0.0
2014-04-18 12:00:00,0.0
2014-04-18 13:00:00,0.0
2014-04-18 14:00:00,0.5968997053358597
2014-04-18 15:00:00,0.5245563200323582
2014-04-18 16:00:00,0.7570959908832889
2014-04-18 17:00:00,0.0
2014-04-18 18:00:00,0.0
2014-04-18 19:00:00,0.0
2014-04-18 20:00:00,0.0
2014-04-18 21:00:00,0.7466876120860603
2014-04-18 22:00:00,0.0
2014-04-18 23:00:00,0.0
2014-04-19 00:00:00,0.0
2014-04-19 01:00:00,0.0
2014-04-19 02:00:00,-1.447316195765174
2014-04-19 03:00:00,0.0
2014-04-19 04:00:00,0.0
2014-04-19 05:00:00,0.0
2014-04-19 06:00:00,-1.3080912476953315
2014-04-19 07:00:00,0.0
2014-04-19 08:00:00,0.0
2014-04-19 09:00:00,0.16520961838945908
2014-04-19 10:00:00,0.0
2014-04-19 11:00:00,0.7623001802819022
2014-04-19 12:00:00,0.7829108313655196
2014-04-19 13:00:00,0.6589377650975506
2014-04-19 14:00:00,0.4471117985856595
2014-04-19 15:00:00,0.4987414795501206
2014-04-19 16:00:00,0.4298503783031283
2014-04-19 17:00:00,0.5504226871422983
2014-04-19 18:00:00,0.5659837287104316
2014-04-19 19:00:00,0.7726570324514223
2014-04-19 20:00:00,0.0
2014-04-19 21:00:00,0.7984203463059466
2014-04-19 22:00:00,0.0
2014-04-19 23:00:00,0.0
2014-04-20 00:00:00,-1.3905853786575115
2014-04-20 01:00:00,-1.3751789169725102
2014-04-20 02:00:00,-1.4422150596219798
2014-04-20 03:00:00,0.0
2014-04-20 04:00:00,-1.4834363617892186
2014-04-20 05:00:00,-1.5452683150400717
2014-04-20 06:00:00,-1.447316195765174
2014-04-20 07:00:00,-0.7873116214399898
2014-04-20 08:00:00,-0.4263675943381145
2014-04-20 09:00:00,0.0
2014-04-20 10:00:00,0.6537335756989374
2014-04-20 11:00:00,0.7054147832911151
2014-04-20 12:00:00,0.6072565575053798
2014-04-20 13:00:00,0.0
2014-04-20 14:00:00,0.5245563200323551
2014-04-20 15:00:00,0.4987930061778338
2014-04-20 16:00:00,0.6434282501571306
2014-04-20 17:00:00,0.7880634941364273
2014-04-20 18:00:00,0.0
2014-04-20 19:00:00,0.49353729015150816
2014-04-20 20:00:00,-0.44182558265082517
2014-04-20 21:00:00,-1.0554561920378704
2014-04-20 22:00:00,0.0
2014-04-20 23:00:00,-1.2616657561294762
2014-04-21 00:00:00,0.0
2014-04-21 01:00:00,-1.4060948935979352
2014-04-21 02:00:00,0.0
2014-04-21 03:00:00,-1.5247091905841657
2014-04-21 04:00:00,-1.5401156522691677
2014-04-21 05:00:00,0.0
2014-04-21 06:00:00,-1.3390587509484657
2014-04-21 07:00:00,-0.6480866733701404
2014-04-21 08:00:00,-0.5501860807229524
2014-04-21 09:00:00,-0.29749949843778856
2014-04-21 10:00:00,0.43345724224275883
2014-04-21 11:00:00,0.4883846273806074
2014-04-21 12:00:00,0.0
2014-04-21 13:00:00,0.48843615400831375
2014-04-21 14:00:00,0.4384553251305375
2014-04-21 15:00:00,0.0
2014-04-21 16:00:00,0.6227660724457998
2014-04-21 17:00:00,0.6950579311215951
2014-04-21 18:00:00,0.7415864759428621
2014-04-21 19:00:00,0.0
2014-04-21 20:00:00,0.6486324395557438
2014-04-21 21:00:00,0.7054147832911151
2014-04-21 22:00:00,0.6175618830471905
2014-04-21 23:00:00,-0.6205714541735117
2014-04-22 00:00:00,-1.4422150596219763
2014-04-22 01:00:00,-1.4473677223928831
2014-04-22 02:00:00,-1.473131036247408
2014-04-22 03:00:00,-1.4988943501019325
2014-04-22 04:00:00,0.0
2014-04-22 05:00:00,-1.5710831555223035
2014-04-22 06:00:00,0.0
2014-04-22 07:00:00,-0.7511914554159485
2014-04-22 08:00:00,0.0
2014-04-22 09:00:00,0.0
2014-04-22 10:00:00,0.48673577529391915
2014-04-22 11:00:00,0.6589377650975536
2014-04-22 12:00:00,0.0
2014-04-22 13:00:00,0.5246078466600645
2014-04-22 14:00:00,0.48838462738060434
2014-04-22 15:00:00,0.0
2014-04-22 16:00:00,0.5142509944905482
2014-04-22 17:00:00,0.0
2014-04-22 18:00:00,0.0
2014-04-22 19:00:00,0.0
2014-04-22 20:00:00,0.8397962283563106
2014-04-22 21:00:00,0.8863247731775814
2014-04-22 22:00:00,0.0
2014-04-22 23:00:00,0.0
2014-04-23 00:00:00,0.0
2014-04-23 01:00:00,0.0
2014-04-23 02:00:00,-1.5040470128728363
2014-04-23 03:00:00,0.0
2014-04-23 04:00:00,-1.5916938066059245
2014-04-23 05:00:00,-1.5298103267273608
2014-04-23 06:00:00,0.0
2014-04-23 07:00:00,0.0
2014-04-23 08:00:00,-0.5862547201192874
2014-04-23 09:00:00,-0.0791296502068394
2014-04-23 10:00:00,0.6951094577493044
2014-04-23 11:00:00,0.0
2014-04-23 12:00:00,0.3351444365738953
2014-04-23 13:00:00,0.45226446135656295
2014-04-23 14:00:00,0.4987930061778338
2014-04-23 15:00:00,0.4625182602706642
2014-04-23 16:00:00,0.49704110083572295
2014-04-23 17:00:00,0.6020523681067665
2014-04-23 18:00:00,0.0
2014-04-23 19:00:00,0.0
2014-04-23 20:00:00,0.7932676835350397
2014-04-23 21:00:00,0.7829108313655196
2014-04-23 22:00:00,0.0
2014-04-23 23:00:00,0.0
2014-04-24 00:00:00,-1.4319097340801692
2014-04-24 01:00:00,0.0
2014-04-24 02:00:00,0.0
2014-04-24 03:00:00,0.0
2014-04-24 04:00:00,0.0
2014-04-24 05:00:00,0.0
2014-04-24 06:00:00,-1.5452683150400748
2014-04-24 07:00:00,-0.8491951013185556
2014-04-24 08:00:00,-0.4624362337344461
2014-04-24 09:00:00,-0.20980117807698864
2014-04-24 10:00:00,0.0
2014-04-24 11:00:00,0.5556268765409085
2014-04-24 12:00:00,0.44706027195794673
2014-04-24 13:00:00,0.5038941423210312
2014-04-24 14:00:00,0.0
2014-04-24 15:00:00,0.0
2014-04-24 16:00:00,0.0
2014-04-24 17:00:00,0.5658806754550127
2014-04-24 18:00:00,0.5813901903954397
2014-04-24 19:00:00,0.0
2014-04-24 20:00:00,0.0
2014-04-24 21:00:00,0.0
2014-04-24 22:00:00,0.5814417170231422
2014-04-24 23:00:00,-0.5638406370658493
2014-04-25 00:00:00,0.0
2014-04-25 01:00:00,-1.4834363617892186
2014-04-25 02:00:00,-1.5349629894982608
2014-04-25 03:00:00,0.0
2014-04-25 04:00:00,0.0
2014-04-25 05:00:00,-1.5967949427491208
2014-04-25 06:00:00,-1.5710316288945962
2014-04-25 07:00:00,0.0
2014-04-25 08:00:00,-1.2255971167331465
2014-04-25 09:00:00,-0.22015803024650527
2014-04-25 10:00:00,0.6883079428917094
2014-04-25 11:00:00,0.788115020764136
2014-04-25 12:00:00,0.633122924615316
2014-04-25 13:00:00,0.602103894734476
2014-04-25 14:00:00,0.4987414795501275
2014-04-25 15:00:00,0.0
2014-04-25 16:00:00,0.0
2014-04-25 17:00:00,0.5607795393118153
2014-04-25 18:00:00,0.0
2014-04-25 19:00:00,0.648632439555743
2014-04-25 20:00:00,0.8087771984754636
2014-04-25 21:00:00,0.8035730090768474
2014-04-25 22:00:00,0.0
2014-04-25 23:00:00,-0.6686973244537647
2014-04-26 00:00:00,-1.4422150596219798
2014-04-26 01:00:00,-1.4318582074524597
2014-04-26 02:00:00,-1.550420977810975
2014-04-26 03:00:00,-1.4473677223928867
2014-04-26 04:00:00,-1.565878966123696
2014-04-26 05:00:00,-1.555573640581882
2014-04-26 06:00:00,0.0
2014-04-26 07:00:00,0.0
2014-04-26 08:00:00,-0.3903504815694888
2014-04-26 09:00:00,0.10327461188318354
2014-04-26 10:00:00,0.0
2014-04-26 11:00:00,0.850050027270408
2014-04-26 12:00:00,0.8810690571512519
2014-04-26 13:00:00,0.8087256718477505
2014-04-26 14:00:00,0.0
2014-04-26 15:00:00,0.6227660724457998
2014-04-26 16:00:00,0.617613409674896
2014-04-26 17:00:00,0.0
2014-04-26 18:00:00,0.7984203463059466
2014-04-26 19:00:00,0.0
2014-04-26 20:00:00,0.0
2014-04-26 21:00:00,0.0
2014-04-26 22:00:00,0.6228175990735092
2014-04-26 23:00:00,0.0
2014-04-27 00:00:00,-1.4267570713092657
2014-04-27 01:00:00,0.0
2014-04-27 02:00:00,-1.5607263033527856
2014-04-27 03:00:00,0.0
2014-04-27 04:00:00,-1.5298103267273586
2014-04-27 05:00:00,0.0
2014-04-27 06:00:00,-1.560726303352788
2014-04-27 07:00:00,-0.8698572790298824
2014-04-27 08:00:00,-0.39024742831407006
2014-04-27 09:00:00,0.0
2014-04-27 10:00:00,0.0
2014-04-27 11:00:00,0.7261284876301514
2014-04-27 12:00:00,0.7467906653414791
2014-04-27 13:00:00,0.7622486536541928
2014-04-27 14:00:00,0.4884361540083168
2014-04-27 15:00:00,0.5968997053358567
2014-04-27 16:00:00,0.0
2014-04-27 17:00:00,0.0
2014-04-27 18:00:00,0.8707637316094451
2014-04-27 19:00:00,0.0
2014-04-27 20:00:00,0.9017827614902882
2014-04-27 21:00:00,0.8242867134158874
2014-04-27 22:00:00,0.6744472800379737
2014-04-27 23:00:00,-0.7409376565018472
2014-04-28 00:00:00,-1.44736772239288
2014-04-28 01:00:00,-1.4319097340801692
2014-04-28 02:00:00,-1.5401156522691677
2014-04-28 03:00:00,-1.488589024560122
2014-04-28 04:00:00,-1.540115652269168
2014-04-28 05:00:00,-1.5658789661236925
2014-04-28 06:00:00,0.0
2014-04-28 07:00:00,-0.8750099418007863
2014-04-28 08:00:00,-0.4573866242189584
2014-04-28 09:00:00,0.0
2014-04-28 10:00:00,0.6641419544961638
2014-04-28 11:00:00,0.4625697868983706
2014-04-28 12:00:00,0.0
2014-04-28 13:00:00,0.0
2014-04-28 14:00:00,0.0
2014-04-28 15:00:00,0.498689952922415
2014-04-28 16:00:00,0.6124092202762836
2014-04-28 17:00:00,0.5762890542522422
2014-04-28 18:00:00,0.0
2014-04-28 19:00:00,0.7570959908832897
2014-04-28 20:00:00,0.8139298612463675
2014-04-28 21:00:00,0.0
2014-04-28 22:00:00,0.0
2014-04-28 23:00:00,0.0
2014-04-29 00:00:00,0.0
2014-04-29 01:00:00,0.0
2014-04-29 02:00:00,-1.473131036247408
2014-04-29 03:00:00,0.0
2014-04-29 04:00:00,-1.4782836990183148
2014-04-29 05:00:00,-1.5349629894982644
2014-04-29 06:00:00,-1.354465212633467
2014-04-29 07:00:00,0.0
2014-04-29 08:00:00,0.0
2014-04-29 09:00:00,-0.17893672807926983
2014-04-29 10:00:00,0.0
2014-04-29 11:00:00,0.6073080841330853
2014-04-29 12:00:00,0.6330713979876105
2014-04-29 13:00:00,0.0
2014-04-29 14:00:00,0.0
2014-04-29 15:00:00,0.0
2014-04-29 16:00:00,0.7054147832911113
2014-04-29 17:00:00,0.0
2014-04-29 18:00:00,0.0
2014-04-29 19:00:00,0.0
2014-04-29 20:00:00,0.798471872933653
2014-04-29 21:00:00,0.0
2014-04-29 22:00:00,0.6640904278684575
2014-04-29 23:00:00,-0.5191670508421085
2014-04-30 00:00:00,-1.3029385849244244
2014-04-30 01:00:00,-1.3287534254066617
2014-04-30 02:00:00,-1.3906369052852243
2014-04-30 03:00:00,-1.3700262542016066
2014-04-30 04:00:00,0.0
2014-04-30 05:00:00,0.0
2014-04-30 06:00:00,-1.4524688585360808
2014-04-30 07:00:00,-0.6996133010791895
2014-04-30 08:00:00,-0.3541787889177381
2014-04-30 09:00:00,0.02917932123757497
2014-04-30 10:00:00,0.0
2014-04-30 11:00:00,0.0
2014-04-30 12:00:00,0.6072565575053798
2014-04-30 13:00:00,0.5246078466600645
2014-04-30 14:00:00,0.6795999428088806
2014-04-30 15:00:00,0.6692946172670706
2014-04-30 16:00:00,0.8449488911272144
2014-04-30 17:00:00,0.0
2014-04-30 18:00:00,0.0
2014-04-30 19:00:00,0.7312811504010552
2014-04-30 20:00:00,0.0
2014-04-30 21:00:00,0.0
2014-04-30 22:00:00,0.6848041322074938
2014-04-30 23:00:00,-0.09974030129046037
2014-05-01 00:00:00,0.0
2014-05-01 01:00:00,0.0
2014-05-01 02:00:00,-1.3802285264879917
2014-05-01 03:00:00,0.0
2014-05-01 04:00:00,-1.4216044085383621
2014-05-01 05:00:00,0.0
2014-05-01 06:00:00,-1.411247556368842
2014-05-01 07:00:00,-0.7667009703563719
2014-05-01 08:00:00,0.0
2014-05-01 09:00:00,0.0
2014-05-01 10:00:00,0.7105674460620189
2014-05-01 11:00:00,0.0
2014-05-01 12:00:00,0.7726055058237098
2014-05-01 13:00:00,0.7622486536541897
2014-05-01 14:00:00,0.7571475175109953
2014-05-01 15:00:00,0.638327114013933
2014-05-01 16:00:00,0.8656110688385413
2014-05-01 17:00:00,0.7519433281123821
2014-05-01 18:00:00,0.0
2014-05-01 19:00:00,0.9017827614902882
2014-05-01 20:00:00,0.0
2014-05-01 21:00:00,0.8087771984754636
2014-05-01 22:00:00,0.0
2014-05-01 23:00:00,-0.6945121649359954
2014-05-02 00:00:00,-1.437062396851076
2014-05-02 01:00:00,0.0
2014-05-02 02:00:00,-1.457673047934694
2014-05-02 03:00:00,-1.4318582074524597
2014-05-02 04:00:00,-1.4628257107056009
2014-05-02 05:00:00,-1.5349629894982644
2014-05-02 06:00:00,-1.5091996756437431
2014-05-02 07:00:00,-0.797668473609506
2014-05-02 08:00:00,-0.4108580793976876
2014-05-02 09:00:00,-0.15652264502583552
2014-05-02 10:00:00,0.5280086040888644
2014-05-02 11:00:00,0.0
2014-05-02 12:00:00,0.0
2014-05-02 13:00:00,0.0
2014-05-02 14:00:00,0.7105674460620189
2014-05-02 15:00:00,0.0
2014-05-02 16:00:00,0.0
2014-05-02 17:00:00,0.0
2014-05-02 18:00:00,0.0
2014-05-02 19:00:00,0.0
2014-05-02 20:00:00,0.912088087032102
2014-05-02 21:00:00,0.9431071169129497
2014-05-02 22:00:00,0.0
2014-05-02 23:00:00,-0.4451748134519118
2014-05-03 00:00:00,-1.3131923838385255
2014-05-03 01:00:00,0.0
2014-05-03 02:00:00,0.0
2014-05-03 03:00:00,0.0
2014-05-03 04:00:00,-1.4421635329942737
2014-05-03 05:00:00,-1.488589024560122
2014-05-03 06:00:00,0.0
2014-05-03 07:00:00,0.0
2014-05-03 08:00:00,-0.4212664581949136
2014-05-03 09:00:00,0.0
2014-05-03 10:00:00,0.0
2014-05-03 11:00:00,0.0
2014-05-03 12:00:00,0.0
2014-05-03 13:00:00,0.0
2014-05-03 14:00:00,0.0
2014-05-03 15:00:00,0.0
2014-05-03 16:00:00,0.9017312348625827
2014-05-03 17:00:00,0.0
2014-05-03 18:00:00,0.0
2014-05-03 19:00:00,0.9173438030584246
2014-05-03 20:00:00,0.0
2014-05-03 21:00:00,0.9534124424547565
2014-05-03 22:00:00,0.788115020764136
2014-05-03 23:00:00,-0.6051134658607975
2014-05-04 00:00:00,0.0
2014-05-04 01:00:00,-1.302938584924421
2014-05-04 02:00:00,0.0
2014-05-04 03:00:00,-1.385432715886608
2014-05-04 04:00:00,-1.3957895680561279
2014-05-04 05:00:00,0.0
2014-05-04 06:00:00,-1.3957895680561312
2014-05-04 07:00:00,-0.5914073828901942
2014-05-04 08:00:00,-0.5655925424079566
2014-05-04 09:00:00,0.0
2014-05-04 10:00:00,0.0
2014-05-04 11:00:00,0.8087771984754636
2014-05-04 12:00:00,0.9844314723356005
2014-05-04 13:00:00,0.9223934125739096
2014-05-04 14:00:00,0.8862732465498682
2014-05-04 15:00:00,0.8501015538981175
2014-05-04 16:00:00,0.0
2014-05-04 17:00:00,0.9844829989633137
2014-05-04 18:00:00,1.144576231255324
2014-05-04 19:00:00,0.0
2014-05-04 20:00:00,0.0
2014-05-04 21:00:00,0.0
2014-05-04 22:00:00,0.7622486536541928
2014-05-04 23:00:00,0.0
2014-05-05 00:00:00,0.0
2014-05-05 01:00:00,-1.3080912476953312
2014-05-05 02:00:00,-1.385484242514321
2014-05-05 03:00:00,0.0
2014-05-05 04:00:00,-1.421604408538362
2014-05-05 05:00:00,-1.4215528819106524
2014-05-05 06:00:00,0.0
2014-05-05 07:00:00,0.0
2014-05-05 08:00:00,0.0
2014-05-05 09:00:00,0.0
2014-05-05 10:00:00,0.0
2014-05-05 11:00:00,0.607256557505376
2014-05-05 12:00:00,0.6795999428088806
2014-05-05 13:00:00,0.7829623579932329
2014-05-05 14:00:00,0.0
2014-05-05 15:00:00,0.0
2014-05-05 16:00:00,0.0
2014-05-05 17:00:00,0.0
2014-05-05 18:00:00,0.0
2014-05-05 19:00:00,0.8656110688385443
2014-05-05 20:00:00,0.8242867134158867
2014-05-05 21:00:00,0.8087771984754598
2014-05-05 22:00:00,0.7415864759428659
2014-05-05 23:00:00,-0.43481796128239514
2014-05-06 00:00:00,-1.400942230827035
2014-05-06 01:00:00,-1.4009422308270316
2014-05-06 02:00:00,-1.4525203851637902
2014-05-06 03:00:00,-1.4267570713092657
2014-05-06 04:00:00,-1.4524688585360808
2014-05-06 05:00:00,-1.5555736405818854
2014-05-06 06:00:00,0.0
2014-05-06 07:00:00,0.0
2014-05-06 08:00:00,-0.49345526361529
2014-05-06 09:00:00,0.0
2014-05-06 10:00:00,0.0
2014-05-06 11:00:00,0.8139298612463667
2014-05-06 12:00:00,0.7157201088329219
2014-05-06 13:00:00,0.0
2014-05-06 14:00:00,0.7157716354606314
2014-05-06 15:00:00,0.0
2014-05-06 16:00:00,0.9585651052256604
2014-05-06 17:00:00,0.9896356617342167
2014-05-06 18:00:00,0.0
2014-05-06 19:00:00,0.8707637316094482
2014-05-06 20:00:00,0.8965785720916758
2014-05-06 21:00:00,0.8604068794399281
2014-05-06 22:00:00,0.8294393761867905
2014-05-06 23:00:00,0.0
2014-05-07 00:00:00,-1.2771752710699031
2014-05-07 01:00:00,-1.3287018987789456
2014-05-07 02:00:00,-1.4164002191397456
2014-05-07 03:00:00,0.0
2014-05-07 04:00:00,0.0
2014-05-07 05:00:00,0.0
2014-05-07 06:00:00,-1.204986465649527
2014-05-07 07:00:00,0.0
2014-05-07 08:00:00,-0.5088617253002978
2014-05-07 09:00:00,-0.11514676297546468
2014-05-07 10:00:00,0.0
2014-05-07 11:00:00,0.0
2014-05-07 12:00:00,0.6951094577493013
2014-05-07 13:00:00,0.7519433281123828
2014-05-07 14:00:00,0.8604584060676345
2014-05-07 15:00:00,0.726076961002442
2014-05-07 16:00:00,0.0
2014-05-07 17:00:00,0.7881665473918423
2014-05-07 18:00:00,0.9896356617342206
2014-05-07 19:00:00,0.9741261467937967
2014-05-07 20:00:00,0.8449488911272144
2014-05-07 21:00:00,0.8759679210080575
2014-05-07 22:00:00,0.7158231620883407
2014-05-07 23:00:00,-0.5947050870635715
2014-05-08 00:00:00,-1.3184480998648513
2014-05-08 01:00:00,-1.3545167392611797
2014-05-08 02:00:00,-1.4164002191397456
2014-05-08 03:00:00,0.0
2014-05-08 04:00:00,-1.4422150596219832
2014-05-08 05:00:00,0.0
2014-05-08 06:00:00,0.0
2014-05-08 07:00:00,-0.6377813478283331
2014-05-08 08:00:00,-0.405808469882206
2014-05-08 09:00:00,0.037681214809568465
2014-05-08 10:00:00,0.6486324395557438
2014-05-08 11:00:00,0.8501015538981144
2014-05-08 12:00:00,0.7364853397996683
2014-05-08 13:00:00,0.7157201088329227
2014-05-08 14:00:00,0.7570959908832859
2014-05-08 15:00:00,0.0
2014-05-08 16:00:00,0.0
2014-05-08 17:00:00,0.0
2014-05-08 18:00:00,0.8604068794399243
2014-05-08 19:00:00,0.9431586435406553
2014-05-08 20:00:00,0.7983688196782341
2014-05-08 21:00:00,0.9483113063115591
2014-05-08 22:00:00,0.0
2014-05-08 23:00:00,0.0
2014-05-09 00:00:00,0.0
2014-05-09 01:00:00,-1.282276407213094
2014-05-09 02:00:00,-1.416451745767455
2014-05-09 03:00:00,-1.3699747275738972
2014-05-09 04:00:00,-1.3802800531157011
2014-05-09 05:00:00,-1.4318582074524564
2014-05-09 06:00:00,0.0
2014-05-09 07:00:00,-0.6738499872246652
2014-05-09 08:00:00,0.0
2014-05-09 09:00:00,0.0
2014-05-09 10:00:00,0.8242867134158874
2014-05-09 11:00:00,0.8707637316094451
2014-05-09 12:00:00,1.0929980769185683
2014-05-09 13:00:00,0.8914774359484814
2014-05-09 14:00:00,0.0
2014-05-09 15:00:00,0.881069057151255
2014-05-09 16:00:00,0.917292276430719
2014-05-09 17:00:00,0.9844829989633129
2014-05-09 18:00:00,1.1187613907730896
2014-05-09 19:00:00,1.1652899355943604
2014-05-09 20:00:00,0.0
2014-05-09 21:00:00,0.0
2014-05-09 22:00:00,0.0
2014-05-09 23:00:00,-0.027603022497796757
2014-05-10 00:00:00,-1.215240264563628
2014-05-10 01:00:00,0.0
2014-05-10 02:00:00,0.0
2014-05-10 03:00:00,0.0
2014-05-10 04:00:00,-1.3391102775761785
2014-05-10 05:00:00,0.0
2014-05-10 06:00:00,0.0
2014-05-10 07:00:00,-0.38509476554316624
2014-05-10 08:00:00,-0.4779972753025759
2014-05-10 09:00:00,0.17577257706981325
2014-05-10 10:00:00,0.8242867134158837
2014-05-10 11:00:00,0.9844829989633167
2014-05-10 12:00:00,0.9896356617342167
2014-05-10 13:00:00,1.0258073543859743
2014-05-10 14:00:00,0.9741261467937928
2014-05-10 15:00:00,0.7674013164250997
2014-05-10 16:00:00,0.0
2014-05-10 17:00:00,0.9740746201660835
2014-05-10 18:00:00,0.0
2014-05-10 19:00:00,1.2479901730673812
2014-05-10 20:00:00,0.0
2014-05-10 21:00:00,0.855254216669025
2014-05-10 22:00:00,0.7932676835350397
2014-05-10 23:00:00,-0.3524784102033366
2014-05-11 00:00:00,0.0
2014-05-11 01:00:00,-1.2822764072130972
2014-05-11 02:00:00,0.0
2014-05-11 03:00:00,-1.3235492360080454
2014-05-11 04:00:00,0.0
2014-05-11 05:00:00,0.0
2014-05-11 06:00:00,0.0
2014-05-11 07:00:00,-0.5500830274675332
2014-05-11 08:00:00,-0.4676404231330593
2014-05-11 09:00:00,0.1650550385063309
2014-05-11 10:00:00,0.9689734840228899
2014-05-11 11:00:00,0.9275976019725258
2014-05-11 12:00:00,0.8965785720916789
2014-05-11 13:00:00,0.0
2014-05-11 14:00:00,0.0
2014-05-11 15:00:00,0.7622486536541958
2014-05-11 16:00:00,0.8656110688385413
2014-05-11 17:00:00,0.0
2014-05-11 18:00:00,0.9689734840228899
2014-05-11 19:00:00,0.0
2014-05-11 20:00:00,0.0
2014-05-11 21:00:00,0.0
2014-05-11 22:00:00,0.0
2014-05-11 23:00:00,0.0
2014-05-12 00:00:00,-1.3699747275738938
2014-05-12 01:00:00,-1.3751789169725102
2014-05-12 02:00:00,0.0
2014-05-12 03:00:00,0.0
2014-05-12 04:00:00,0.0
2014-05-12 05:00:00,-1.5195050011855502
2014-05-12 06:00:00,-1.2719710816712868
2014-05-12 07:00:00,-0.5655925424079566
2014-05-12 08:00:00,0.0
2014-05-12 09:00:00,0.03768121480957191
2014-05-12 10:00:00,0.46097246143939097
2014-05-12 11:00:00,0.8087771984754636
2014-05-12 12:00:00,0.0
2014-05-12 13:00:00,0.8397962283563075
2014-05-12 14:00:00,0.0
2014-05-12 15:00:00,0.7312296237733458
2014-05-12 16:00:00,0.0
2014-05-12 17:00:00,0.8448973644995043
2014-05-12 18:00:00,0.0
2014-05-12 19:00:00,0.0
2014-05-12 20:00:00,0.912088087032102
2014-05-12 21:00:00,0.891425909320775
2014-05-12 22:00:00,0.8139298612463675
2014-05-12 23:00:00,-0.5243712402407217
2014-05-13 00:00:00,0.0
2014-05-13 01:00:00,-1.3905853786575149
2014-05-13 02:00:00,-1.4679783734765044
2014-05-13 03:00:00,-1.457673047934694
2014-05-13 04:00:00,0.0
2014-05-13 05:00:00,0.0
2014-05-13 06:00:00,-1.5349629894982608
2014-05-13 07:00:00,0.0
2014-05-13 08:00:00,-0.40060428048358976
2014-05-13 09:00:00,0.0
2014-05-13 10:00:00,0.5297605094309683
2014-05-13 11:00:00,0.6072565575053768
2014-05-13 12:00:00,0.0
2014-05-13 13:00:00,0.0
2014-05-13 14:00:00,0.8035730090768474
2014-05-13 15:00:00,0.0
2014-05-13 16:00:00,0.9638208212519899
2014-05-13 17:00:00,0.0
2014-05-13 18:00:00,0.8966300987193883
2014-05-13 19:00:00,0.9275976019725258
2014-05-13 20:00:00,0.0
2014-05-13 21:00:00,0.8862732465498682
2014-05-13 22:00:00,0.8397962283563075
2014-05-13 23:00:00,-0.41606226879630076
2014-05-14 00:00:00,-1.1688662996254857
2014-05-14 01:00:00,0.0
2014-05-14 02:00:00,-1.2977343955258116
2014-05-14 03:00:00,0.0
2014-05-14 04:00:00,0.0
2014-05-14 05:00:00,0.0
2014-05-14 06:00:00,-1.1534083113127716
2014-05-14 07:00:00,0.0
2014-05-14 08:00:00,-0.19954737916288773
2014-05-14 09:00:00,0.0
2014-05-14 10:00:00,0.0
2014-05-14 11:00:00,0.0
2014-05-14 12:00:00,0.7467906653414752
2014-05-14 13:00:00,0.8087771984754636
2014-05-14 14:00:00,0.8191340506449837
2014-05-14 15:00:00,0.0
2014-05-14 16:00:00,0.0
2014-05-14 17:00:00,0.6537851023266468
2014-05-14 18:00:00,0.0
2014-05-14 19:00:00,0.8966300987193883
2014-05-14 20:00:00,0.7829623579932291
2014-05-14 21:00:00,0.8190825240172704
2014-05-14 22:00:00,0.6021038947344729
2014-05-14 23:00:00,-0.48825107421668024
2014-05-15 00:00:00,0.0
2014-05-15 01:00:00,-1.2410551050458587
2014-05-15 02:00:00,-1.2565130933585726
2014-05-15 03:00:00,-1.2925817327549012
2014-05-15 04:00:00,-1.3286503721512395
2014-05-15 05:00:00,-1.380331579743414
2014-05-15 06:00:00,0.0
2014-05-15 07:00:00,0.0
2014-05-15 08:00:00,0.0
2014-05-15 09:00:00,-0.1874386216512599
2014-05-15 10:00:00,0.0
2014-05-15 11:00:00,0.0
2014-05-15 12:00:00,0.48328349123740993
2014-05-15 13:00:00,0.540065834972779
2014-05-15 14:00:00,0.6795999428088814
2014-05-15 15:00:00,0.0
2014-05-15 16:00:00,0.746739138713769
2014-05-15 17:00:00,0.7415864759428659
2014-05-15 18:00:00,0.0
2014-05-15 19:00:00,0.7518918014846758
2014-05-15 20:00:00,0.855254216669025
2014-05-15 21:00:00,0.0
2014-05-15 22:00:00,0.5659322020827252
2014-05-15 23:00:00,-0.5810505307206708
2014-05-16 00:00:00,0.0
2014-05-16 01:00:00,-1.3286503721512364
2014-05-16 02:00:00,0.0
2014-05-16 03:00:00,-1.3802800531157045
2014-05-16 04:00:00,-1.4061464202256477
2014-05-16 05:00:00,0.0
2014-05-16 06:00:00,-1.1894769507091065
2014-05-16 07:00:00,-0.6069168978306113
2014-05-16 08:00:00,-0.33866927397731117
2014-05-16 09:00:00,0.0
2014-05-16 10:00:00,0.0
2014-05-16 11:00:00,0.736433813171959
2014-05-16 12:00:00,0.0
2014-05-16 13:00:00,0.6899567949783976
2014-05-16 14:00:00,0.0
2014-05-16 15:00:00,0.6640904278684613
2014-05-16 16:00:00,0.0
2014-05-16 17:00:00,0.7778096952223222
2014-05-16 18:00:00,0.0
2014-05-16 19:00:00,0.9069354242611989
2014-05-16 20:00:00,1.1188129174008028
2014-05-16 21:00:00,1.0154505022164475
2014-05-16 22:00:00,0.0
2014-05-16 23:00:00,-0.3627837357451503
2014-05-17 00:00:00,-1.1997822762509138
2014-05-17 01:00:00,0.0
2014-05-17 02:00:00,0.0
2014-05-17 03:00:00,0.0
2014-05-17 04:00:00,0.0
2014-05-17 05:00:00,-1.3648735914306998
2014-05-17 06:00:00,-1.1637136368545788
2014-05-17 07:00:00,0.0
2014-05-17 08:00:00,0.0
2014-05-17 09:00:00,-0.09288725980516198
2014-05-17 10:00:00,0.529708982803262
2014-05-17 11:00:00,0.7260769610024458
2014-05-17 12:00:00,0.0
2014-05-17 13:00:00,0.0
2014-05-17 14:00:00,0.0
2014-05-17 15:00:00,0.65898929172526
2014-05-17 16:00:00,0.0
2014-05-17 17:00:00,1.041265342698685
2014-05-17 18:00:00,0.0
2014-05-17 19:00:00,0.9896356617342167
2014-05-17 20:00:00,0.0
2014-05-17 21:00:00,0.7777581685946167
2014-05-17 22:00:00,0.6175618830471866
2014-05-17 23:00:00,-0.503709062529391
2014-05-18 00:00:00,-1.2462077678167656
2014-05-18 01:00:00,0.0
2014-05-18 02:00:00,-1.4111960297411326
2014-05-18 03:00:00,0.0
2014-05-18 04:00:00,0.0
2014-05-18 05:00:00,0.0
2014-05-18 06:00:00,0.0
2014-05-18 07:00:00,-0.5914073828901908
2014-05-18 08:00:00,0.0
2014-05-18 09:00:00,-0.09469069177497572
2014-05-18 10:00:00,0.0
2014-05-18 11:00:00,0.8294393761867874
2014-05-18 12:00:00,0.8345920389576943
2014-05-18 13:00:00,0.8345920389576905
2014-05-18 14:00:00,0.7829108313655235
2014-05-18 15:00:00,0.0
2014-05-18 16:00:00,0.0
2014-05-18 17:00:00,0.0
2014-05-18 18:00:00,0.0
2014-05-18 19:00:00,0.0
2014-05-18 20:00:00,0.0
2014-05-18 21:00:00,0.8191340506449799
2014-05-18 22:00:00,0.6279702618444123
2014-05-18 23:00:00,0.0
2014-05-19 00:00:00,-0.7305808043323271
2014-05-19 01:00:00,0.0
2014-05-19 02:00:00,-0.9110785811971213
2014-05-19 03:00:00,-0.7562925915591424
2014-05-19 04:00:00,-0.8388897757767448
2014-05-19 05:00:00,-0.8234317874640308
2014-05-19 06:00:00,-0.8543477640894624
2014-05-19 07:00:00,0.0
2014-05-19 08:00:00,-0.2562266696428403
2014-05-19 09:00:00,0.0
2014-05-19 10:00:00,0.16830121605199838
2014-05-19 11:00:00,0.0
2014-05-19 12:00:00,0.2939231344066599
2014-05-19 13:00:00,0.2835147556094339
2014-05-19 14:00:00,0.0
2014-05-19 15:00:00,0.23023622255827736
2014-05-19 16:00:00,0.36956422388354176
2014-05-19 17:00:00,0.3747168866544452
2014-05-19 18:00:00,0.421245431475716
2014-05-19 19:00:00,0.0
2014-05-19 20:00:00,0.46262131352608304
2014-05-19 21:00:00,0.5504226871422983
2014-05-19 22:00:00,0.45741712412746677
2014-05-19 23:00:00,0.0
2014-05-20 00:00:00,0.0
2014-05-20 01:00:00,-1.3854842425143208
2014-05-20 02:00:00,0.0
2014-05-20 03:00:00,0.0
2014-05-20 04:00:00,0.0
2014-05-20 05:00:00,0.0
2014-05-20 06:00:00,-1.4370108702233666
2014-05-20 07:00:00,0.0
2014-05-20 08:00:00,0.0
2014-05-20 09:00:00,-0.2974994984377817
2014-05-20 10:00:00,0.22173432898628692
2014-05-20 11:00:00,0.0
2014-05-20 12:00:00,0.34900509942763364
2014-05-20 13:00:00,0.38337336010956763
2014-05-20 14:00:00,0.2405415481000842
2014-05-20 15:00:00,0.0
2014-05-20 16:00:00,0.46262131352608304
2014-05-20 17:00:00,0.34040015260022094
2014-05-20 18:00:00,0.5452700243713945
2014-05-20 19:00:00,0.4006347803920985
2014-05-20 20:00:00,0.49188843806481913
2014-05-20 21:00:00,0.5711363914813353
2014-05-20 22:00:00,0.0
2014-05-20 23:00:00,-0.7718536331272723
2014-05-21 00:00:00,-1.4060433669702257
2014-05-21 01:00:00,0.0
2014-05-21 02:00:00,0.0
2014-05-21 03:00:00,0.0
2014-05-21 04:00:00,-1.467978373476501
2014-05-21 05:00:00,-1.3802800531157011
2014-05-21 06:00:00,-1.3390072243207563
2014-05-21 07:00:00,-0.7202754787905202
2014-05-21 08:00:00,-0.6531878095133378
2014-05-21 09:00:00,0.0
2014-05-21 10:00:00,0.22513508641508292
2014-05-21 11:00:00,0.0
2014-05-21 12:00:00,0.23538888532918079
2014-05-21 13:00:00,0.24054154810008763
2014-05-21 14:00:00,0.0
2014-05-21 15:00:00,0.0
2014-05-21 16:00:00,0.25084687364189484
2014-05-21 17:00:00,0.0
2014-05-21 18:00:00,0.3713676558533585
2014-05-21 19:00:00,0.0
2014-05-21 20:00:00,0.529708982803262
2014-05-21 21:00:00,0.36441156111263834
2014-05-21 22:00:00,0.34204900468690996
2014-05-21 23:00:00,-0.8646530896312693
2014-05-22 00:00:00,0.0
2014-05-22 01:00:00,0.0
2014-05-22 02:00:00,0.0
2014-05-22 03:00:00,0.0
2014-05-22 04:00:00,0.0
2014-05-22 05:00:00,-1.4988943501019292
2014-05-22 06:00:00,-1.3700262542016033
2014-05-22 07:00:00,-0.7357849937309403
2014-05-22 08:00:00,-0.5758978679497674
2014-05-22 09:00:00,0.0
2014-05-22 10:00:00,-0.024202265068997295
2014-05-22 11:00:00,0.0
2014-05-22 12:00:00,0.0
2014-05-22 13:00:00,0.4573655974997574
2014-05-22 14:00:00,0.0
2014-05-22 15:00:00,0.0
2014-05-22 16:00:00,0.0
2014-05-22 17:00:00,0.4040355378208945
2014-05-22 18:00:00,0.4488637039277669
2014-05-22 19:00:00,0.0
2014-05-22 20:00:00,0.0
2014-05-22 21:00:00,0.0
2014-05-22 22:00:00,0.0
2014-05-22 23:00:00,0.0
2014-05-23 00:00:00,-1.3802800531157045
2014-05-23 01:00:00,0.0
2014-05-23 02:00:00,-1.4834363617892186
2014-05-23 03:00:00,-1.4473677223928831
2014-05-23 04:00:00,-1.4318582074524597
2014-05-23 05:00:00,0.0
2014-05-23 06:00:00,0.0
2014-05-23 07:00:00,-0.8079737991513167
2014-05-23 08:00:00,-0.43157178373672733
2014-05-23 09:00:00,-0.349077652774544
2014-05-23 10:00:00,0.28707009292135505
2014-05-23 11:00:00,0.0
2014-05-23 12:00:00,0.540065834972782
2014-05-23 13:00:00,0.4298503783031252
2014-05-23 14:00:00,0.5503711605145889
2014-05-23 15:00:00,0.46256978689837364
2014-05-23 16:00:00,0.0
2014-05-23 17:00:00,0.46256978689837364
2014-05-23 18:00:00,0.5090983317196407
2014-05-23 19:00:00,0.5194551838891646
2014-05-23 20:00:00,0.4160927687048122
2014-05-23 21:00:00,0.5038941423210312
2014-05-23 22:00:00,0.3507054781420316
2014-05-23 23:00:00,-0.7822104852967954
2014-05-24 00:00:00,0.0
2014-05-24 01:00:00,0.0
2014-05-24 02:00:00,0.0
2014-05-24 03:00:00,-1.5555736405818854
2014-05-24 04:00:00,0.0
2014-05-24 05:00:00,0.0
2014-05-24 06:00:00,-1.375178916972507
2014-05-24 07:00:00,-0.7822104852967954
2014-05-24 08:00:00,-0.46764042313306275
2014-05-24 09:00:00,-0.07722316498160689
2014-05-24 10:00:00,0.4419076091870433
2014-05-24 11:00:00,0.0
2014-05-24 12:00:00,0.7209242982315383
2014-05-24 13:00:00,0.0
2014-05-24 14:00:00,0.3989344016777001
2014-05-24 15:00:00,0.0
2014-05-24 16:00:00,0.4780793018387937
2014-05-24 17:00:00,0.5968997053358597
2014-05-24 18:00:00,0.5038426156933181
2014-05-24 19:00:00,0.0
2014-05-24 20:00:00,0.3885775495081804
2014-05-24 21:00:00,0.5762890542522422
2014-05-24 22:00:00,0.0
2014-05-24 23:00:00,0.0
2014-05-25 00:00:00,-1.3700262542016066
2014-05-25 01:00:00,0.0
2014-05-25 02:00:00,-1.5349629894982644
2014-05-25 03:00:00,-1.524657663956457
2014-05-25 04:00:00,0.0
2014-05-25 05:00:00,-1.5401156522691712
2014-05-25 06:00:00,-1.5659304927514033
2014-05-25 07:00:00,0.0
2014-05-25 08:00:00,0.0
2014-05-25 09:00:00,-0.2871941728959748
2014-05-25 10:00:00,0.5039456689487376
2014-05-25 11:00:00,0.5865943797940529
2014-05-25 12:00:00,0.6589377650975506
2014-05-25 13:00:00,0.560728012684109
2014-05-25 14:00:00,0.39537906436577247
2014-05-25 15:00:00,0.0
2014-05-25 16:00:00,0.49874147955012366
2014-05-25 17:00:00,0.6537335756989374
2014-05-25 18:00:00,0.0
2014-05-25 19:00:00,0.6692430906393644
2014-05-25 20:00:00,0.4367549464161399
2014-05-25 21:00:00,0.0
2014-05-25 22:00:00,0.3575585196273331
2014-05-25 23:00:00,-0.6841553127664753
2014-05-26 00:00:00,-1.385432715886608
2014-05-26 01:00:00,-1.416400219139749
2014-05-26 02:00:00,0.0
2014-05-26 03:00:00,-1.5195050011855502
2014-05-26 04:00:00,0.0
2014-05-26 05:00:00,0.0
2014-05-26 06:00:00,0.0
2014-05-26 07:00:00,-0.854347764089459
2014-05-26 08:00:00,0.0
2014-05-26 09:00:00,0.0
2014-05-26 10:00:00,0.10471735745903804
2014-05-26 11:00:00,0.2473945895853929
2014-05-26 12:00:00,0.09956469468813423
2014-05-26 13:00:00,0.10646926280114544
2014-05-26 14:00:00,0.0
2014-05-26 15:00:00,0.0
2014-05-26 16:00:00,0.0
2014-05-26 17:00:00,0.1528432277392877
2014-05-26 18:00:00,0.0
2014-05-26 19:00:00,0.5969512319635721
2014-05-26 20:00:00,0.0
2014-05-26 21:00:00,0.4005317271366763
2014-05-26 22:00:00,0.3696157505112511
2014-05-26 23:00:00,-0.7306323309600403
2014-05-27 00:00:00,-1.473131036247408
2014-05-27 01:00:00,0.0
2014-05-27 02:00:00,0.0
2014-05-27 03:00:00,-1.4782836990183148
2014-05-27 04:00:00,0.0
2014-05-27 05:00:00,-1.5349629894982608
2014-05-27 06:00:00,0.0
2014-05-27 07:00:00,-0.8595004268603659
2014-05-27 08:00:00,-0.6017127084320015
2014-05-27 09:00:00,-0.42121493156720763
2014-05-27 10:00:00,0.16840426930741753
2014-05-27 11:00:00,0.0
2014-05-27 12:00:00,0.27156057798093497
2014-05-27 13:00:00,0.19942329918826793
2014-05-27 14:00:00,0.0
2014-05-27 15:00:00,0.20787366613255204
2014-05-27 16:00:00,0.0
2014-05-27 17:00:00,0.3420490046869096
2014-05-27 18:00:00,0.20962557147465602
2014-05-27 19:00:00,0.3248906376597975
2014-05-27 20:00:00,0.25775144175490605
2014-05-27 21:00:00,0.379869549425349
2014-05-27 22:00:00,0.0
2014-05-27 23:00:00,-0.6945121649359954
2014-05-28 00:00:00,-1.3802800531157011
2014-05-28 01:00:00,-1.3957895680561279
2014-05-28 02:00:00,-1.457673047934694
2014-05-28 03:00:00,-1.4215528819106524
2014-05-28 04:00:00,0.0
2014-05-28 05:00:00,-1.4834363617892152
2014-05-28 06:00:00,0.0
2014-05-28 07:00:00,0.0
2014-05-28 08:00:00,0.0
2014-05-28 09:00:00,0.0
2014-05-28 10:00:00,0.30943264934708337
2014-05-28 11:00:00,0.5452700243713945
2014-05-28 12:00:00,0.0
2014-05-28 13:00:00,0.0
2014-05-28 14:00:00,0.32834292171630636
2014-05-28 15:00:00,0.2990757971775637
2014-05-28 16:00:00,0.37301650794004754
2014-05-28 17:00:00,0.49358881677921757
2014-05-28 18:00:00,0.0
2014-05-28 19:00:00,0.0
2014-05-28 20:00:00,0.20442138207604318
2014-05-28 21:00:00,0.0
2014-05-28 22:00:00,0.1511428490248897
2014-05-28 23:00:00,-0.8337371130058414
2014-05-29 00:00:00,0.0
2014-05-29 01:00:00,-1.411247556368842
2014-05-29 02:00:00,0.0
2014-05-29 03:00:00,-1.4628257107055973
2014-05-29 04:00:00,0.0
2014-05-29 05:00:00,-1.5040470128728363
2014-05-29 06:00:00,-1.4576215213069843
2014-05-29 07:00:00,-0.7202754787905202
2014-05-29 08:00:00,-0.5346250391548191
2014-05-29 09:00:00,-0.35423031554544404
2014-05-29 10:00:00,0.1838622576201347
2014-05-29 11:00:00,0.0
2014-05-29 12:00:00,0.43675494641613605
2014-05-29 13:00:00,0.39543059099348526
2014-05-29 14:00:00,0.4505640826421615
2014-05-29 15:00:00,0.32138682697557924
2014-05-29 16:00:00,0.0
2014-05-29 17:00:00,0.0
2014-05-29 18:00:00,0.44706027195794673
2014-05-29 19:00:00,0.0
2014-05-29 20:00:00,0.46607359758258843
2014-05-29 21:00:00,0.4418560825593339
2014-05-29 22:00:00,0.388526022880471
2014-05-29 23:00:00,-0.7770578225258885
2014-05-30 00:00:00,-1.3905853786575149
2014-05-30 01:00:00,-1.3545167392611799
2014-05-30 02:00:00,-1.3958410946838407
2014-05-30 03:00:00,-1.411247556368842
2014-05-30 04:00:00,0.0
2014-05-30 05:00:00,-1.4422150596219798
2014-05-30 06:00:00,-1.4421635329942701
2014-05-30 07:00:00,0.0
2014-05-30 08:00:00,-1.1120839558901128
2014-05-30 09:00:00,0.0
2014-05-30 10:00:00,0.0
2014-05-30 11:00:00,0.0
2014-05-30 12:00:00,0.4661251242102948
2014-05-30 13:00:00,0.46262131352608304
2014-05-30 14:00:00,0.26635638858231836
2014-05-30 15:00:00,0.37992107605305836
2014-05-30 16:00:00,0.4108885793061963
2014-05-30 17:00:00,0.5038941423210275
2014-05-30 18:00:00,0.0
2014-05-30 19:00:00,0.5039456689487376
2014-05-30 20:00:00,0.4211939048480066
2014-05-30 21:00:00,0.0
2014-05-30 22:00:00,0.388526022880471
2014-05-30 23:00:00,0.0
2014-05-31 00:00:00,0.0
2014-05-31 01:00:00,-1.3493640764902761
2014-05-31 02:00:00,-1.4319097340801725
2014-05-31 03:00:00,-1.3854842425143208
2014-05-31 04:00:00,-1.4524688585360808
2014-05-31 05:00:00,-1.4473677223928831
2014-05-31 06:00:00,-1.2925817327549045
2014-05-31 07:00:00,-0.6429340105992399
2014-05-31 08:00:00,-0.43667291987992174
2014-05-31 09:00:00,-0.2150053674755984
2014-05-31 10:00:00,0.39367868565137787
2014-05-31 11:00:00,0.6589377650975506
2014-05-31 12:00:00,0.0
2014-05-31 13:00:00,0.0
2014-05-31 14:00:00,0.5038941423210275
2014-05-31 15:00:00,0.5090983317196414
2014-05-31 16:00:00,0.0
2014-05-31 17:00:00,0.7932676835350367
2014-05-31 18:00:00,0.0
2014-05-31 19:00:00,0.6950579311215981
2014-05-31 20:00:00,0.5659322020827221
2014-05-31 21:00:00,0.0
2014-05-31 22:00:00,0.5556268765409146
2014-05-31 23:00:00,-0.6016611818042917
2014-06-01 00:00:00,0.0
2014-06-01 01:00:00,-1.3081427743230376
2014-06-01 02:00:00,-1.4318582074524633
2014-06-01 03:00:00,0.0
2014-06-01 04:00:00,0.0
2014-06-01 05:00:00,-1.4370108702233666
2014-06-01 06:00:00,-1.4266540180538434
2014-06-01 07:00:00,0.0
2014-06-01 08:00:00,0.0
2014-06-01 09:00:00,-0.04811062032599206
2014-06-01 10:00:00,0.6124092202762836
2014-06-01 11:00:00,0.0
2014-06-01 12:00:00,0.5038426156933188
2014-06-01 13:00:00,0.0
2014-06-01 14:00:00,0.3042284599484706
2014-06-01 15:00:00,0.342049004686913
2014-06-01 16:00:00,0.4401557038449359
2014-06-01 17:00:00,0.534861645574165
2014-06-01 18:00:00,0.4091882005918014
2014-06-01 19:00:00,0.46262131352608304
2014-06-01 20:00:00,0.0
2014-06-01 21:00:00,0.540065834972782
2014-06-01 22:00:00,0.0
2014-06-01 23:00:00,-0.5914073828901908
2014-06-02 00:00:00,-1.282327933840807
2014-06-02 01:00:00,-1.2874290699839974
2014-06-02 02:00:00,0.0
2014-06-02 03:00:00,0.0
2014-06-02 04:00:00,-1.467978373476501
2014-06-02 05:00:00,-1.4267055446815562
2014-06-02 06:00:00,0.0
2014-06-02 07:00:00,0.0
2014-06-02 08:00:00,-0.5243197136130122
2014-06-02 09:00:00,0.0
2014-06-02 10:00:00,0.12537953517036876
2014-06-02 11:00:00,0.29382008115124114
2014-06-02 12:00:00,0.0
2014-06-02 13:00:00,0.0
2014-06-02 14:00:00,0.5659322020827221
2014-06-02 15:00:00,0.5039456689487376
2014-06-02 16:00:00,0.4987414795501206
2014-06-02 17:00:00,0.5021937636066298
2014-06-02 18:00:00,0.41439238999041456
2014-06-02 19:00:00,0.5452700243713945
2014-06-02 20:00:00,0.455665218785359
2014-06-02 21:00:00,0.0
2014-06-02 22:00:00,0.4211939048480066
2014-06-02 23:00:00,-0.7305808043323274
2014-06-03 00:00:00,-1.3287534254066586
2014-06-03 01:00:00,-1.2616657561294762
2014-06-03 02:00:00,-1.4164517457674586
2014-06-03 03:00:00,-1.3493125498625667
2014-06-03 04:00:00,0.0
2014-06-03 05:00:00,-1.4267570713092657
2014-06-03 06:00:00,-1.4060948935979385
2014-06-03 07:00:00,0.0
2014-06-03 08:00:00,0.0
2014-06-03 09:00:00,-0.27688884735416414
2014-06-03 10:00:00,0.15629551179579695
2014-06-03 11:00:00,0.37827222396637317
2014-06-03 12:00:00,0.6847526055797882
2014-06-03 13:00:00,0.48328349123741376
2014-06-03 14:00:00,0.0
2014-06-03 15:00:00,0.5090983317196414
2014-06-03 16:00:00,0.6485809129280335
2014-06-03 17:00:00,0.5659837287104316
2014-06-03 18:00:00,0.0
2014-06-03 19:00:00,0.0
2014-06-03 20:00:00,0.5142509944905476
2014-06-03 21:00:00,0.0
2014-06-03 22:00:00,0.0
2014-06-03 23:00:00,0.0
2014-06-04 00:00:00,-1.2565130933585726
2014-06-04 01:00:00,-1.3132439104662383
2014-06-04 02:00:00,0.0
2014-06-04 03:00:00,0.0
2014-06-04 04:00:00,-1.4112990829965517
2014-06-04 05:00:00,-1.4112990829965548
2014-06-04 06:00:00,0.0
2014-06-04 07:00:00,0.0
2014-06-04 08:00:00,-0.5913558562624814
2014-06-04 09:00:00,-0.12550361514498473
2014-06-04 10:00:00,0.15289475436699712
2014-06-04 11:00:00,0.309381122719374
2014-06-04 12:00:00,0.3575585196273365
2014-06-04 13:00:00,0.0
2014-06-04 14:00:00,0.21817899167436272
2014-06-04 15:00:00,0.22848431721616957
2014-06-04 16:00:00,0.2319881279003813
2014-06-04 17:00:00,0.0
2014-06-04 18:00:00,0.3058773120351558
2014-06-04 19:00:00,0.3524573834841356
2014-06-04 20:00:00,0.0
2014-06-04 21:00:00,0.0
2014-06-04 22:00:00,0.0
2014-06-04 23:00:00,-0.8337886396335474
2014-06-05 00:00:00,-1.3545167392611832
2014-06-05 01:00:00,0.0
2014-06-05 02:00:00,0.0
2014-06-05 03:00:00,-1.3957895680561279
2014-06-05 04:00:00,0.0
2014-06-05 05:00:00,-1.5607263033527856
2014-06-05 06:00:00,0.0
2014-06-05 07:00:00,0.0
2014-06-05 08:00:00,-0.6068138445751955
2014-06-05 09:00:00,-0.4108580793976876
2014-06-05 10:00:00,0.10471735745903804
2014-06-05 11:00:00,0.0
2014-06-05 12:00:00,0.48838462738060434
2014-06-05 13:00:00,0.2990242705498539
2014-06-05 14:00:00,0.2508984002696077
2014-06-05 15:00:00,0.0
2014-06-05 16:00:00,0.3627111823982403
2014-06-05 17:00:00,0.3626596557705275
2014-06-05 18:00:00,0.39017487496715964
2014-06-05 19:00:00,0.41614429533252195
2014-06-05 20:00:00,0.0
2014-06-05 21:00:00,0.0
2014-06-05 22:00:00,0.0
2014-06-05 23:00:00,-0.7047659638500964
2014-06-06 00:00:00,-1.204986465649527
2014-06-06 01:00:00,-1.215291791191334
2014-06-06 02:00:00,0.0
2014-06-06 03:00:00,-1.3235492360080456
2014-06-06 04:00:00,-1.3700262542016066
2014-06-06 05:00:00,-1.4215528819106493
2014-06-06 06:00:00,0.0
2014-06-06 07:00:00,-0.5655925424079605
2014-06-06 08:00:00,0.0
2014-06-06 09:00:00,0.0
2014-06-06 10:00:00,0.31458531211799023
2014-06-06 11:00:00,0.0
2014-06-06 12:00:00,0.5038941423210312
2014-06-06 13:00:00,0.3885260228804741
2014-06-06 14:00:00,0.46086940818397526
2014-06-06 15:00:00,0.0
2014-06-06 16:00:00,0.4471117985856561
2014-06-06 17:00:00,0.0
2014-06-06 18:00:00,0.0
2014-06-06 19:00:00,0.0
2014-06-06 20:00:00,0.6021038947344729
2014-06-06 21:00:00,0.6950579311215951
2014-06-06 22:00:00,0.0
2014-06-06 23:00:00,-0.7511914554159485
2014-06-07 00:00:00,0.0
2014-06-07 01:00:00,-1.3287018987789492
2014-06-07 02:00:00,0.0
2014-06-07 03:00:00,0.0
2014-06-07 04:00:00,-1.3854842425143208
2014-06-07 05:00:00,-1.421604408538362
2014-06-07 06:00:00,0.0
2014-06-07 07:00:00,0.0
2014-06-07 08:00:00,0.0
2014-06-07 09:00:00,0.015576291522387058
2014-06-07 10:00:00,-0.2144901011985091
2014-06-07 11:00:00,-0.2866789066188855
2014-06-07 12:00:00,0.0
2014-06-07 13:00:00,0.751943328112386
2014-06-07 14:00:00,-1.7309187546757738
2014-06-07 15:00:00,-0.9110785811971206
2014-06-07 16:00:00,-0.5552872168661498
2014-06-07 17:00:00,-0.35933145168863845
2014-06-07 18:00:00,0.38234282755538823
2014-06-07 19:00:00,0.8552542166690212
2014-06-07 20:00:00,0.5865943797940529
2014-06-07 21:00:00,0.0
2014-06-07 22:00:00,0.0
2014-06-07 23:00:00,-0.5965600456610947
2014-06-08 00:00:00,-1.1740704890240985
2014-06-08 01:00:00,0.0
2014-06-08 02:00:00,-1.2977343955258114
2014-06-08 03:00:00,-1.2410551050458551
2014-06-08 04:00:00,-1.344262940347082
2014-06-08 05:00:00,-1.36482206480299
2014-06-08 06:00:00,-1.3854842425143175
2014-06-08 07:00:00,-0.6944606383082861
2014-06-08 08:00:00,0.0
2014-06-08 09:00:00,-0.26653199518464754
2014-06-08 10:00:00,0.6056077054186877
2014-06-08 11:00:00,0.6072565575053798
2014-06-08 12:00:00,0.6175618830471836
2014-06-08 13:00:00,0.4350545677017449
2014-06-08 14:00:00,0.4626213135260792
2014-06-08 15:00:00,0.0
2014-06-08 16:00:00,0.5090983317196445
2014-06-08 17:00:00,0.5866459064217584
2014-06-08 18:00:00,0.6485809129280374
2014-06-08 19:00:00,0.0
2014-06-08 20:00:00,0.0
2014-06-08 21:00:00,0.0
2014-06-08 22:00:00,0.0
2014-06-08 23:00:00,-0.6275275489142318
2014-06-09 00:00:00,0.0
2014-06-09 01:00:00,-1.204986465649527
2014-06-09 02:00:00,-1.3287018987789492
2014-06-09 03:00:00,0.0
2014-06-09 04:00:00,0.0
2014-06-09 05:00:00,-1.3802800531157042
2014-06-09 06:00:00,-1.2203929273345282
2014-06-09 07:00:00,-0.5449818913243392
2014-06-09 08:00:00,-0.37478944000135556
2014-06-09 09:00:00,0.0
2014-06-09 10:00:00,0.46607359758258843
2014-06-09 11:00:00,0.0
2014-06-09 12:00:00,0.0
2014-06-09 13:00:00,0.3885260228804676
2014-06-09 14:00:00,0.4057874431630019
2014-06-09 15:00:00,0.3713161292256526
2014-06-09 16:00:00,0.3196349216334753
2014-06-09 17:00:00,0.3679153717968501
2014-06-09 18:00:00,0.5090983317196414
2014-06-09 19:00:00,0.0
2014-06-09 20:00:00,0.3524058568564262
2014-06-09 21:00:00,0.519352130633745
2014-06-09 22:00:00,0.0
2014-06-09 23:00:00,-0.6790026499955719
2014-06-10 00:00:00,-1.2616657561294762
2014-06-10 01:00:00,0.0
2014-06-10 02:00:00,-1.3131923838385222
2014-06-10 03:00:00,-1.3235492360080454
2014-06-10 04:00:00,-1.3493640764902761
2014-06-10 05:00:00,0.0
2014-06-10 06:00:00,-1.4421635329942701
2014-06-10 07:00:00,-0.7770062958981792
2014-06-10 08:00:00,0.0
2014-06-10 09:00:00,0.0
2014-06-10 10:00:00,0.27331248332304237
2014-06-10 11:00:00,0.4866842486662098
2014-06-10 12:00:00,0.0
2014-06-10 13:00:00,0.560728012684109
2014-06-10 14:00:00,0.0
2014-06-10 15:00:00,0.388526022880471
2014-06-10 16:00:00,0.0
2014-06-10 17:00:00,0.3885260228804676
2014-06-10 18:00:00,0.4212969581034254
2014-06-10 19:00:00,0.48843615400831375
2014-06-10 20:00:00,0.2474461162130954
2014-06-10 21:00:00,0.2886674183803343
2014-06-10 22:00:00,0.0
2014-06-10 23:00:00,-0.6068138445751955
2014-06-11 00:00:00,0.0
2014-06-11 01:00:00,0.0
2014-06-11 02:00:00,0.0
2014-06-11 03:00:00,0.0
2014-06-11 04:00:00,0.0
2014-06-11 05:00:00,-1.5143523384146433
2014-06-11 06:00:00,-1.447316195765174
2014-06-11 07:00:00,0.0
2014-06-11 08:00:00,-0.3954000910849735
2014-06-11 09:00:00,-0.3284154750632133
2014-06-11 10:00:00,0.011917900955044088
2014-06-11 11:00:00,0.3662149930824517
2014-06-11 12:00:00,0.0
2014-06-11 13:00:00,0.0
2014-06-11 14:00:00,0.3575585196273334
2014-06-11 15:00:00,0.41949352613360863
2014-06-11 16:00:00,0.0
2014-06-11 17:00:00,0.0
2014-06-11 18:00:00,0.6072050308776696
2014-06-11 19:00:00,0.0
2014-06-11 20:00:00,0.0
2014-06-11 21:00:00,0.4625697868983706
2014-06-11 22:00:00,0.5917470425649559
2014-06-11 23:00:00,-0.48825107421667685
2014-06-12 00:00:00,-1.2204444539622408
2014-06-12 01:00:00,-1.3338545615498525
2014-06-12 02:00:00,-1.416451745767455
2014-06-12 03:00:00,-1.3545167392611797
2014-06-12 04:00:00,0.0
2014-06-12 05:00:00,-1.4319097340801692
2014-06-12 06:00:00,-1.4576215213069843
2014-06-12 07:00:00,-0.7357849937309403
2014-06-12 08:00:00,-0.2974994984377855
2014-06-12 09:00:00,0.0
2014-06-12 10:00:00,0.2939231344066599
2014-06-12 11:00:00,0.0
2014-06-12 12:00:00,0.8397962283563075
2014-06-12 13:00:00,0.0
2014-06-12 14:00:00,0.7829108313655196
2014-06-12 15:00:00,0.7570959908832897
2014-06-12 16:00:00,0.6640904278684575
2014-06-12 17:00:00,0.6382755873862229
2014-06-12 18:00:00,0.0
2014-06-12 19:00:00,0.6537851023266468
2014-06-12 20:00:00,0.0
2014-06-12 21:00:00,0.5814417170231453
2014-06-12 22:00:00,0.0
2014-06-12 23:00:00,-0.18228595888035648
2014-06-13 00:00:00,-0.8131264619222236
2014-06-13 01:00:00,0.0
2014-06-13 02:00:00,-1.0038780377011118
2014-06-13 03:00:00,0.0
2014-06-13 04:00:00,-1.0038265110734024
2014-06-13 05:00:00,0.0
2014-06-13 06:00:00,-1.2307497795040514
2014-06-13 07:00:00,0.0
2014-06-13 08:00:00,-0.14271350879980663
2014-06-13 09:00:00,-0.08093308217665963
2014-06-13 10:00:00,0.0
2014-06-13 11:00:00,0.9172922764307152
2014-06-13 12:00:00,0.0
2014-06-13 13:00:00,0.9120880870320989
2014-06-13 14:00:00,0.0
2014-06-13 15:00:00,0.9431071169129497
2014-06-13 16:00:00,0.0
2014-06-13 17:00:00,0.9896356617342167
2014-06-13 18:00:00,0.0
2014-06-13 19:00:00,0.8501015538981213
2014-06-13 20:00:00,0.0
2014-06-13 21:00:00,0.0
2014-06-13 22:00:00,0.6382240607585173
2014-06-13 23:00:00,-0.3266635697211059
2014-06-14 00:00:00,-1.0090307004720191
2014-06-14 01:00:00,-1.0192844993861199
2014-06-14 02:00:00,-1.2204444539622377
2014-06-14 03:00:00,-1.1740704890240954
2014-06-14 04:00:00,0.0
2014-06-14 05:00:00,-1.1895284773368127
2014-06-14 06:00:00,-1.0244886887847329
2014-06-14 07:00:00,-0.4109096060254004
2014-06-14 08:00:00,-0.055169768322134875
2014-06-14 09:00:00,0.2373984238098355
2014-06-14 10:00:00,0.0
2014-06-14 11:00:00,0.0
2014-06-14 12:00:00,0.0
2014-06-14 13:00:00,1.3720147659630575
2014-06-14 14:00:00,0.9430555902852364
2014-06-14 15:00:00,1.0877938875199558
2014-06-14 16:00:00,1.3409442094545003
2014-06-14 17:00:00,1.2738050135496128
2014-06-14 18:00:00,1.242785983668765
2014-06-14 19:00:00,1.0567748576391052
2014-06-14 20:00:00,0.9121396136598083
2014-06-14 21:00:00,0.8190825240172735
2014-06-14 22:00:00,0.6382240607585173
2014-06-14 23:00:00,-0.16682797056763932
2014-06-15 00:00:00,-0.8337371130058411
2014-06-15 01:00:00,0.0
2014-06-15 02:00:00,-1.034742487698834
2014-06-15 03:00:00,0.0
2014-06-15 04:00:00,0.0
2014-06-15 05:00:00,-1.0760668431214848
2014-06-15 06:00:00,-1.050303529266967
2014-06-15 07:00:00,0.0
2014-06-15 08:00:00,0.0
2014-06-15 09:00:00,0.0
2014-06-15 10:00:00,0.0
2014-06-15 11:00:00,0.0
2014-06-15 12:00:00,0.0
2014-06-15 13:00:00,0.0
2014-06-15 14:00:00,0.6020523681067628
2014-06-15 15:00:00,0.8500500272704111
2014-06-15 16:00:00,0.0
2014-06-15 17:00:00,1.2738050135496157
2014-06-15 18:00:00,0.0
2014-06-15 19:00:00,0.0
2014-06-15 20:00:00,1.1394235684844203
2014-06-15 21:00:00,1.0206031649873544
2014-06-15 22:00:00,0.726076961002442
2014-06-15 23:00:00,-0.18223443225264707
2014-06-16 00:00:00,-0.9987253749302084
2014-06-16 01:00:00,0.0
2014-06-16 02:00:00,0.0
2014-06-16 03:00:00,-1.0761183697491976
2014-06-16 04:00:00,-1.1121354825178233
2014-06-16 05:00:00,-1.1225438613150494
2014-06-16 06:00:00,-0.9935211855315952
2014-06-16 07:00:00,-0.4057569432544901
2014-06-16 08:00:00,-0.1891905269933677
2014-06-16 09:00:00,0.022223226496850938
2014-06-16 10:00:00,0.617613409674896
2014-06-16 11:00:00,0.8087771984754636
2014-06-16 12:00:00,0.0
2014-06-16 13:00:00,0.0
2014-06-16 14:00:00,0.4780793018387937
2014-06-16 15:00:00,0.0
2014-06-16 16:00:00,1.1394235684844203
2014-06-16 17:00:00,1.1445762312553203
2014-06-16 18:00:00,0.788115020764136
2014-06-16 19:00:00,0.6537851023266507
2014-06-16 20:00:00,0.0
2014-06-16 21:00:00,0.8139813878740768
2014-06-16 22:00:00,0.7932676835350397
2014-06-16 23:00:00,-0.23360648007856463
2014-06-17 00:00:00,-1.0090307004720191
2014-06-17 01:00:00,0.0
2014-06-17 02:00:00,-1.1843758145659058
2014-06-17 03:00:00,-1.1276965240859562
2014-06-17 04:00:00,-1.1328491868568566
2014-06-17 05:00:00,0.0
2014-06-17 06:00:00,-1.1895284773368127
2014-06-17 07:00:00,0.0
2014-06-17 08:00:00,0.0
2014-06-17 09:00:00,-0.00879580338399259
2014-06-17 10:00:00,0.31118455468919115
2014-06-17 11:00:00,0.0
2014-06-17 12:00:00,0.6640904278684575
2014-06-17 13:00:00,1.0568263842668144
2014-06-17 14:00:00,0.7623001802819022
2014-06-17 15:00:00,0.5504226871423014
2014-06-17 16:00:00,0.0
2014-06-17 17:00:00,0.7623001802819022
2014-06-17 18:00:00,0.0
2014-06-17 19:00:00,0.7157716354606314
2014-06-17 20:00:00,0.664038901240748
2014-06-17 21:00:00,0.9844314723356035
2014-06-17 22:00:00,0.0
2014-06-17 23:00:00,0.0
2014-06-18 00:00:00,-0.9110270545694119
2014-06-18 01:00:00,-1.0450993398683541
2014-06-18 02:00:00,-1.174070489024099
2014-06-18 03:00:00,-1.1688662996254826
2014-06-18 04:00:00,-1.1792231517950058
2014-06-18 05:00:00,-1.1998338028786197
2014-06-18 06:00:00,-1.1637136368545753
2014-06-18 07:00:00,-0.36968830385816154
2014-06-18 08:00:00,-0.4883026008443862
2014-06-18 09:00:00,0.0
2014-06-18 10:00:00,0.0
2014-06-18 11:00:00,0.0
2014-06-18 12:00:00,0.4987414795501275
2014-06-18 13:00:00,0.5349646988295845
2014-06-18 14:00:00,0.0
2014-06-18 15:00:00,0.9482597796838528
2014-06-18 16:00:00,0.7054147832911113
2014-06-18 17:00:00,0.0
2014-06-18 18:00:00,0.6279187352167067
2014-06-18 19:00:00,0.5142509944905482
2014-06-18 20:00:00,0.6279187352167067
2014-06-18 21:00:00,0.607256557505376
2014-06-18 22:00:00,0.5917985691926623
2014-06-18 23:00:00,0.0
2014-06-19 00:00:00,0.0
2014-06-19 01:00:00,0.0
2014-06-19 02:00:00,-1.1895284773368127
2014-06-19 03:00:00,0.0
2014-06-19 04:00:00,-1.2049864656495266
2014-06-19 05:00:00,-1.2359024422749518
2014-06-19 06:00:00,-1.1997822762509107
2014-06-19 07:00:00,-0.5397777019257298
2014-06-19 08:00:00,-0.0706277566348524
2014-06-19 09:00:00,-0.10664486940347463
2014-06-19 10:00:00,0.0
2014-06-19 11:00:00,0.0
2014-06-19 12:00:00,0.0
2014-06-19 13:00:00,0.0
2014-06-19 14:00:00,0.7002621205202082
2014-06-19 15:00:00,0.0
2014-06-19 16:00:00,0.6899052683506882
2014-06-19 17:00:00,0.7570444642555765
2014-06-19 18:00:00,1.0206031649873581
2014-06-19 19:00:00,0.0
2014-06-19 20:00:00,0.0
2014-06-19 21:00:00,0.45226446135656295
2014-06-19 22:00:00,0.0
2014-06-19 23:00:00,-0.5793501520062727
2014-06-20 00:00:00,-1.168917826253192
2014-06-20 01:00:00,0.0
2014-06-20 02:00:00,0.0
2014-06-20 03:00:00,-1.2926332593826142
2014-06-20 04:00:00,-1.3441598870916633
2014-06-20 05:00:00,0.0
2014-06-20 06:00:00,-1.3287534254066586
2014-06-20 07:00:00,-0.6119665073460989
2014-06-20 08:00:00,-0.21495384084789243
2014-06-20 09:00:00,-0.22010650361879244
2014-06-20 10:00:00,0.16830121605200182
2014-06-20 11:00:00,0.0
2014-06-20 12:00:00,0.379869549425349
2014-06-20 13:00:00,0.5917470425649529
2014-06-20 14:00:00,0.21658166621538005
2014-06-20 15:00:00,0.0
2014-06-20 16:00:00,0.44551447312667686
2014-06-20 17:00:00,0.43160228364523606
2014-06-20 18:00:00,0.5814417170231491
2014-06-20 19:00:00,0.6175618830471836
2014-06-20 20:00:00,0.664038901240748
2014-06-20 21:00:00,0.6899052683506912
2014-06-20 22:00:00,0.6072565575053798
2014-06-20 23:00:00,-0.606813844575192
2014-06-21 00:00:00,-1.1843758145659058
2014-06-21 01:00:00,0.0
2014-06-21 02:00:00,-1.3183965732371385
2014-06-21 03:00:00,0.0
2014-06-21 04:00:00,-1.2771752710699
2014-06-21 05:00:00,0.0
2014-06-21 06:00:00,-1.2049864656495235
2014-06-21 07:00:00,0.0
2014-06-21 08:00:00,-0.5501345540952426
2014-06-21 09:00:00,-0.2253106930174121
2014-06-21 10:00:00,0.0
2014-06-21 11:00:00,0.7673497897973872
2014-06-21 12:00:00,0.0
2014-06-21 13:00:00,0.0
2014-06-21 14:00:00,0.7467906653414752
2014-06-21 15:00:00,0.0
2014-06-21 16:00:00,0.7829623579932291
2014-06-21 17:00:00,0.8345920389576943
2014-06-21 18:00:00,0.8397962283563075
2014-06-21 19:00:00,0.7829108313655235
2014-06-21 20:00:00,0.6485809129280335
2014-06-21 21:00:00,0.4780793018387975
2014-06-21 22:00:00,0.540065834972782
2014-06-21 23:00:00,-0.481398032731375
2014-06-22 00:00:00,0.0
2014-06-22 01:00:00,-1.230749779504048
2014-06-22 02:00:00,-1.3131923838385222
2014-06-22 03:00:00,-1.2771237444421903
2014-06-22 04:00:00,0.0
2014-06-22 05:00:00,-1.3338545615498525
2014-06-22 06:00:00,-1.349415603117989
2014-06-22 07:00:00,-0.4830984114457765
2014-06-22 08:00:00,-0.4676404231330593
2014-06-22 09:00:00,0.0
2014-06-22 10:00:00,0.5658806754550159
2014-06-22 11:00:00,0.0
2014-06-22 12:00:00,0.953463969082469
2014-06-22 13:00:00,0.7415864759428697
2014-06-22 14:00:00,0.6485809129280367
2014-06-22 15:00:00,0.9069354242611989
2014-06-22 16:00:00,0.8656110688385413
2014-06-22 17:00:00,0.0
2014-06-22 18:00:00,0.0
2014-06-22 19:00:00,0.0
2014-06-22 20:00:00,0.5865428531663427
2014-06-22 21:00:00,0.0
2014-06-22 22:00:00,0.0
2014-06-22 23:00:00,-0.5534837848963327
2014-06-23 00:00:00,0.0
2014-06-23 01:00:00,-1.1792231517950023
2014-06-23 02:00:00,-1.3184480998648513
2014-06-23 03:00:00,-1.2719710816712835
2014-06-23 04:00:00,-1.287429069984001
2014-06-23 05:00:00,0.0
2014-06-23 06:00:00,0.0
2014-06-23 07:00:00,-0.6583404722842412
2014-06-23 08:00:00,-0.4160622687963038
2014-06-23 09:00:00,-0.18919052699337074
2014-06-23 10:00:00,0.0
2014-06-23 11:00:00,0.0
2014-06-23 12:00:00,0.7777581685946128
2014-06-23 13:00:00,0.6485809129280335
2014-06-23 14:00:00,0.0
2014-06-23 15:00:00,0.9431071169129459
2014-06-23 16:00:00,0.0
2014-06-23 17:00:00,1.0413168693263914
2014-06-23 18:00:00,0.7984203463059436
2014-06-23 19:00:00,0.8707637316094451
2014-06-23 20:00:00,0.8035730090768474
2014-06-23 21:00:00,0.0
2014-06-23 22:00:00,0.0
2014-06-23 23:00:00,0.0
2014-06-24 00:00:00,0.0
2014-06-24 01:00:00,0.0
2014-06-24 02:00:00,-1.3338545615498525
2014-06-24 03:00:00,0.0
2014-06-24 04:00:00,0.0
2014-06-24 05:00:00,-1.3235492360080456
2014-06-24 06:00:00,0.0
2014-06-24 07:00:00,0.0
2014-06-24 08:00:00,-0.32326281229230985
2014-06-24 09:00:00,0.0
2014-06-24 10:00:00,0.2733640099507518
2014-06-24 11:00:00,0.0
2014-06-24 12:00:00,0.5504742137700115
2014-06-24 13:00:00,0.0
2014-06-24 14:00:00,0.44020723047264526
2014-06-24 15:00:00,0.5658806754550098
2014-06-24 16:00:00,0.0
2014-06-24 17:00:00,0.7622486536541958
2014-06-24 18:00:00,0.6279187352167067
2014-06-24 19:00:00,0.5917470425649529
2014-06-24 20:00:00,0.7208727716038296
2014-06-24 21:00:00,0.6744472800379775
2014-06-24 22:00:00,0.0
2014-06-24 23:00:00,0.0
2014-06-25 00:00:00,-1.1998338028786202
2014-06-25 01:00:00,-1.2204444539622408
2014-06-25 02:00:00,-1.3286503721512364
2014-06-25 03:00:00,0.0
2014-06-25 04:00:00,-1.2977343955258114
2014-06-25 05:00:00,0.0
2014-06-25 06:00:00,0.0
2014-06-25 07:00:00,-0.6377813478283301
2014-06-25 08:00:00,-0.36453564108725467
2014-06-25 09:00:00,-0.16687949719535178
2014-06-25 10:00:00,0.3094326493470803
2014-06-25 11:00:00,0.5814417170231453
2014-06-25 12:00:00,0.5813901903954397
2014-06-25 13:00:00,0.0
2014-06-25 14:00:00,0.42985037830312867
2014-06-25 15:00:00,0.0
2014-06-25 16:00:00,0.0
2014-06-25 17:00:00,0.0
2014-06-25 18:00:00,0.0
2014-06-25 19:00:00,0.5917985691926653
2014-06-25 20:00:00,0.0
2014-06-25 21:00:00,0.5658806754550127
2014-06-25 22:00:00,0.4832319646097005
2014-06-25 23:00:00,0.0
2014-06-26 00:00:00,-1.0760153164937822
2014-06-26 01:00:00,0.0
2014-06-26 02:00:00,0.0
2014-06-26 03:00:00,0.0
2014-06-26 04:00:00,0.0
2014-06-26 05:00:00,0.0
2014-06-26 06:00:00,0.0
2014-06-26 07:00:00,0.0
2014-06-26 08:00:00,-0.36963677723044874
2014-06-26 09:00:00,0.0
2014-06-26 10:00:00,0.0
2014-06-26 11:00:00,0.0
2014-06-26 12:00:00,0.0
2014-06-26 13:00:00,0.0
2014-06-26 14:00:00,0.3678638451691403
2014-06-26 15:00:00,0.0
2014-06-26 16:00:00,0.0
2014-06-26 17:00:00,0.4092397272195077
2014-06-26 18:00:00,0.0
2014-06-26 19:00:00,0.37301650794004754
2014-06-26 20:00:00,0.5813901903954389
2014-06-26 21:00:00,0.0
2014-06-26 22:00:00,0.3333925312317879
2014-06-26 23:00:00,0.0
2014-06-27 00:00:00,0.0
2014-06-27 01:00:00,-1.2874290699839976
2014-06-27 02:00:00,-1.4576215213069843
2014-06-27 03:00:00,0.0
2014-06-27 04:00:00,-1.4215013552829396
2014-06-27 05:00:00,-1.4628257107056009
2014-06-27 06:00:00,0.0
2014-06-27 07:00:00,0.0
2014-06-27 08:00:00,-0.3954000910849769
2014-06-27 09:00:00,0.0
2014-06-27 10:00:00,0.04978997232119631
2014-06-27 11:00:00,0.586594379794049
2014-06-27 12:00:00,0.6589377650975536
2014-06-27 13:00:00,0.0
2014-06-27 14:00:00,0.0
2014-06-27 15:00:00,0.4419076091870429
2014-06-27 16:00:00,0.0
2014-06-27 17:00:00,0.0
2014-06-27 18:00:00,0.7778096952223222
2014-06-27 19:00:00,0.560728012684112
2014-06-27 20:00:00,0.0
2014-06-27 21:00:00,0.47127778698120165
2014-06-27 22:00:00,0.0
2014-06-27 23:00:00,0.0
2014-06-28 00:00:00,0.0
2014-06-28 01:00:00,0.0
2014-06-28 02:00:00,0.0
2014-06-28 03:00:00,0.0
2014-06-28 04:00:00,0.0
2014-06-28 05:00:00,0.0
2014-06-28 06:00:00,0.0
2014-06-28 07:00:00,-0.5243197136130122
2014-06-28 08:00:00,0.0
2014-06-28 09:00:00,-0.07062775663484896
2014-06-28 10:00:00,0.0
2014-06-28 11:00:00,0.8863247731775776
2014-06-28 12:00:00,0.0
2014-06-28 13:00:00,0.8862732465498682
2014-06-28 14:00:00,0.0
2014-06-28 15:00:00,0.7725539791960027
2014-06-28 16:00:00,0.0
2014-06-28 17:00:00,0.0
2014-06-28 18:00:00,0.0
2014-06-28 19:00:00,0.0
2014-06-28 20:00:00,0.5245563200323551
2014-06-28 21:00:00,0.0
2014-06-28 22:00:00,0.4781308284665069
2014-06-28 23:00:00,-0.5810505307206743
2014-06-29 00:00:00,-1.246207767816762
2014-06-29 01:00:00,0.0
2014-06-29 02:00:00,-1.411247556368842
2014-06-29 03:00:00,0.0
2014-06-29 04:00:00,0.0
2014-06-29 05:00:00,-1.3854842425143208
2014-06-29 06:00:00,-1.380331579743414
2014-06-29 07:00:00,0.0
2014-06-29 08:00:00,0.0
2014-06-29 09:00:00,-0.31295748675050267
2014-06-29 10:00:00,0.0
2014-06-29 11:00:00,0.7261284876301484
2014-06-29 12:00:00,0.0
2014-06-29 13:00:00,0.0
2014-06-29 14:00:00,0.507397953005246
2014-06-29 15:00:00,0.0
2014-06-29 16:00:00,0.7208727716038296
2014-06-29 17:00:00,0.7261284876301484
2014-06-29 18:00:00,0.6537851023266468
2014-06-29 19:00:00,0.0
2014-06-29 20:00:00,0.5814417170231461
2014-06-29 21:00:00,0.0
2014-06-29 22:00:00,0.3626596557705275
2014-06-29 23:00:00,-0.5914073828901942
2014-06-30 00:00:00,0.0
2014-06-30 01:00:00,0.0
2014-06-30 02:00:00,-1.3390072243207563
2014-06-30 03:00:00,0.0
2014-06-30 04:00:00,-1.411247556368842
2014-06-30 05:00:00,-1.473131036247408
2014-06-30 06:00:00,0.0
2014-06-30 07:00:00,0.0
2014-06-30 08:00:00,-0.29744797181007226
2014-06-30 09:00:00,-0.22010650361879586
2014-06-30 10:00:00,0.0
2014-06-30 11:00:00,0.0
2014-06-30 12:00:00,0.0
2014-06-30 13:00:00,0.3265910163741955
2014-06-30 14:00:00,0.24394230552888366
2014-06-30 15:00:00,0.0
2014-06-30 16:00:00,0.41434086336270176
2014-06-30 17:00:00,0.4263980942466229
2014-06-30 18:00:00,0.0
2014-06-30 19:00:00,0.0
2014-06-30 20:00:00,0.34040015260022094
2014-06-30 21:00:00,0.4005832537643891
2014-06-30 22:00:00,0.0
2014-06-30 23:00:00,-0.5604914062647661
2014-07-01 00:00:00,-1.230749779504045
2014-07-01 01:00:00,0.0
2014-07-01 02:00:00,-1.3751273903447974
2014-07-01 03:00:00,-1.3648220648029903
2014-07-01 04:00:00,0.0
2014-07-01 05:00:00,-1.3441598870916633
2014-07-01 06:00:00,-1.2977859221535208
2014-07-01 07:00:00,-0.5913558562624814
2014-07-01 08:00:00,0.0
2014-07-01 09:00:00,-0.29744797181007915
2014-07-01 10:00:00,0.2406446013555068
2014-07-01 11:00:00,0.0
2014-07-01 12:00:00,0.7415864759428659
2014-07-01 13:00:00,0.0
2014-07-01 14:00:00,0.0
2014-07-01 15:00:00,0.27331248332304237
2014-07-01 16:00:00,0.46256978689837364
2014-07-01 17:00:00,0.3058773120351592
2014-07-01 18:00:00,0.4884361540083176
2014-07-01 19:00:00,0.0
2014-07-01 20:00:00,0.28871894500804707
2014-07-01 21:00:00,0.0
2014-07-01 22:00:00,0.2732609566953326
2014-07-01 23:00:00,0.0
2014-07-02 00:00:00,0.0
2014-07-02 01:00:00,-1.3338545615498494
2014-07-02 02:00:00,0.0
2014-07-02 03:00:00,-1.3441598870916633
2014-07-02 04:00:00,0.0
2014-07-02 05:00:00,0.0
2014-07-02 06:00:00,-1.4988943501019294
2014-07-02 07:00:00,0.0
2014-07-02 08:00:00,-0.32326281229230985
2014-07-02 09:00:00,-0.29229530903916884
2014-07-02 10:00:00,0.0
2014-07-02 11:00:00,0.0
2014-07-02 12:00:00,0.0
2014-07-02 13:00:00,0.48843615400831375
2014-07-02 14:00:00,0.529708982803259
2014-07-02 15:00:00,0.6279702618444161
2014-07-02 16:00:00,0.6640904278684575
2014-07-02 17:00:00,0.6692430906393644
2014-07-02 18:00:00,0.7002621205202082
2014-07-02 19:00:00,0.5813901903954358
2014-07-02 20:00:00,0.6485809129280374
2014-07-02 21:00:00,0.5762375276245321
2014-07-02 22:00:00,0.5968997053358628
2014-07-02 23:00:00,0.0
2014-07-03 00:00:00,0.0
2014-07-03 01:00:00,-1.2616657561294795
2014-07-03 02:00:00,-1.3957895680561248
2014-07-03 03:00:00,-1.4060948935979352
2014-07-03 04:00:00,0.0
2014-07-03 05:00:00,-1.4525203851637902
2014-07-03 06:00:00,-1.4782836990183148
2014-07-03 07:00:00,-0.7460903192727539
2014-07-03 08:00:00,-0.5192185774698148
2014-07-03 09:00:00,-0.29744797181007915
2014-07-03 10:00:00,0.0
2014-07-03 11:00:00,0.11502268300084527
2014-07-03 12:00:00,0.0
2014-07-03 13:00:00,0.5503711605145889
2014-07-03 14:00:00,0.5659322020827221
2014-07-03 15:00:00,0.5142509944905482
2014-07-03 16:00:00,0.0
2014-07-03 17:00:00,0.0
2014-07-03 18:00:00,0.9121396136598121
2014-07-03 19:00:00,0.0
2014-07-03 20:00:00,0.5916955159372496
2014-07-03 21:00:00,0.0
2014-07-03 22:00:00,0.0
2014-07-03 23:00:00,-0.5914073828901908
2014-07-04 00:00:00,-1.1843758145659027
2014-07-04 01:00:00,-1.2204444539622412
2014-07-04 02:00:00,-1.318345046609429
2014-07-04 03:00:00,-1.2771237444421868
2014-07-04 04:00:00,0.0
2014-07-04 05:00:00,0.0
2014-07-04 06:00:00,-1.3441598870916633
2014-07-04 07:00:00,-0.6016611818042917
2014-07-04 08:00:00,-0.4315202571090179
2014-07-04 09:00:00,0.0
2014-07-04 10:00:00,0.12537953517036876
2014-07-04 11:00:00,0.0
2014-07-04 12:00:00,0.7312811504010552
2014-07-04 13:00:00,0.0
2014-07-04 14:00:00,0.0
2014-07-04 15:00:00,0.0
2014-07-04 16:00:00,0.0
2014-07-04 17:00:00,0.8346435655853999
2014-07-04 18:00:00,0.0
2014-07-04 19:00:00,0.540065834972782
2014-07-04 20:00:00,0.6847526055797843
2014-07-04 21:00:00,0.0
2014-07-04 22:00:00,0.0
2014-07-04 23:00:00,-0.606865371202905
2014-07-05 00:00:00,-1.2152402645636244
2014-07-05 01:00:00,-1.246207767816762
2014-07-05 02:00:00,0.0
2014-07-05 03:00:00,-1.3131923838385222
2014-07-05 04:00:00,-1.3596178754043773
2014-07-05 05:00:00,-1.385432715886608
2014-07-05 06:00:00,-1.2771237444421937
2014-07-05 07:00:00,0.0
2014-07-05 08:00:00,-0.3284154750632133
2014-07-05 09:00:00,0.0
2014-07-05 10:00:00,0.6330713979876105
2014-07-05 11:00:00,0.0
2014-07-05 12:00:00,0.0
2014-07-05 13:00:00,0.0
2014-07-05 14:00:00,0.0
2014-07-05 15:00:00,0.0
2014-07-05 16:00:00,0.0
2014-07-05 17:00:00,0.8397962283563037
2014-07-05 18:00:00,0.7829108313655196
2014-07-05 19:00:00,0.8087771984754598
2014-07-05 20:00:00,0.0
2014-07-05 21:00:00,0.0
2014-07-05 22:00:00,0.0
2014-07-05 23:00:00,-0.5346765657825285
2014-07-06 00:00:00,-1.0864236952910082
2014-07-06 01:00:00,0.0
2014-07-06 02:00:00,0.0
2014-07-06 03:00:00,-1.168917826253195
2014-07-06 04:00:00,0.0
2014-07-06 05:00:00,0.0
2014-07-06 06:00:00,0.0
2014-07-06 07:00:00,-0.44702977204943795
2014-07-06 08:00:00,0.0
2014-07-06 09:00:00,0.3871863305600357
2014-07-06 10:00:00,0.0
2014-07-06 11:00:00,0.0
2014-07-06 12:00:00,0.9379029275143327
2014-07-06 13:00:00,0.8345920389576943
2014-07-06 14:00:00,0.0
2014-07-06 15:00:00,0.6589377650975506
2014-07-06 16:00:00,0.7312296237733458
2014-07-06 17:00:00,0.6640904278684575
2014-07-06 18:00:00,0.0
2014-07-06 19:00:00,0.8708152582371544
2014-07-06 20:00:00,0.6744472800379775
2014-07-06 21:00:00,0.0
2014-07-06 22:00:00,0.0
2014-07-06 23:00:00,-0.658391998911951
2014-07-07 00:00:00,0.0
2014-07-07 01:00:00,0.0
2014-07-07 02:00:00,-1.4525203851637902
2014-07-07 03:00:00,0.0
2014-07-07 04:00:00,-1.4267570713092657
2014-07-07 05:00:00,0.0
2014-07-07 06:00:00,0.0
2014-07-07 07:00:00,-0.6532393361410472
2014-07-07 08:00:00,-0.41090960602539695
2014-07-07 09:00:00,-0.3129059601227898
2014-07-07 10:00:00,0.2991788504329825
2014-07-07 11:00:00,0.3420490046869096
2014-07-07 12:00:00,0.39367868565137787
2014-07-07 13:00:00,0.0
2014-07-07 14:00:00,0.0
2014-07-07 15:00:00,0.0
2014-07-07 16:00:00,0.0
2014-07-07 17:00:00,0.2818659035227418
2014-07-07 18:00:00,0.39027792822257845
2014-07-07 19:00:00,0.38337336010956763
2014-07-07 20:00:00,0.3299917738029919
2014-07-07 21:00:00,0.5710848648536252
2014-07-07 22:00:00,0.421245431475716
2014-07-07 23:00:00,0.0
2014-07-08 00:00:00,0.0
2014-07-08 01:00:00,-1.3906369052852243
2014-07-08 02:00:00,-1.411247556368842
2014-07-08 03:00:00,-1.3957895680561248
2014-07-08 04:00:00,0.0
2014-07-08 05:00:00,-1.4628257107055973
2014-07-08 06:00:00,-1.5040470128728363
2014-07-08 07:00:00,-0.7770062958981792
2014-07-08 08:00:00,-0.48825107421667685
2014-07-08 09:00:00,-0.27168465795555097
2014-07-08 10:00:00,0.0
2014-07-08 11:00:00,0.0
2014-07-08 12:00:00,0.0
2014-07-08 13:00:00,0.5659322020827221
2014-07-08 14:00:00,0.0
2014-07-08 15:00:00,0.0
2014-07-08 16:00:00,0.5813901903954366
2014-07-08 17:00:00,0.5710333382259166
2014-07-08 18:00:00,0.0
2014-07-08 19:00:00,0.7519433281123821
2014-07-08 20:00:00,0.0
2014-07-08 21:00:00,0.6175103564194773
2014-07-08 22:00:00,0.6021038947344729
2014-07-08 23:00:00,-0.5346765657825285
2014-07-09 00:00:00,-1.2152917911913372
2014-07-09 01:00:00,-1.2616657561294766
2014-07-09 02:00:00,-1.3802800531157011
2014-07-09 03:00:00,0.0
2014-07-09 04:00:00,0.0
2014-07-09 05:00:00,0.0
2014-07-09 06:00:00,-1.4679783734765044
2014-07-09 07:00:00,0.0
2014-07-09 08:00:00,-0.3490776527745406
2014-07-09 09:00:00,-0.27168465795555097
2014-07-09 10:00:00,0.273260956695333
2014-07-09 11:00:00,0.5090983317196407
2014-07-09 12:00:00,0.0
2014-07-09 13:00:00,0.5246078466600645
2014-07-09 14:00:00,0.0
2014-07-09 15:00:00,0.0
2014-07-09 16:00:00,0.0
2014-07-09 17:00:00,0.0
2014-07-09 18:00:00,0.8036245357045598
2014-07-09 19:00:00,0.0
2014-07-09 20:00:00,0.0
2014-07-09 21:00:00,0.7932161569073304
2014-07-09 22:00:00,0.7777066419669065
2014-07-09 23:00:00,-0.3111540547806824
2014-07-10 00:00:00,-1.050252002639261
2014-07-10 01:00:00,-1.1740704890240985
2014-07-10 02:00:00,-1.3339060881775655
2014-07-10 03:00:00,-1.2771237444421937
2014-07-10 04:00:00,-1.2822764072130972
2014-07-10 05:00:00,0.0
2014-07-10 06:00:00,-1.174070489024099
2014-07-10 07:00:00,-0.5655925424079566
2014-07-10 08:00:00,-0.3954516177126829
2014-07-10 09:00:00,-0.16342721313884637
2014-07-10 10:00:00,0.5281116573442793
2014-07-10 11:00:00,1.0568263842668182
2014-07-10 12:00:00,0.9947883245051198
2014-07-10 13:00:00,0.9017827614902951
2014-07-10 14:00:00,0.7674528430528029
2014-07-10 15:00:00,0.0
2014-07-10 16:00:00,0.0
2014-07-10 17:00:00,0.0
2014-07-10 18:00:00,1.263499688007805
2014-07-10 19:00:00,0.0
2014-07-10 20:00:00,0.0
2014-07-10 21:00:00,0.0
2014-07-10 22:00:00,0.0
2014-07-10 23:00:00,-0.22860839719078938
2014-07-11 00:00:00,-1.096677494205106
2014-07-11 01:00:00,-1.1431545123986668
2014-07-11 02:00:00,-1.2926332593826142
2014-07-11 03:00:00,-1.2771237444421903
2014-07-11 04:00:00,0.0
2014-07-11 05:00:00,-1.3545167392611799
2014-07-11 06:00:00,0.0
2014-07-11 07:00:00,-0.5449818913243392
2014-07-11 08:00:00,0.0
2014-07-11 09:00:00,-0.05001710555123145
2014-07-11 10:00:00,0.44896675718318574
2014-07-11 11:00:00,1.0825896981213388
2014-07-11 12:00:00,1.0619790470377213
2014-07-11 13:00:00,0.0
2014-07-11 14:00:00,1.0154505022164544
2014-07-11 15:00:00,1.0154505022164475
2014-07-11 16:00:00,1.3875242809034805
2014-07-11 17:00:00,1.1911563027043006
2014-07-11 18:00:00,0.0
2014-07-11 19:00:00,0.0
2014-07-11 20:00:00,1.2841103390914226
2014-07-11 21:00:00,1.0671317098086244
2014-07-11 22:00:00,0.0
2014-07-11 23:00:00,-0.12014484586324338
2014-07-12 00:00:00,0.0
2014-07-12 01:00:00,0.0
2014-07-12 02:00:00,-1.2255971167331445
2014-07-12 03:00:00,0.0
2014-07-12 04:00:00,0.0
2014-07-12 05:00:00,0.0
2014-07-12 06:00:00,-1.1792231517950058
2014-07-12 07:00:00,-0.3645356410872581
2014-07-12 08:00:00,-0.3077532973518864
2014-07-12 09:00:00,0.04128807874920243
2014-07-12 10:00:00,0.9741261467937936
2014-07-12 11:00:00,1.0206031649873544
2014-07-12 12:00:00,1.516701536570063
2014-07-12 13:00:00,0.0
2014-07-12 14:00:00,1.0309600171568742
2014-07-12 15:00:00,0.0
2014-07-12 16:00:00,1.3461999254808268
2014-07-12 17:00:00,1.2996198540318435
2014-07-12 18:00:00,0.0
2014-07-12 19:00:00,1.3305873572849871
2014-07-12 20:00:00,1.1239655801717028
2014-07-12 21:00:00,0.0
2014-07-12 22:00:00,1.087793887519952
2014-07-12 23:00:00,-0.19774394719307056
2014-07-13 00:00:00,0.0
2014-07-13 01:00:00,-1.0450993398683506
2014-07-13 02:00:00,-1.215291791191334
2014-07-13 03:00:00,-1.1586125007113843
2014-07-13 04:00:00,-1.2823279338408067
2014-07-13 05:00:00,-1.2977343955258114
2014-07-13 06:00:00,0.0
2014-07-13 07:00:00,-0.5758978679497639
2014-07-13 08:00:00,-0.16337568651113696
2014-07-13 09:00:00,-0.07572889277804644
2014-07-13 10:00:00,0.9069354242611989
2014-07-13 11:00:00,0.8759679210080644
2014-07-13 12:00:00,0.9275976019725258
2014-07-13 13:00:00,0.953463969082469
2014-07-13 14:00:00,0.0
2014-07-13 15:00:00,1.041265342698685
2014-07-13 16:00:00,1.1084560652312827
2014-07-13 17:00:00,1.253142835838285
2014-07-13 18:00:00,0.0
2014-07-13 19:00:00,1.0825896981213388
2014-07-13 20:00:00,0.0
2014-07-13 21:00:00,0.9792788095646967
2014-07-13 22:00:00,0.6744472800379775
2014-07-13 23:00:00,0.0
2014-07-14 00:00:00,0.0
2014-07-14 01:00:00,-1.1534083113127682
2014-07-14 02:00:00,-1.2977343955258114
2014-07-14 03:00:00,-1.246207767816762
2014-07-14 04:00:00,0.0
2014-07-14 05:00:00,-1.3390072243207596
2014-07-14 06:00:00,0.0
2014-07-14 07:00:00,-0.6480866733701438
2014-07-14 08:00:00,0.0
2014-07-14 09:00:00,-0.053366336352318085
2014-07-14 10:00:00,0.5710848648536252
2014-07-14 11:00:00,0.6434282501571268
2014-07-14 12:00:00,0.0
2014-07-14 13:00:00,0.0
2014-07-14 14:00:00,0.7415864759428621
2014-07-14 15:00:00,1.118812917400799
2014-07-14 16:00:00,0.0
2014-07-14 17:00:00,1.3461483988531173
2014-07-14 18:00:00,0.0
2014-07-14 19:00:00,0.0
2014-07-14 20:00:00,0.0
2014-07-14 21:00:00,1.1963604921029167
2014-07-14 22:00:00,0.9379544541420459
2014-07-14 23:00:00,0.0
2014-07-15 00:00:00,0.0
2014-07-15 01:00:00,0.0
2014-07-15 02:00:00,-1.297734395525808
2014-07-15 03:00:00,0.0
2014-07-15 04:00:00,-1.3132439104662317
2014-07-15 05:00:00,0.0
2014-07-15 06:00:00,-1.359617875404374
2014-07-15 07:00:00,0.0
2014-07-15 08:00:00,0.0
2014-07-15 09:00:00,0.09801889585686133
2014-07-15 10:00:00,0.48848768063602316
2014-07-15 11:00:00,0.932801791371139
2014-07-15 12:00:00,0.7675043696805115
2014-07-15 13:00:00,0.8242867134158837
2014-07-15 14:00:00,0.6331229246153229
2014-07-15 15:00:00,0.0
2014-07-15 16:00:00,1.3719632393353511
2014-07-15 17:00:00,0.0
2014-07-15 18:00:00,0.0
2014-07-15 19:00:00,1.1497804206539366
2014-07-15 20:00:00,0.9534639690824659
2014-07-15 21:00:00,0.9068838976334858
2014-07-15 22:00:00,0.6589892917252631
2014-07-15 23:00:00,-0.3884439963442494
2014-07-16 00:00:00,0.0
2014-07-16 01:00:00,0.0
2014-07-16 02:00:00,-1.3648220648029936
2014-07-16 03:00:00,-1.2926332593826173
2014-07-16 04:00:00,0.0
2014-07-16 05:00:00,0.0
2014-07-16 06:00:00,0.0
2014-07-16 07:00:00,-0.8130749352945107
2014-07-16 08:00:00,-0.30265216120869237
2014-07-16 09:00:00,0.0
2014-07-16 10:00:00,0.0
2014-07-16 11:00:00,0.746739138713769
2014-07-16 12:00:00,0.6795999428088783
2014-07-16 13:00:00,0.674498806665687
2014-07-16 14:00:00,0.6434282501571268
2014-07-16 15:00:00,0.0
2014-07-16 16:00:00,1.0154505022164504
2014-07-16 17:00:00,1.1291182429426097
2014-07-16 18:00:00,0.0
2014-07-16 19:00:00,1.149831947281643
2014-07-16 20:00:00,0.0
2014-07-16 21:00:00,0.0
2014-07-16 22:00:00,0.9069354242611989
2014-07-16 23:00:00,-0.49855639975848404
2014-07-17 00:00:00,-1.1224923346873399
2014-07-17 01:00:00,0.0
2014-07-17 02:00:00,-1.2719710816712835
2014-07-17 03:00:00,-1.1637651634822912
2014-07-17 04:00:00,-1.1689178262531916
2014-07-17 05:00:00,0.0
2014-07-17 06:00:00,-1.2771237444421903
2014-07-17 07:00:00,-0.5294723763839191
2014-07-17 08:00:00,-0.1994958525351749
2014-07-17 09:00:00,-0.1582745503679395
2014-07-17 10:00:00,0.0
2014-07-17 11:00:00,0.0
2014-07-17 12:00:00,0.5090468050919312
2014-07-17 13:00:00,0.6537335756989443
2014-07-17 14:00:00,0.0
2014-07-17 15:00:00,0.0
2014-07-17 16:00:00,0.8656110688385382
2014-07-17 17:00:00,0.7777581685946128
2014-07-17 18:00:00,0.9896356617342198
2014-07-17 19:00:00,0.6485809129280306
2014-07-17 20:00:00,0.0
2014-07-17 21:00:00,0.7364853397996715
2014-07-17 22:00:00,0.0
2014-07-17 23:00:00,0.0
2014-07-18 00:00:00,-1.163765163482288
2014-07-18 01:00:00,0.0
2014-07-18 02:00:00,-1.3596694020320834
2014-07-18 03:00:00,0.0
2014-07-18 04:00:00,-1.3544652126334702
2014-07-18 05:00:00,0.0
2014-07-18 06:00:00,-1.4576730479346904
2014-07-18 07:00:00,0.0
2014-07-18 08:00:00,-0.42636759433811106
2014-07-18 09:00:00,-0.23556449193150997
2014-07-18 10:00:00,0.5762890542522422
2014-07-18 11:00:00,0.0
2014-07-18 12:00:00,0.5504226871423014
2014-07-18 13:00:00,0.6485809129280335
2014-07-18 14:00:00,0.767452843052809
2014-07-18 15:00:00,0.7829623579932291
2014-07-18 16:00:00,0.7312811504010552
2014-07-18 17:00:00,0.0
2014-07-18 18:00:00,0.0
2014-07-18 19:00:00,0.8707637316094451
2014-07-18 20:00:00,0.7777066419669073
2014-07-18 21:00:00,0.8191340506449806
2014-07-18 22:00:00,0.7467906653414791
2014-07-18 23:00:00,0.0
2014-07-19 00:00:00,-1.112187009145533
2014-07-19 01:00:00,-1.0966774942051092
2014-07-19 02:00:00,-1.2513604305876658
2014-07-19 03:00:00,0.0
2014-07-19 04:00:00,-1.1946811401077129
2014-07-19 05:00:00,-1.2874805966117102
2014-07-19 06:00:00,0.0
2014-07-19 07:00:00,-0.22350726104759533
2014-07-19 08:00:00,0.0
2014-07-19 09:00:00,0.0
2014-07-19 10:00:00,0.0
2014-07-19 11:00:00,0.0
2014-07-19 12:00:00,0.9275976019725258
2014-07-19 13:00:00,0.7778096952223222
2014-07-19 14:00:00,0.0
2014-07-19 15:00:00,0.0
2014-07-19 16:00:00,0.8604584060676375
2014-07-19 17:00:00,0.9069354242611951
2014-07-19 18:00:00,0.8448973644995043
2014-07-19 19:00:00,0.8965785720916758
2014-07-19 20:00:00,0.0
2014-07-19 21:00:00,0.5762890542522422
2014-07-19 22:00:00,0.0
2014-07-19 23:00:00,-0.4658369911632425
2014-07-20 00:00:00,0.0
2014-07-20 01:00:00,-1.1586125007113843
2014-07-20 02:00:00,0.0
2014-07-20 03:00:00,-1.2359024422749518
2014-07-20 04:00:00,0.0
2014-07-20 05:00:00,-1.2925817327549045
2014-07-20 06:00:00,0.0
2014-07-20 07:00:00,-0.4521309081926358
2014-07-20 08:00:00,-0.22010650361879586
2014-07-20 09:00:00,0.0
2014-07-20 10:00:00,0.0
2014-07-20 11:00:00,0.0
2014-07-20 12:00:00,0.0
2014-07-20 13:00:00,0.8708152582371576
2014-07-20 14:00:00,0.0
2014-07-20 15:00:00,0.6382755873862229
2014-07-20 16:00:00,0.9792788095646997
2014-07-20 17:00:00,0.0
2014-07-20 18:00:00,0.0
2014-07-20 19:00:00,0.0
2014-07-20 20:00:00,1.0568263842668182
2014-07-20 21:00:00,0.0
2014-07-20 22:00:00,0.5916955159372496
2014-07-20 23:00:00,-0.34387346337592434
2014-07-21 00:00:00,-1.0605573281810647
2014-07-21 01:00:00,0.0
2014-07-21 02:00:00,0.0
2014-07-21 03:00:00,-1.1276449974582468
2014-07-21 04:00:00,-1.1689178262531916
2014-07-21 05:00:00,0.0
2014-07-21 06:00:00,0.0
2014-07-21 07:00:00,0.0
2014-07-21 08:00:00,-0.4522339614480546
2014-07-21 09:00:00,0.0
2014-07-21 10:00:00,0.0
2014-07-21 11:00:00,0.0
2014-07-21 12:00:00,0.5556268765409115
2014-07-21 13:00:00,0.6382240607585143
2014-07-21 14:00:00,0.6382755873862199
2014-07-21 15:00:00,0.5142509944905445
2014-07-21 16:00:00,1.0464695320972983
2014-07-21 17:00:00,0.9895841351065103
2014-07-21 18:00:00,0.0
2014-07-21 19:00:00,1.0258073543859705
2014-07-21 20:00:00,0.0
2014-07-21 21:00:00,0.0
2014-07-21 22:00:00,0.6021554213621816
2014-07-21 23:00:00,-0.6326802116851391
2014-07-22 00:00:00,-1.1586125007113812
2014-07-22 01:00:00,0.0
2014-07-22 02:00:00,-1.2565130933585726
2014-07-22 03:00:00,-1.3183450466094326
2014-07-22 04:00:00,-1.411247556368842
2014-07-22 05:00:00,-1.369974727573894
2014-07-22 06:00:00,0.0
2014-07-22 07:00:00,-0.5037605891571003
2014-07-22 08:00:00,0.0
2014-07-22 09:00:00,0.0
2014-07-22 10:00:00,0.26810829392442576
2014-07-22 11:00:00,0.7881150207641329
2014-07-22 12:00:00,0.5968997053358597
2014-07-22 13:00:00,0.6537335756989404
2014-07-22 14:00:00,0.6227660724457998
2014-07-22 15:00:00,0.7467906653414752
2014-07-22 16:00:00,0.8242351867881773
2014-07-22 17:00:00,0.8190825240172735
2014-07-22 18:00:00,0.788115020764136
2014-07-22 19:00:00,0.9224964658293283
2014-07-22 20:00:00,0.0
2014-07-22 21:00:00,0.932801791371136
2014-07-22 22:00:00,0.0
2014-07-22 23:00:00,-0.483046884818064
2014-07-23 00:00:00,0.0
2014-07-23 01:00:00,-1.1431545123986673
2014-07-23 02:00:00,-1.2359024422749552
2014-07-23 03:00:00,-1.246207767816762
2014-07-23 04:00:00,-1.1998338028786233
2014-07-23 05:00:00,0.0
2014-07-23 06:00:00,-1.3132439104662348
2014-07-23 07:00:00,0.0
2014-07-23 08:00:00,-0.2613793324137441
2014-07-23 09:00:00,-0.12210285771618566
2014-07-23 10:00:00,0.1098700202299449
2014-07-23 11:00:00,0.6021038947344729
2014-07-23 12:00:00,0.5659837287104316
2014-07-23 13:00:00,0.5968997053358567
2014-07-23 14:00:00,0.6588862384698443
2014-07-23 15:00:00,0.6744472800379737
2014-07-23 16:00:00,0.7054147832911121
2014-07-23 17:00:00,0.5814417170231491
2014-07-23 18:00:00,0.6589377650975536
2014-07-23 19:00:00,0.7416380025705714
2014-07-23 20:00:00,0.8190825240172674
2014-07-23 21:00:00,0.6692430906393644
2014-07-23 22:00:00,0.6899052683506882
2014-07-23 23:00:00,-0.30090025586658153
2014-07-24 00:00:00,0.0
2014-07-24 01:00:00,-1.1327976602291505
2014-07-24 02:00:00,-1.1998338028786233
2014-07-24 03:00:00,0.0
2014-07-24 04:00:00,-1.215291791191334
2014-07-24 05:00:00,0.0
2014-07-24 06:00:00,-1.2049864656495235
2014-07-24 07:00:00,-0.5483311221254292
2014-07-24 08:00:00,-0.2974479718100757
2014-07-24 09:00:00,-0.13766389928431816
2014-07-24 10:00:00,0.0
2014-07-24 11:00:00,0.0
2014-07-24 12:00:00,0.0
2014-07-24 13:00:00,1.0361126799277782
2014-07-24 14:00:00,1.0257558277582581
2014-07-24 15:00:00,0.891425909320775
2014-07-24 16:00:00,0.0
2014-07-24 17:00:00,1.0051451766746435
2014-07-24 18:00:00,0.0
2014-07-24 19:00:00,0.8914774359484814
2014-07-24 20:00:00,0.8397447017286012
2014-07-24 21:00:00,0.7570959908832859
2014-07-24 22:00:00,0.7570959908832859
2014-07-24 23:00:00,0.0
2014-07-25 00:00:00,0.0
2014-07-25 01:00:00,0.0
2014-07-25 02:00:00,-1.292633259382614
2014-07-25 03:00:00,0.0
2014-07-25 04:00:00,0.0
2014-07-25 05:00:00,0.0
2014-07-25 06:00:00,-1.333906088177562
2014-07-25 07:00:00,0.0
2014-07-25 08:00:00,0.0
2014-07-25 09:00:00,-0.6102146020039911
2014-07-25 10:00:00,0.5297605094309683
2014-07-25 11:00:00,0.8552026900413119
2014-07-25 12:00:00,1.077437035350432
2014-07-25 13:00:00,1.0257558277582612
2014-07-25 14:00:00,0.0
2014-07-25 15:00:00,0.9069869508889052
2014-07-25 16:00:00,1.0516221948682043
2014-07-25 17:00:00,0.9689734840228899
2014-07-25 18:00:00,0.9379544541420428
2014-07-25 19:00:00,1.1084560652312827
2014-07-25 20:00:00,0.9275976019725258
2014-07-25 21:00:00,0.8759163943803482
2014-07-25 22:00:00,0.689905268350692
2014-07-25 23:00:00,-0.44697824542173203
2014-07-26 00:00:00,-1.1534083113127682
2014-07-26 01:00:00,0.0
2014-07-26 02:00:00,-1.2462077678167656
2014-07-26 03:00:00,0.0
2014-07-26 04:00:00,-1.2204444539622412
2014-07-26 05:00:00,0.0
2014-07-26 06:00:00,0.0
2014-07-26 07:00:00,0.0
2014-07-26 08:00:00,-0.2510224802442241
2014-07-26 09:00:00,0.0
2014-07-26 10:00:00,1.0102978394455475
2014-07-26 11:00:00,0.0
2014-07-26 12:00:00,0.0
2014-07-26 13:00:00,0.0
2014-07-26 14:00:00,0.9379544541420428
2014-07-26 15:00:00,0.9792788095646967
2014-07-26 16:00:00,0.0
2014-07-26 17:00:00,1.279009202948229
2014-07-26 18:00:00,1.3306388839126897
2014-07-26 19:00:00,1.2841103390914266
2014-07-26 20:00:00,0.0
2014-07-26 21:00:00,0.8087771984754598
2014-07-26 22:00:00,0.0
2014-07-26 23:00:00,0.0
2014-07-27 00:00:00,0.0
2014-07-27 01:00:00,0.0
2014-07-27 02:00:00,-1.3287018987789492
2014-07-27 03:00:00,-1.2823279338408067
2014-07-27 04:00:00,0.0
2014-07-27 05:00:00,-1.2616657561294762
2014-07-27 06:00:00,-1.287429069984001
2014-07-27 07:00:00,-0.33696889526291657
2014-07-27 08:00:00,-0.19949585253517835
2014-07-27 09:00:00,-0.013896939527190065
2014-07-27 10:00:00,0.5813901903954397
2014-07-27 11:00:00,0.0
2014-07-27 12:00:00,1.0877938875199558
2014-07-27 13:00:00,1.1497804206539366
2014-07-27 14:00:00,1.098150739689472
2014-07-27 15:00:00,1.134322432341226
2014-07-27 16:00:00,0.0
2014-07-27 17:00:00,1.0463664788418787
2014-07-27 18:00:00,1.1085075918589922
2014-07-27 19:00:00,0.0
2014-07-27 20:00:00,0.9379029275143365
2014-07-27 21:00:00,0.8345405123299849
2014-07-27 22:00:00,0.8862732465498652
2014-07-27 23:00:00,-0.2543717110453107
2014-07-28 00:00:00,0.0
2014-07-28 01:00:00,-1.1121870091455326
2014-07-28 02:00:00,-1.1482556485418647
2014-07-28 03:00:00,-1.1534083113127682
2014-07-28 04:00:00,0.0
2014-07-28 05:00:00,0.0
2014-07-28 06:00:00,-1.1534598379404775
2014-07-28 07:00:00,-0.30084872923887174
2014-07-28 08:00:00,-0.44702977204943833
2014-07-28 09:00:00,0.008568670153957453
2014-07-28 10:00:00,0.5504226871422983
2014-07-28 11:00:00,0.6743442267825588
2014-07-28 12:00:00,0.5349131722018783
2014-07-28 13:00:00,0.0
2014-07-28 14:00:00,0.0
2014-07-28 15:00:00,0.5865428531663397
2014-07-28 16:00:00,0.7570959908832859
2014-07-28 17:00:00,0.0
2014-07-28 18:00:00,0.8191340506449837
2014-07-28 19:00:00,0.0
2014-07-28 20:00:00,0.0
2014-07-28 21:00:00,0.9844314723356066
2014-07-28 22:00:00,0.8501015538981175
2014-07-28 23:00:00,-0.23886219610489065
2014-07-29 00:00:00,-0.9729105344479777
2014-07-29 01:00:00,0.0
2014-07-29 02:00:00,-1.2255971167331445
2014-07-29 03:00:00,-1.1431545123986706
2014-07-29 04:00:00,-1.2101391284204304
2014-07-29 05:00:00,-1.2565130933585726
2014-07-29 06:00:00,0.0
2014-07-29 07:00:00,0.0
2014-07-29 08:00:00,-0.31811014952140304
2014-07-29 09:00:00,0.0
2014-07-29 10:00:00,0.0
2014-07-29 11:00:00,0.7518918014846727
2014-07-29 12:00:00,1.0206546916150667
2014-07-29 13:00:00,1.082641224749049
2014-07-29 14:00:00,0.9586166318533728
2014-07-29 15:00:00,1.0310115437845837
2014-07-29 16:00:00,0.0
2014-07-29 17:00:00,0.0
2014-07-29 18:00:00,1.1291182429426097
2014-07-29 19:00:00,1.0929980769185652
2014-07-29 20:00:00,0.9844314723356035
2014-07-29 21:00:00,0.0
2014-07-29 22:00:00,0.0
2014-07-29 23:00:00,-0.2285568705630769
2014-07-30 00:00:00,0.0
2014-07-30 01:00:00,0.0
2014-07-30 02:00:00,-1.2565130933585762
2014-07-30 03:00:00,0.0
2014-07-30 04:00:00,-1.1740704890241018
2014-07-30 05:00:00,-1.2565130933585726
2014-07-30 06:00:00,0.0
2014-07-30 07:00:00,0.0
2014-07-30 08:00:00,-0.10674792265889378
2014-07-30 09:00:00,0.0
2014-07-30 10:00:00,0.3937302122790873
2014-07-30 11:00:00,0.8035730090768474
2014-07-30 12:00:00,0.9947367978774142
2014-07-30 13:00:00,0.0
2014-07-30 14:00:00,0.0
2014-07-30 15:00:00,1.3565052510226367
2014-07-30 16:00:00,1.6406746028380288
2014-07-30 17:00:00,0.0
2014-07-30 18:00:00,1.2738050135496128
2014-07-30 19:00:00,1.2117669537879212
2014-07-30 20:00:00,1.1290667163149033
2014-07-30 21:00:00,0.0
2014-07-30 22:00:00,0.0
2014-07-30 23:00:00,0.0
2014-07-31 00:00:00,-0.9935727121593046
2014-07-31 01:00:00,-1.1276449974582468
2014-07-31 02:00:00,-1.1998338028786197
2014-07-31 03:00:00,0.0
2014-07-31 04:00:00,-1.2255971167331445
2014-07-31 05:00:00,-1.235902442274955
2014-07-31 06:00:00,-1.2359024422749552
2014-07-31 07:00:00,-0.5139628614434922
2014-07-31 08:00:00,0.0
2014-07-31 09:00:00,0.0
2014-07-31 10:00:00,0.5126536690315648
2014-07-31 11:00:00,0.7467906653414791
2014-07-31 12:00:00,0.9431071169129497
2014-07-31 13:00:00,0.9637692946242766
2014-07-31 14:00:00,0.7777581685946128
2014-07-31 15:00:00,0.8501015538981181
2014-07-31 16:00:00,0.0
2014-07-31 17:00:00,0.7364338131719621
2014-07-31 18:00:00,0.8655595422108319
2014-07-31 19:00:00,0.8397962283563075
2014-07-31 20:00:00,0.8242867134158867
2014-07-31 21:00:00,0.8501015538981175
2014-07-31 22:00:00,0.7881150207641329
2014-07-31 23:00:00,0.0
2014-08-01 00:00:00,0.0
2014-08-01 01:00:00,0.0
2014-08-01 02:00:00,0.0
2014-08-01 03:00:00,-1.153459837940481
2014-08-01 04:00:00,-1.0812195058923917
2014-08-01 05:00:00,-1.1173396719164366
2014-08-01 06:00:00,-1.1895284773368096
2014-08-01 07:00:00,-0.4160622687963038
2014-08-01 08:00:00,0.0
2014-08-01 09:00:00,0.06349605529180262
2014-08-01 10:00:00,0.0
2014-08-01 11:00:00,1.0723358992072414
2014-08-01 12:00:00,0.891425909320775
2014-08-01 13:00:00,0.0
2014-08-01 14:00:00,0.4677224496692736
2014-08-01 15:00:00,0.803624535704553
2014-08-01 16:00:00,0.0
2014-08-01 17:00:00,0.7932676835350367
2014-08-01 18:00:00,0.664038901240748
2014-08-01 19:00:00,0.746739138713769
2014-08-01 20:00:00,0.8397447017285974
2014-08-01 21:00:00,0.0
2014-08-01 22:00:00,0.6072050308776696
2014-08-01 23:00:00,-0.5243712402407217
2014-08-02 00:00:00,-1.246207767816762
2014-08-02 01:00:00,-1.2513604305876693
2014-08-02 02:00:00,-1.4009422308270316
2014-08-02 03:00:00,-1.390636905285221
2014-08-02 04:00:00,-1.3751273903447974
2014-08-02 05:00:00,0.0
2014-08-02 06:00:00,0.0
2014-08-02 07:00:00,0.0
2014-08-02 08:00:00,-0.36448411445954876
2014-08-02 09:00:00,0.12398831622222366
2014-08-02 10:00:00,0.8293878495590812
2014-08-02 11:00:00,0.8242351867881743
2014-08-02 12:00:00,0.9947883245051236
2014-08-02 13:00:00,0.9069869508889083
2014-08-02 14:00:00,0.8190825240172743
2014-08-02 15:00:00,0.0
2014-08-02 16:00:00,0.9275976019725258
2014-08-02 17:00:00,0.0
2014-08-02 18:00:00,1.0826412247490482
2014-08-02 19:00:00,0.9689734840228899
2014-08-02 20:00:00,0.7881150207641329
2014-08-02 21:00:00,0.6692430906393605
2014-08-02 22:00:00,0.0
2014-08-02 23:00:00,-0.5243712402407217
2014-08-03 00:00:00,0.0
2014-08-03 01:00:00,-1.2049864656495302
2014-08-03 02:00:00,-1.297785922153521
2014-08-03 03:00:00,-1.3390587509484657
2014-08-03 04:00:00,0.0
2014-08-03 05:00:00,0.0
2014-08-03 06:00:00,0.0
2014-08-03 07:00:00,-0.507058293330481
2014-08-03 08:00:00,0.0
2014-08-03 09:00:00,0.0
2014-08-03 10:00:00,0.6743957534102719
2014-08-03 11:00:00,1.020551638359645
2014-08-03 12:00:00,1.2273279953560514
2014-08-03 13:00:00,0.9741261467937967
2014-08-03 14:00:00,0.7312296237733428
2014-08-03 15:00:00,0.0
2014-08-03 16:00:00,0.8759679210080613
2014-08-03 17:00:00,0.0
2014-08-03 18:00:00,0.0
2014-08-03 19:00:00,0.0
2014-08-03 20:00:00,0.0
2014-08-03 21:00:00,0.6795999428088814
2014-08-03 22:00:00,0.0
2014-08-03 23:00:00,0.0
2014-08-04 00:00:00,0.0
2014-08-04 01:00:00,0.0
2014-08-04 02:00:00,-1.4215528819106524
2014-08-04 03:00:00,-1.3957895680561279
2014-08-04 04:00:00,-1.4164002191397456
2014-08-04 05:00:00,-1.3957895680561279
2014-08-04 06:00:00,-1.4216044085383621
2014-08-04 07:00:00,-0.6738499872246652
2014-08-04 08:00:00,-0.42126645819491704
2014-08-04 09:00:00,0.0
2014-08-04 10:00:00,0.14083752348307943
2014-08-04 11:00:00,0.47287511244018127
2014-08-04 12:00:00,0.0
2014-08-04 13:00:00,0.3988828750499907
2014-08-04 14:00:00,0.30082770251967417
2014-08-04 15:00:00,0.29557198649334854
2014-08-04 16:00:00,0.4470602719579502
2014-08-04 17:00:00,0.0
2014-08-04 18:00:00,0.0
2014-08-04 19:00:00,0.0
2014-08-04 20:00:00,0.0
2014-08-04 21:00:00,0.4471117985856561
2014-08-04 22:00:00,0.5297605094309714
2014-08-04 23:00:00,0.0
2014-08-05 00:00:00,-1.1946811401077164
2014-08-05 01:00:00,-1.189528477336809
2014-08-05 02:00:00,0.0
2014-08-05 03:00:00,0.0
2014-08-05 04:00:00,-1.287429069984001
2014-08-05 05:00:00,-1.323497709380336
2014-08-05 06:00:00,-1.3647705381752808
2014-08-05 07:00:00,0.0
2014-08-05 08:00:00,0.0
2014-08-05 09:00:00,0.0
2014-08-05 10:00:00,0.26810829392442576
2014-08-05 11:00:00,0.5452184977436858
2014-08-05 12:00:00,0.0
2014-08-05 13:00:00,0.5814417170231422
2014-08-05 14:00:00,0.0
2014-08-05 15:00:00,0.7932161569073304
2014-08-05 16:00:00,0.8036245357045559
2014-08-05 17:00:00,1.227276468728345
2014-08-05 18:00:00,1.2015131548738207
2014-08-05 19:00:00,0.8139813878740768
2014-08-05 20:00:00,0.891425909320772
2014-08-05 21:00:00,0.0
2014-08-05 22:00:00,0.0
2014-08-05 23:00:00,-0.44012520393643056
2014-08-06 00:00:00,-1.1534083113127716
2014-08-06 01:00:00,0.0
2014-08-06 02:00:00,-1.2668699455280894
2014-08-06 03:00:00,0.0
2014-08-06 04:00:00,0.0
2014-08-06 05:00:00,-1.323497709380336
2014-08-06 06:00:00,-1.3287018987789492
2014-08-06 07:00:00,-0.5088617253002947
2014-08-06 08:00:00,-0.40060428048358976
2014-08-06 09:00:00,-0.22525916638969928
2014-08-06 10:00:00,0.422945810190114
2014-08-06 11:00:00,0.0
2014-08-06 12:00:00,0.0
2014-08-06 13:00:00,0.6072565575053798
2014-08-06 14:00:00,0.0
2014-08-06 15:00:00,0.0
2014-08-06 16:00:00,0.7054663099188206
2014-08-06 17:00:00,0.6847526055797882
2014-08-06 18:00:00,0.0
2014-08-06 19:00:00,0.7209758248592445
2014-08-06 20:00:00,0.782962357993226
2014-08-06 21:00:00,0.0
2014-08-06 22:00:00,0.7518918014846727
2014-08-06 23:00:00,0.0
2014-08-07 00:00:00,-1.0554561920378707
2014-08-07 01:00:00,-1.0244371621570267
2014-08-07 02:00:00,0.0
2014-08-07 03:00:00,-1.107034346374626
2014-08-07 04:00:00,0.0
2014-08-07 05:00:00,-1.1070343463746293
2014-08-07 06:00:00,-1.2152917911913372
2014-08-07 07:00:00,0.0
2014-08-07 08:00:00,0.0
2014-08-07 09:00:00,0.0
2014-08-07 10:00:00,0.0
2014-08-07 11:00:00,0.8707637316094482
2014-08-07 12:00:00,1.092946550290855
2014-08-07 13:00:00,0.0
2014-08-07 14:00:00,0.9534639690824629
2014-08-07 15:00:00,0.0
2014-08-07 16:00:00,0.0
2014-08-07 17:00:00,0.8656110688385413
2014-08-07 18:00:00,1.0929465502908557
2014-08-07 19:00:00,0.0
2014-08-07 20:00:00,1.1911047760765943
2014-08-07 21:00:00,0.9482597796838528
2014-08-07 22:00:00,0.9120365604043895
2014-08-07 23:00:00,-0.25942132056079875
2014-08-08 00:00:00,0.0
2014-08-08 01:00:00,0.0
2014-08-08 02:00:00,-1.1276449974582436
2014-08-08 03:00:00,-1.168917826253195
2014-08-08 04:00:00,0.0
2014-08-08 05:00:00,-1.1224923346873434
2014-08-08 06:00:00,-1.2204444539622408
2014-08-08 07:00:00,-0.4057569432544901
2014-08-08 08:00:00,-0.1582745503679395
2014-08-08 09:00:00,0.07045215003252321
2014-08-08 10:00:00,0.6434282501571298
2014-08-08 11:00:00,0.9327502647434296
2014-08-08 12:00:00,0.9431071169129459
2014-08-08 13:00:00,0.9586166318533728
2014-08-08 14:00:00,1.0050936500469305
2014-08-08 15:00:00,0.0
2014-08-08 16:00:00,0.0
2014-08-08 17:00:00,0.0
2014-08-08 18:00:00,1.3719632393353511
2014-08-08 19:00:00,1.0206546916150607
2014-08-08 20:00:00,0.0
2014-08-08 21:00:00,1.2169711431865342
2014-08-08 22:00:00,0.0
2014-08-08 23:00:00,-0.2491675216467013
2014-08-09 00:00:00,-0.8904679301135
2014-08-09 01:00:00,-0.8749584151730765
2014-08-09 02:00:00,-1.081219505892395
2014-08-09 03:00:00,0.0
2014-08-09 04:00:00,0.0
2014-08-09 05:00:00,-1.0606088548087742
2014-08-09 06:00:00,-0.8130749352945141
2014-08-09 07:00:00,0.0
2014-08-09 08:00:00,0.0
2014-08-09 09:00:00,0.0
2014-08-09 10:00:00,0.7932676835350367
2014-08-09 11:00:00,0.0
2014-08-09 12:00:00,1.0516221948682052
2014-08-09 13:00:00,1.2893145284900358
2014-08-09 14:00:00,0.0
2014-08-09 15:00:00,1.1652899355943604
2014-08-09 16:00:00,1.0980992130617626
2014-08-09 17:00:00,0.0
2014-08-09 18:00:00,0.9947883245051236
2014-08-09 19:00:00,1.118812917400799
2014-08-09 20:00:00,0.0
2014-08-09 21:00:00,1.1033034024603758
2014-08-09 22:00:00,1.0361126799277782
2014-08-09 23:00:00,0.0
2014-08-10 00:00:00,-0.9419945578225495
2014-08-10 01:00:00,-0.983215859989788
2014-08-10 02:00:00,-1.086423695291008
2014-08-10 03:00:00,-1.1380018496277635
2014-08-10 04:00:00,-1.086372168663299
2014-08-10 05:00:00,0.0
2014-08-10 06:00:00,0.0
2014-08-10 07:00:00,-0.336865842007494
2014-08-10 08:00:00,-0.00688931815875664
2014-08-10 09:00:00,0.0
2014-08-10 10:00:00,0.7467906653414791
2014-08-10 11:00:00,0.8862732465498682
2014-08-10 12:00:00,1.0619790470377182
2014-08-10 13:00:00,1.0619275204100118
2014-08-10 14:00:00,0.0
2014-08-10 15:00:00,0.7932676835350436
2014-08-10 16:00:00,0.9121396136598152
2014-08-10 17:00:00,0.0
2014-08-10 18:00:00,1.5373637142813898
2014-08-10 19:00:00,1.0723358992072414
2014-08-10 20:00:00,0.0
2014-08-10 21:00:00,0.9275976019725228
2014-08-10 22:00:00,0.9120880870321028
2014-08-10 23:00:00,0.0
2014-08-11 00:00:00,-1.03479401432654
2014-08-11 01:00:00,0.0
2014-08-11 02:00:00,-1.1946811401077164
2014-08-11 03:00:00,0.0
2014-08-11 04:00:00,0.0
2014-08-11 05:00:00,-1.1946811401077164
2014-08-11 06:00:00,-1.1173396719164366
2014-08-11 07:00:00,-0.4401252039364271
2014-08-11 08:00:00,0.0
2014-08-11 09:00:00,0.0
2014-08-11 10:00:00,0.7571475175109953
2014-08-11 11:00:00,1.377115902106255
2014-08-11 12:00:00,0.0
2014-08-11 13:00:00,0.0
2014-08-11 14:00:00,0.8036245357045598
2014-08-11 15:00:00,0.0
2014-08-11 16:00:00,0.0
2014-08-11 17:00:00,0.6433767235294212
2014-08-11 18:00:00,0.0
2014-08-11 19:00:00,0.5659322020827221
2014-08-11 20:00:00,0.6537335756989374
2014-08-11 21:00:00,0.4935888167792206
2014-08-11 22:00:00,0.0
2014-08-11 23:00:00,-0.5123140093568036
2014-08-12 00:00:00,-1.143102985770961
2014-08-12 01:00:00,-1.1998338028786197
2014-08-12 02:00:00,-1.2925817327549045
2014-08-12 03:00:00,0.0
2014-08-12 04:00:00,-1.2565646199862857
2014-08-12 05:00:00,0.0
2014-08-12 06:00:00,-1.3234977093803326
2014-08-12 07:00:00,-0.6481381999978497
2014-08-12 08:00:00,0.0
2014-08-12 09:00:00,-0.16857987590974635
2014-08-12 10:00:00,0.33514443657389875
2014-08-12 11:00:00,0.0
2014-08-12 12:00:00,0.7312296237733458
2014-08-12 13:00:00,0.0
2014-08-12 14:00:00,0.7157716354606314
2014-08-12 15:00:00,0.7570959908832897
2014-08-12 16:00:00,0.0
2014-08-12 17:00:00,0.9275976019725258
2014-08-12 18:00:00,1.3254862211417866
2014-08-12 19:00:00,1.0310115437845837
2014-08-12 20:00:00,0.7416380025705752
2014-08-12 21:00:00,0.8604584060676375
2014-08-12 22:00:00,0.7674013164250997
2014-08-12 23:00:00,-0.37298600803153537
2014-08-13 00:00:00,-1.0760668431214884
2014-08-13 01:00:00,0.0
2014-08-13 02:00:00,0.0
2014-08-13 03:00:00,-1.2307497795040483
2014-08-13 04:00:00,0.0
2014-08-13 05:00:00,0.0
2014-08-13 06:00:00,0.0
2014-08-13 07:00:00,-0.5449818913243392
2014-08-13 08:00:00,0.0
2014-08-13 09:00:00,0.0
2014-08-13 10:00:00,0.49188843806482296
2014-08-13 11:00:00,0.751943328112386
2014-08-13 12:00:00,0.0
2014-08-13 13:00:00,0.0
2014-08-13 14:00:00,0.6899052683506882
2014-08-13 15:00:00,0.0
2014-08-13 16:00:00,0.7105674460620189
2014-08-13 17:00:00,0.0
2014-08-13 18:00:00,0.0
2014-08-13 19:00:00,0.6072565575053768
2014-08-13 20:00:00,0.0
2014-08-13 21:00:00,0.46772244966927745
2014-08-13 22:00:00,0.0
2014-08-13 23:00:00,-0.6326286850574296
2014-08-14 00:00:00,0.0
2014-08-14 01:00:00,-1.3029385849244244
2014-08-14 02:00:00,-1.3905853786575149
2014-08-14 03:00:00,0.0
2014-08-14 04:00:00,-1.3751789169725102
2014-08-14 05:00:00,-1.3700262542016033
2014-08-14 06:00:00,-1.4318582074524597
2014-08-14 07:00:00,-0.7408861298741347
2014-08-14 08:00:00,-0.4676404231330593
2014-08-14 09:00:00,-0.3180586228936967
2014-08-14 10:00:00,0.11162192557204886
2014-08-14 11:00:00,0.6227660724458028
2014-08-14 12:00:00,0.0
2014-08-14 13:00:00,0.8190825240172704
2014-08-14 14:00:00,0.8553057432967306
2014-08-14 15:00:00,0.0
2014-08-14 16:00:00,0.7984203463059436
2014-08-14 17:00:00,0.0
2014-08-14 18:00:00,0.5503711605145889
2014-08-14 19:00:00,0.6795999428088814
2014-08-14 20:00:00,0.0
2014-08-14 21:00:00,0.0
2014-08-14 22:00:00,0.0
2014-08-14 23:00:00,-0.586203193491578
2014-08-15 00:00:00,0.0
2014-08-15 01:00:00,-1.235902442274955
2014-08-15 02:00:00,-1.3544652126334702
2014-08-15 03:00:00,0.0
2014-08-15 04:00:00,0.0
2014-08-15 05:00:00,-1.230749779504048
2014-08-15 06:00:00,0.0
2014-08-15 07:00:00,-0.6480866733701438
2014-08-15 08:00:00,-0.3129574867504992
2014-08-15 09:00:00,0.0
2014-08-15 10:00:00,0.37306803456775695
2014-08-15 11:00:00,0.8345405123299849
2014-08-15 12:00:00,0.0
2014-08-15 13:00:00,1.2427859836687718
2014-08-15 14:00:00,0.0
2014-08-15 15:00:00,0.937954454142039
2014-08-15 16:00:00,0.0
2014-08-15 17:00:00,1.0516737214959107
2014-08-15 18:00:00,0.0
2014-08-15 19:00:00,0.7209242982315383
2014-08-15 20:00:00,0.7106189726897283
2014-08-15 21:00:00,0.0
2014-08-15 22:00:00,0.0
2014-08-15 23:00:00,-0.5346250391548191
2014-08-16 00:00:00,-1.1225438613150494
2014-08-16 01:00:00,-1.1843758145659058
2014-08-16 02:00:00,0.0
2014-08-16 03:00:00,-1.2410551050458587
2014-08-16 04:00:00,-1.2668184189003835
2014-08-16 05:00:00,0.0
2014-08-16 06:00:00,0.0
2014-08-16 07:00:00,-0.6017127084320015
2014-08-16 08:00:00,0.0
2014-08-16 09:00:00,0.0
2014-08-16 10:00:00,0.0
2014-08-16 11:00:00,0.0
2014-08-16 12:00:00,0.0
2014-08-16 13:00:00,1.1859521133056912
2014-08-16 14:00:00,1.0258073543859676
2014-08-16 15:00:00,1.1291182429426097
2014-08-16 16:00:00,1.2170226698142446
2014-08-16 17:00:00,0.0
2014-08-16 18:00:00,0.9896356617342167
2014-08-16 19:00:00,0.0
2014-08-16 20:00:00,0.0
2014-08-16 21:00:00,0.8604584060676345
2014-08-16 22:00:00,0.0
2014-08-16 23:00:00,-0.46243623373444953
2014-08-17 00:00:00,-1.0709141803505848
2014-08-17 01:00:00,0.0
2014-08-17 02:00:00,0.0
2014-08-17 03:00:00,0.0
2014-08-17 04:00:00,0.0
2014-08-17 05:00:00,-1.2359024422749552
2014-08-17 06:00:00,-1.3235492360080456
2014-08-17 07:00:00,-0.3523238303202084
2014-08-17 08:00:00,-0.16857987590975015
2014-08-17 09:00:00,-0.16857987590975015
2014-08-17 10:00:00,0.5798443915641633
2014-08-17 11:00:00,0.9586166318533728
2014-08-17 12:00:00,1.2169711431865342
2014-08-17 13:00:00,0.0
2014-08-17 14:00:00,0.0
2014-08-17 15:00:00,1.2996198540318464
2014-08-17 16:00:00,0.0
2014-08-17 17:00:00,1.5424648504245841
2014-08-17 18:00:00,0.7674013164250997
2014-08-17 19:00:00,0.6950579311215951
2014-08-17 20:00:00,1.1704425983652673
2014-08-17 21:00:00,0.0
2014-08-17 22:00:00,0.7726055058237098
2014-08-17 23:00:00,-0.44697824542173203
2014-08-18 00:00:00,-1.019336026013826
2014-08-18 01:00:00,-1.1431029857709643
2014-08-18 02:00:00,-1.2616657561294762
2014-08-18 03:00:00,-1.2616657561294766
2014-08-18 04:00:00,-1.204986465649527
2014-08-18 05:00:00,-1.2822764072130939
2014-08-18 06:00:00,-1.2513604305876689
2014-08-18 07:00:00,0.0
2014-08-18 08:00:00,-0.3283639484355039
2014-08-18 09:00:00,-0.16347873976655575
2014-08-18 10:00:00,0.0
2014-08-18 11:00:00,0.6640904278684575
2014-08-18 12:00:00,0.0
2014-08-18 13:00:00,0.5142509944905513
2014-08-18 14:00:00,0.0
2014-08-18 15:00:00,0.0
2014-08-18 16:00:00,0.6743957534102681
2014-08-18 17:00:00,0.0
2014-08-18 18:00:00,0.953463969082469
2014-08-18 19:00:00,0.0
2014-08-18 20:00:00,0.8345920389576974
2014-08-18 21:00:00,0.6537335756989374
2014-08-18 22:00:00,0.6227660724457998
2014-08-18 23:00:00,0.0
2014-08-19 00:00:00,0.0
2014-08-19 01:00:00,0.0
2014-08-19 02:00:00,-1.3287018987789456
2014-08-19 03:00:00,-1.2410551050458587
2014-08-19 04:00:00,-1.2926332593826142
2014-08-19 05:00:00,-1.287429069984001
2014-08-19 06:00:00,0.0
2014-08-19 07:00:00,-0.5862547201192874
2014-08-19 08:00:00,-0.32326281229230985
2014-08-19 09:00:00,0.0
2014-08-19 10:00:00,0.0
2014-08-19 11:00:00,0.0
2014-08-19 12:00:00,0.9017312348625827
2014-08-19 13:00:00,0.8862217199221588
2014-08-19 14:00:00,0.803624535704553
2014-08-19 15:00:00,0.6795999428088806
2014-08-19 16:00:00,0.0
2014-08-19 17:00:00,0.5659322020827183
2014-08-19 18:00:00,0.7571475175109953
2014-08-19 19:00:00,0.0
2014-08-19 20:00:00,0.5917985691926653
2014-08-19 21:00:00,0.5349131722018752
2014-08-19 22:00:00,0.2887189450080436
2014-08-19 23:00:00,-0.5294723763839156
2014-08-20 00:00:00,-1.1224923346873434
2014-08-20 01:00:00,-1.215291791191334
2014-08-20 02:00:00,-1.3286503721512364
2014-08-20 03:00:00,-1.2668184189003835
2014-08-20 04:00:00,-1.2359024422749518
2014-08-20 05:00:00,0.0
2014-08-20 06:00:00,0.0
2014-08-20 07:00:00,-0.6996648277068959
2014-08-20 08:00:00,-0.28198998349736165
2014-08-20 09:00:00,-0.06032243109304174
2014-08-20 10:00:00,0.0
2014-08-20 11:00:00,0.48673577529391915
2014-08-20 12:00:00,0.0
2014-08-20 13:00:00,0.0
2014-08-20 14:00:00,0.6744472800379737
2014-08-20 15:00:00,0.0
2014-08-20 16:00:00,0.9018342881180015
2014-08-20 17:00:00,0.9741261467937967
2014-08-20 18:00:00,0.8087256718477542
2014-08-20 19:00:00,0.0
2014-08-20 20:00:00,0.0
2014-08-20 21:00:00,0.0
2014-08-20 22:00:00,0.20787366613254862
2014-08-20 23:00:00,-0.6068138445751955
2014-08-21 00:00:00,0.0
2014-08-21 01:00:00,0.0
2014-08-21 02:00:00,-1.3287534254066586
2014-08-21 03:00:00,0.0
2014-08-21 04:00:00,-1.2513604305876689
2014-08-21 05:00:00,-1.3339060881775655
2014-08-21 06:00:00,0.0
2014-08-21 07:00:00,-0.6893079755373827
2014-08-21 08:00:00,-0.3799936293999688
2014-08-21 09:00:00,-0.11184905880208439
2014-08-21 10:00:00,0.2113774768167638
2014-08-21 11:00:00,0.31968644826118126
2014-08-21 12:00:00,0.0
2014-08-21 13:00:00,0.7260769610024389
2014-08-21 14:00:00,0.0
2014-08-21 15:00:00,0.8345920389576974
2014-08-21 16:00:00,0.891425909320772
2014-08-21 17:00:00,0.9534124424547565
2014-08-21 18:00:00,0.5762890542522384
2014-08-21 19:00:00,0.0
2014-08-21 20:00:00,0.6485809129280335
2014-08-21 21:00:00,0.0
2014-08-21 22:00:00,0.5503711605145927
2014-08-21 23:00:00,0.0
2014-08-22 00:00:00,-1.1843758145659091
2014-08-22 01:00:00,0.0
2014-08-22 02:00:00,-1.3338545615498525
2014-08-22 03:00:00,-1.287429069984001
2014-08-22 04:00:00,-1.2771237444421903
2014-08-22 05:00:00,-1.2925817327549045
2014-08-22 06:00:00,0.0
2014-08-22 07:00:00,0.0
2014-08-22 08:00:00,-0.40570541662678417
2014-08-22 09:00:00,-0.15647111839811925
2014-08-22 10:00:00,0.1872630150489311
2014-08-22 11:00:00,0.6743957534102681
2014-08-22 12:00:00,0.8966300987193845
2014-08-22 13:00:00,0.932801791371142
2014-08-22 14:00:00,0.6279187352167067
2014-08-22 15:00:00,0.0
2014-08-22 16:00:00,0.0
2014-08-22 17:00:00,0.0
2014-08-22 18:00:00,0.586594379794049
2014-08-22 19:00:00,0.7105674460620189
2014-08-22 20:00:00,0.875916394380352
2014-08-22 21:00:00,0.736433813171959
2014-08-22 22:00:00,0.5143025211182569
2014-08-22 23:00:00,0.0
2014-08-23 00:00:00,-1.1482556485418647
2014-08-23 01:00:00,0.0
2014-08-23 02:00:00,0.0
2014-08-23 03:00:00,-1.2152917911913308
2014-08-23 04:00:00,0.0
2014-08-23 05:00:00,0.0
2014-08-23 06:00:00,0.0
2014-08-23 07:00:00,0.0
2014-08-23 08:00:00,0.0
2014-08-23 09:00:00,-0.2510740068719304
2014-08-23 10:00:00,0.0
2014-08-23 11:00:00,0.0
2014-08-23 12:00:00,0.9017827614902951
2014-08-23 13:00:00,0.0
2014-08-23 14:00:00,0.7777581685946136
2014-08-23 15:00:00,0.8138783346186572
2014-08-23 16:00:00,0.0
2014-08-23 17:00:00,0.0
2014-08-23 18:00:00,0.0
2014-08-23 19:00:00,0.6795999428088806
2014-08-23 20:00:00,0.0
2014-08-23 21:00:00,0.0
2014-08-23 22:00:00,0.0
2014-08-23 23:00:00,0.0
2014-08-24 00:00:00,0.0
2014-08-24 01:00:00,-1.1534083113127682
2014-08-24 02:00:00,-1.3235492360080456
2014-08-24 03:00:00,0.0
2014-08-24 04:00:00,0.0
2014-08-24 05:00:00,-1.2616657561294762
2014-08-24 06:00:00,-1.2822764072130972
2014-08-24 07:00:00,-0.46764042313305587
2014-08-24 08:00:00,-0.2407171547024172
2014-08-24 09:00:00,-0.2304118291606031
2014-08-24 10:00:00,0.0
2014-08-24 11:00:00,0.0
2014-08-24 12:00:00,1.0464695320972983
2014-08-24 13:00:00,0.912088087032102
2014-08-24 14:00:00,0.8087256718477542
2014-08-24 15:00:00,0.0
2014-08-24 16:00:00,0.7725539791960004
2014-08-24 17:00:00,0.0
2014-08-24 18:00:00,0.5349131722018752
2014-08-24 19:00:00,0.7364338131719621
2014-08-24 20:00:00,0.5917985691926623
2014-08-24 21:00:00,0.7363822865442526
2014-08-24 22:00:00,0.5091498583473538
2014-08-24 23:00:00,-0.6377813478283331
2014-08-25 00:00:00,-1.1740189623963895
2014-08-25 01:00:00,0.0
2014-08-25 02:00:00,0.0
2014-08-25 03:00:00,0.0
2014-08-25 04:00:00,-1.3493125498625667
2014-08-25 05:00:00,-1.3700262542016033
2014-08-25 06:00:00,-1.3597209286597962
2014-08-25 07:00:00,0.0
2014-08-25 08:00:00,-1.3132439104662352
2014-08-25 09:00:00,0.0
2014-08-25 10:00:00,0.0
2014-08-25 11:00:00,0.0
2014-08-25 12:00:00,0.0
2014-08-25 13:00:00,0.0
2014-08-25 14:00:00,0.8138783346186572
2014-08-25 15:00:00,0.0
2014-08-25 16:00:00,0.0
2014-08-25 17:00:00,0.0
2014-08-25 18:00:00,0.7157716354606352
2014-08-25 19:00:00,0.8345920389576974
2014-08-25 20:00:00,0.0
2014-08-25 21:00:00,0.5401173616004876
2014-08-25 22:00:00,0.48843615400831375
2014-08-25 23:00:00,-0.4779457486748696
2014-08-26 00:00:00,0.0
2014-08-26 01:00:00,-1.065761517579681
2014-08-26 02:00:00,0.0
2014-08-26 03:00:00,-1.137950323000054
2014-08-26 04:00:00,-1.174070489024099
2014-08-26 05:00:00,-1.1946811401077133
2014-08-26 06:00:00,-1.2616657561294766
2014-08-26 07:00:00,-0.5552356902384367
2014-08-26 08:00:00,0.0
2014-08-26 09:00:00,0.0016125754132334186
2014-08-26 10:00:00,0.7209242982315351
2014-08-26 11:00:00,0.8139298612463636
2014-08-26 12:00:00,1.2789576763205197
2014-08-26 13:00:00,1.098150739689469
2014-08-26 14:00:00,0.9275976019725258
2014-08-26 15:00:00,0.0
2014-08-26 16:00:00,0.0
2014-08-26 17:00:00,1.1291697695703191
2014-08-26 18:00:00,0.912088087032102
2014-08-26 19:00:00,0.6744472800379775
2014-08-26 20:00:00,0.0
2014-08-26 21:00:00,0.5813901903954366
2014-08-26 22:00:00,0.0
2014-08-26 23:00:00,-0.40915770068328916
2014-08-27 00:00:00,-1.0657099909519716
2014-08-27 01:00:00,-1.1018816836037224
2014-08-27 02:00:00,-1.1998338028786202
2014-08-27 03:00:00,0.0
2014-08-27 04:00:00,0.0
2014-08-27 05:00:00,-1.1586125007113843
2014-08-27 06:00:00,-1.2255971167331412
2014-08-27 07:00:00,-0.5088617253002982
2014-08-27 08:00:00,-0.13240818325799594
2014-08-27 09:00:00,0.0
2014-08-27 10:00:00,0.0
2014-08-27 11:00:00,1.077437035350432
2014-08-27 12:00:00,1.0619790470377213
2014-08-27 13:00:00,1.0309600171568742
2014-08-27 14:00:00,0.0
2014-08-27 15:00:00,0.7880634941364265
2014-08-27 16:00:00,1.434001299097042
2014-08-27 17:00:00,1.4598161395792728
2014-08-27 18:00:00,0.0
2014-08-27 19:00:00,0.0
2014-08-27 20:00:00,0.0
2014-08-27 21:00:00,0.6382240607585205
2014-08-27 22:00:00,0.6279187352167067
2014-08-27 23:00:00,-0.3988008485137695
2014-08-28 00:00:00,-1.02964135155564
2014-08-28 01:00:00,-1.1018816836037224
2014-08-28 02:00:00,-1.2513604305876693
2014-08-28 03:00:00,-1.2204444539622408
2014-08-28 04:00:00,-1.1895284773368096
2014-08-28 05:00:00,-1.1740704890240954
2014-08-28 06:00:00,-1.2823279338408067
2014-08-28 07:00:00,-0.5397777019257259
2014-08-28 08:00:00,0.0
2014-08-28 09:00:00,0.0
2014-08-28 10:00:00,0.0
2014-08-28 11:00:00,0.9741261467937967
2014-08-28 12:00:00,0.9741261467937928
2014-08-28 13:00:00,1.1807994505347843
2014-08-28 14:00:00,1.113660254629899
2014-08-28 15:00:00,1.1807994505347805
2014-08-28 16:00:00,0.0
2014-08-28 17:00:00,1.2428375102964753
2014-08-28 18:00:00,0.0
2014-08-28 19:00:00,0.0
2014-08-28 20:00:00,0.0
2014-08-28 21:00:00,0.0
2014-08-28 22:00:00,0.6175618830471905
2014-08-28 23:00:00,-0.4572835709635392
2014-08-29 00:00:00,0.0
2014-08-29 01:00:00,-1.1843758145659058
2014-08-29 02:00:00,-1.364822064802987
2014-08-29 03:00:00,-1.3080397210676187
2014-08-29 04:00:00,0.0
2014-08-29 05:00:00,-1.3028870582967185
2014-08-29 06:00:00,-1.3648220648029903
2014-08-29 07:00:00,-0.6893079755373827
2014-08-29 08:00:00,-0.20464851530608177
2014-08-29 09:00:00,-0.24076868133012277
2014-08-29 10:00:00,0.0
2014-08-29 11:00:00,0.8294909028144969
2014-08-29 12:00:00,0.8966300987193883
2014-08-29 13:00:00,0.0
2014-08-29 14:00:00,0.875916394380352
2014-08-29 15:00:00,0.0
2014-08-29 16:00:00,0.0
2014-08-29 17:00:00,0.9844314723356035
2014-08-29 18:00:00,0.0
2014-08-29 19:00:00,0.0
2014-08-29 20:00:00,0.5503711605145889
2014-08-29 21:00:00,0.5194551838891607
2014-08-29 22:00:00,0.0
2014-08-29 23:00:00,-0.5500830274675367
2014-08-30 00:00:00,-1.174070489024099
2014-08-30 01:00:00,0.0
2014-08-30 02:00:00,0.0
2014-08-30 03:00:00,0.0
2014-08-30 04:00:00,-1.3235492360080423
2014-08-30 05:00:00,-1.2823279338408033
2014-08-30 06:00:00,-1.230749779504048
2014-08-30 07:00:00,0.0
2014-08-30 08:00:00,-0.28198998349736165
2014-08-30 09:00:00,-0.19954737916288431
2014-08-30 10:00:00,0.8810690571512557
2014-08-30 11:00:00,1.118812917400799
2014-08-30 12:00:00,1.2324806581269583
2014-08-30 13:00:00,0.0
2014-08-30 14:00:00,1.2221238059574382
2014-08-30 15:00:00,0.0
2014-08-30 16:00:00,0.0
2014-08-30 17:00:00,0.0
2014-08-30 18:00:00,1.1085075918589922
2014-08-30 19:00:00,0.8346435655854038
2014-08-30 20:00:00,0.0
2014-08-30 21:00:00,0.0
2014-08-30 22:00:00,0.0
2014-08-30 23:00:00,0.0
2014-08-31 00:00:00,-1.1225438613150494
2014-08-31 01:00:00,0.0
2014-08-31 02:00:00,-1.292633259382617
2014-08-31 03:00:00,0.0
2014-08-31 04:00:00,-1.2255971167331445
2014-08-31 05:00:00,0.0
2014-08-31 06:00:00,0.0
2014-08-31 07:00:00,-0.606813844575192
2014-08-31 08:00:00,-0.19434318976427453
2014-08-31 09:00:00,-0.1582230237402301
2014-08-31 10:00:00,0.0
2014-08-31 11:00:00,0.0
2014-08-31 12:00:00,0.0
2014-08-31 13:00:00,1.2324806581269583
2014-08-31 14:00:00,0.0
2014-08-31 15:00:00,0.0
2014-08-31 16:00:00,1.3823200915048675
2014-08-31 17:00:00,1.3668105765644443
2014-08-31 18:00:00,0.0
2014-08-31 19:00:00,0.7209242982315351
2014-08-31 20:00:00,0.5452700243713945
2014-08-31 21:00:00,0.0
2014-08-31 22:00:00,0.3936786856513744
2014-08-31 23:00:00,0.0
2014-09-01 00:00:00,0.0
2014-09-01 01:00:00,-1.0967290208328186
2014-09-01 02:00:00,0.0
2014-09-01 03:00:00,0.0
2014-09-01 04:00:00,-1.2565130933585726
2014-09-01 05:00:00,-1.2513604305876658
2014-09-01 06:00:00,0.0
2014-09-01 07:00:00,0.0
2014-09-01 08:00:00,-0.28198998349736165
2014-09-01 09:00:00,-0.09639107048937373
2014-09-01 10:00:00,0.7570959908832859
2014-09-01 11:00:00,0.0
2014-09-01 12:00:00,1.4856825066892159
2014-09-01 13:00:00,0.0
2014-09-01 14:00:00,1.930048144052038
2014-09-01 15:00:00,1.4908351694601227
2014-09-01 16:00:00,1.6975084732011103
2014-09-01 17:00:00,1.4287971096984289
2014-09-01 18:00:00,0.9844829989633129
2014-09-01 19:00:00,1.2841618657191352
2014-09-01 20:00:00,1.0310115437845837
2014-09-01 21:00:00,0.917292276430719
2014-09-01 22:00:00,0.746739138713769
2014-09-01 23:00:00,0.0
2014-09-02 00:00:00,-1.0709141803505848
2014-09-02 01:00:00,-1.1380018496277635
2014-09-02 02:00:00,-1.2204444539622377
2014-09-02 03:00:00,-1.2255971167331414
2014-09-02 04:00:00,0.0
2014-09-02 05:00:00,-1.2307497795040483
2014-09-02 06:00:00,-1.2822764072130974
2014-09-02 07:00:00,0.0
2014-09-02 08:00:00,0.0
2014-09-02 09:00:00,-0.06542356723623577
2014-09-02 10:00:00,0.7106189726897245
2014-09-02 11:00:00,0.0
2014-09-02 12:00:00,1.2376333208978612
2014-09-02 13:00:00,0.0
2014-09-02 14:00:00,0.0
2014-09-02 15:00:00,1.526955335484164
2014-09-02 16:00:00,0.0
2014-09-02 17:00:00,0.0
2014-09-02 18:00:00,1.1239655801717028
2014-09-02 19:00:00,0.0
2014-09-02 20:00:00,0.0
2014-09-02 21:00:00,0.8656110688385413
2014-09-02 22:00:00,0.7777581685946167
2014-09-02 23:00:00,0.0
2014-09-03 00:00:00,-1.0915248314342023
2014-09-03 01:00:00,0.0
2014-09-03 02:00:00,-1.2204444539622408
2014-09-03 03:00:00,-1.107034346374626
2014-09-03 04:00:00,-1.168917826253195
2014-09-03 05:00:00,-1.1998338028786233
2014-09-03 06:00:00,-1.2668184189003835
2014-09-03 07:00:00,-0.5191670508421085
2014-09-03 08:00:00,-0.19954737916288773
2014-09-03 09:00:00,0.07220405537462718
2014-09-03 10:00:00,1.1394750951121297
2014-09-03 11:00:00,0.9431071169129459
2014-09-03 12:00:00,0.9792272829369904
2014-09-03 13:00:00,0.0
2014-09-03 14:00:00,1.067131709808625
2014-09-03 15:00:00,1.160188799451166
2014-09-03 16:00:00,0.0
2014-09-03 17:00:00,1.247938646439675
2014-09-03 18:00:00,0.8501530805258268
2014-09-03 19:00:00,0.0
2014-09-03 20:00:00,0.7002621205202113
2014-09-03 21:00:00,0.0
2014-09-03 22:00:00,0.5349131722018722
2014-09-03 23:00:00,0.0
2014-09-04 00:00:00,-1.0295898249279272
2014-09-04 01:00:00,-1.0450993398683506
2014-09-04 02:00:00,0.0
2014-09-04 03:00:00,-1.204986465649527
2014-09-04 04:00:00,0.0
2014-09-04 05:00:00,0.0
2014-09-04 06:00:00,-1.2565130933585726
2014-09-04 07:00:00,0.0
2014-09-04 08:00:00,0.0
2014-09-04 09:00:00,0.0
2014-09-04 10:00:00,0.9327502647434296
2014-09-04 11:00:00,0.0
2014-09-04 12:00:00,1.098150739689472
2014-09-04 13:00:00,1.0309600171568742
2014-09-04 14:00:00,1.0257558277582572
2014-09-04 15:00:00,0.0
2014-09-04 16:00:00,0.0
2014-09-04 17:00:00,0.8656625954662545
2014-09-04 18:00:00,0.7157201088329219
2014-09-04 19:00:00,0.6486324395557468
2014-09-04 20:00:00,0.6795999428088814
2014-09-04 21:00:00,0.8294393761867874
2014-09-04 22:00:00,0.0
2014-09-04 23:00:00,0.0
2014-09-05 00:00:00,0.0
2014-09-05 01:00:00,-1.1431029857709614
2014-09-05 02:00:00,0.0
2014-09-05 03:00:00,0.0
2014-09-05 04:00:00,-1.2513604305876689
2014-09-05 05:00:00,-1.2925817327549045
2014-09-05 06:00:00,0.0
2014-09-05 07:00:00,0.0
2014-09-05 08:00:00,0.0
2014-09-05 09:00:00,-0.18919052699336425
2014-09-05 10:00:00,0.0
2014-09-05 11:00:00,0.9431586435406591
2014-09-05 12:00:00,0.0
2014-09-05 13:00:00,0.9535154957101791
2014-09-05 14:00:00,0.0
2014-09-05 15:00:00,0.8088287251031699
2014-09-05 16:00:00,0.9689219573951804
2014-09-05 17:00:00,0.9430555902852364
2014-09-05 18:00:00,0.8087256718477542
2014-09-05 19:00:00,0.0
2014-09-05 20:00:00,0.0
2014-09-05 21:00:00,0.0
2014-09-05 22:00:00,0.7880634941364273
2014-09-05 23:00:00,0.0
2014-09-06 00:00:00,-0.9986738483024991
2014-09-06 01:00:00,-1.107034346374626
2014-09-06 02:00:00,-1.2204444539622408
2014-09-06 03:00:00,-1.2049864656495235
2014-09-06 04:00:00,-1.1276449974582468
2014-09-06 05:00:00,0.0
2014-09-06 06:00:00,0.0
2014-09-06 07:00:00,-0.42121493156720763
2014-09-06 08:00:00,-0.22015803024650527
2014-09-06 09:00:00,0.0
2014-09-06 10:00:00,1.0051451766746407
2014-09-06 11:00:00,1.1188129174008021
2014-09-06 12:00:00,1.3668105765644474
2014-09-06 13:00:00,1.7388843552514743
2014-09-06 14:00:00,0.0
2014-09-06 15:00:00,1.3513010616240204
2014-09-06 16:00:00,1.413287594758005
2014-09-06 17:00:00,0.0
2014-09-06 18:00:00,0.0
2014-09-06 19:00:00,0.0
2014-09-06 20:00:00,1.0154505022164513
2014-09-06 21:00:00,0.0
2014-09-06 22:00:00,0.0
2014-09-06 23:00:00,-0.4366729198799252
2014-09-07 00:00:00,0.0
2014-09-07 01:00:00,0.0
2014-09-07 02:00:00,-1.297785922153521
2014-09-07 03:00:00,0.0
2014-09-07 04:00:00,-1.1586125007113843
2014-09-07 05:00:00,-1.230749779504048
2014-09-07 06:00:00,-1.2513604305876689
2014-09-07 07:00:00,0.0
2014-09-07 08:00:00,0.0
2014-09-07 09:00:00,-0.017297696955989525
2014-09-07 10:00:00,0.8087771984754636
2014-09-07 11:00:00,1.1497804206539366
2014-09-07 12:00:00,1.3771674287339644
2014-09-07 13:00:00,1.036061153300068
2014-09-07 14:00:00,0.8914774359484814
2014-09-07 15:00:00,0.9017827614902951
2014-09-07 16:00:00,1.7595465329628044
2014-09-07 17:00:00,1.237633320897862
2014-09-07 18:00:00,0.932801791371142
2014-09-07 19:00:00,0.0
2014-09-07 20:00:00,1.0050936500469312
2014-09-07 21:00:00,0.0
2014-09-07 22:00:00,0.0
2014-09-07 23:00:00,-0.5294208497562063
2014-09-08 00:00:00,0.0
2014-09-08 01:00:00,-1.1069828197469165
2014-09-08 02:00:00,-1.282276407213094
2014-09-08 03:00:00,-1.2204444539622408
2014-09-08 04:00:00,-1.302887058296715
2014-09-08 05:00:00,-1.2771237444421903
2014-09-08 06:00:00,-1.302887058296715
2014-09-08 07:00:00,-0.3782417240578614
2014-09-08 08:00:00,-0.3284154750632133
2014-09-08 09:00:00,0.1494939969382011
2014-09-08 10:00:00,0.0
2014-09-08 11:00:00,0.932801791371142
2014-09-08 12:00:00,0.0
2014-09-08 13:00:00,1.0102978394455475
2014-09-08 14:00:00,0.0
2014-09-08 15:00:00,0.7932676835350397
2014-09-08 16:00:00,0.8345920389576943
2014-09-08 17:00:00,0.0
2014-09-08 18:00:00,0.6072565575053768
2014-09-08 19:00:00,0.9947883245051274
2014-09-08 20:00:00,0.0
2014-09-08 21:00:00,0.0
2014-09-08 22:00:00,0.0
2014-09-08 23:00:00,0.0
2014-09-09 00:00:00,0.0
2014-09-09 01:00:00,-1.2101391284204304
2014-09-09 02:00:00,-1.3287018987789456
2014-09-09 03:00:00,0.0
2014-09-09 04:00:00,-1.2926332593826142
2014-09-09 05:00:00,-1.287429069984001
2014-09-09 06:00:00,-1.3338545615498525
2014-09-09 07:00:00,-0.5140659146989109
2014-09-09 08:00:00,-0.48309841144577
2014-09-09 09:00:00,-0.1376123726566122
2014-09-09 10:00:00,0.0
2014-09-09 11:00:00,1.247938646439675
2014-09-09 12:00:00,1.2479901730673781
2014-09-09 13:00:00,1.1756467877638805
2014-09-09 14:00:00,0.0
2014-09-09 15:00:00,0.0
2014-09-09 16:00:00,0.9792272829369872
2014-09-09 17:00:00,1.0774885619781451
2014-09-09 18:00:00,0.0
2014-09-09 19:00:00,0.8242351867881743
2014-09-09 20:00:00,0.0
2014-09-09 21:00:00,0.0
2014-09-09 22:00:00,0.5555753499132051
2014-09-09 23:00:00,0.0
2014-09-10 00:00:00,-1.112187009145533
2014-09-10 01:00:00,-1.1534598379404775
2014-09-10 02:00:00,-1.26681841890038
2014-09-10 03:00:00,-1.2565130933585693
2014-09-10 04:00:00,0.0
2014-09-10 05:00:00,-1.2513604305876689
2014-09-10 06:00:00,-1.3390072243207596
2014-09-10 07:00:00,0.0
2014-09-10 08:00:00,0.0
2014-09-10 09:00:00,0.0
2014-09-10 10:00:00,0.5022452902343392
2014-09-10 11:00:00,0.9275976019725258
2014-09-10 12:00:00,1.0878454141476614
2014-09-10 13:00:00,0.0
2014-09-10 14:00:00,0.8708152582371576
2014-09-10 15:00:00,0.8707637316094451
2014-09-10 16:00:00,1.2479901730673821
2014-09-10 17:00:00,0.9585651052256596
2014-09-10 18:00:00,0.0
2014-09-10 19:00:00,0.6589377650975536
2014-09-10 20:00:00,1.0257558277582581
2014-09-10 21:00:00,0.9482082530561433
2014-09-10 22:00:00,0.0
2014-09-10 23:00:00,0.0
2014-09-11 00:00:00,0.0
2014-09-11 01:00:00,-0.9986738483024991
2014-09-11 02:00:00,0.0
2014-09-11 03:00:00,-1.096780547460525
2014-09-11 04:00:00,0.0
2014-09-11 05:00:00,0.0
2014-09-11 06:00:00,-1.1792231517950023
2014-09-11 07:00:00,0.0
2014-09-11 08:00:00,0.0
2014-09-11 09:00:00,-0.09639107048937029
2014-09-11 10:00:00,0.7416380025705722
2014-09-11 11:00:00,1.2841618657191352
2014-09-11 12:00:00,1.1859521133056874
2014-09-11 13:00:00,0.0
2014-09-11 14:00:00,0.0
2014-09-11 15:00:00,1.3978296064452913
2014-09-11 16:00:00,0.0
2014-09-11 17:00:00,0.0
2014-09-11 18:00:00,0.0
2014-09-11 19:00:00,0.9534124424547565
2014-09-11 20:00:00,0.8965785720916758
2014-09-11 21:00:00,0.0
2014-09-11 22:00:00,0.0
2014-09-11 23:00:00,-0.3988008485137695
2014-09-12 00:00:00,0.0
2014-09-12 01:00:00,-1.0915248314342023
2014-09-12 02:00:00,-1.2410551050458587
2014-09-12 03:00:00,0.0
2014-09-12 04:00:00,-1.1380018496277635
2014-09-12 05:00:00,-1.1946811401077133
2014-09-12 06:00:00,-1.2719710816712868
2014-09-12 07:00:00,-0.5037090625293944
2014-09-12 08:00:00,-0.24592134410103003
2014-09-12 09:00:00,0.09621546388704454
2014-09-12 10:00:00,0.0
2014-09-12 11:00:00,0.0
2014-09-12 12:00:00,1.5011920216296397
2014-09-12 13:00:00,0.0
2014-09-12 14:00:00,0.9896356617342198
2014-09-12 15:00:00,0.0
2014-09-12 16:00:00,1.7750560479032282
2014-09-12 17:00:00,1.5631785547636206
2014-09-12 18:00:00,1.2169711431865313
2014-09-12 19:00:00,1.1136087280021865
2014-09-12 20:00:00,1.2841103390914226
2014-09-12 21:00:00,0.0
2014-09-12 22:00:00,0.8707637316094451
2014-09-12 23:00:00,-0.23886219610489065
2014-09-13 00:00:00,0.0
2014-09-13 01:00:00,-0.9729105344479743
2014-09-13 02:00:00,0.0
2014-09-13 03:00:00,0.0
2014-09-13 04:00:00,0.0
2014-09-13 05:00:00,-1.1327976602291505
2014-09-13 06:00:00,-1.13284918685686
2014-09-13 07:00:00,-0.23381258658940257
2014-09-13 08:00:00,-0.3954516177126829
2014-09-13 09:00:00,0.12718296714018212
2014-09-13 10:00:00,0.0
2014-09-13 11:00:00,1.7233748403110536
2014-09-13 12:00:00,1.7130179881415342
2014-09-13 13:00:00,1.594146058016762
2014-09-13 14:00:00,1.6044513835585725
2014-09-13 15:00:00,1.7336286392251516
2014-09-13 16:00:00,1.9248954812811374
2014-09-13 17:00:00,1.7130695147692436
2014-09-13 18:00:00,0.0
2014-09-13 19:00:00,1.0929465502908589
2014-09-13 20:00:00,0.8603553528122156
2014-09-13 21:00:00,0.0
2014-09-13 22:00:00,0.7932161569073304
2014-09-13 23:00:00,-0.39874932188606355
2014-09-14 00:00:00,0.0
2014-09-14 01:00:00,-1.0967290208328186
2014-09-14 02:00:00,0.0
2014-09-14 03:00:00,-1.168917826253192
2014-09-14 04:00:00,0.0
2014-09-14 05:00:00,-1.2410551050458551
2014-09-14 06:00:00,-1.2255971167331445
2014-09-14 07:00:00,-0.3523238303202084
2014-09-14 08:00:00,-0.2871426462682654
2014-09-14 09:00:00,0.1703107545326531
2014-09-14 10:00:00,1.2428375102964782
2014-09-14 11:00:00,0.0
2014-09-14 12:00:00,1.3254862211417866
2014-09-14 13:00:00,1.6872031476592997
2014-09-14 14:00:00,1.299671380659556
2014-09-14 15:00:00,1.2893145284900358
2014-09-14 16:00:00,1.7130179881415304
2014-09-14 17:00:00,0.0
2014-09-14 18:00:00,0.0
2014-09-14 19:00:00,1.1756467877638805
2014-09-14 20:00:00,1.1497804206539366
2014-09-14 21:00:00,0.0
2014-09-14 22:00:00,0.8965785720916789
2014-09-14 23:00:00,-0.534676565782532
2014-09-15 00:00:00,0.0
2014-09-15 01:00:00,-1.1018816836037224
2014-09-15 02:00:00,0.0
2014-09-15 03:00:00,-1.2668184189003835
2014-09-15 04:00:00,0.0
2014-09-15 05:00:00,-1.2771237444421937
2014-09-15 06:00:00,-1.297734395525808
2014-09-15 07:00:00,0.0
2014-09-15 08:00:00,0.0
2014-09-15 09:00:00,0.0
2014-09-15 10:00:00,0.0
2014-09-15 11:00:00,1.2221238059574382
2014-09-15 12:00:00,1.139475095112126
2014-09-15 13:00:00,0.0
2014-09-15 14:00:00,0.9896356617342198
2014-09-15 15:00:00,1.041265342698681
2014-09-15 16:00:00,1.2428375102964782
2014-09-15 17:00:00,1.1652899355943604
2014-09-15 18:00:00,0.0
2014-09-15 19:00:00,0.0
2014-09-15 20:00:00,0.8397447017285974
2014-09-15 21:00:00,0.8139298612463667
2014-09-15 22:00:00,0.0
2014-09-15 23:00:00,0.0
2014-09-16 00:00:00,0.0
2014-09-16 01:00:00,0.0
2014-09-16 02:00:00,-1.225597116733148
2014-09-16 03:00:00,-1.1791716251672928
2014-09-16 04:00:00,-1.1586125007113812
2014-09-16 05:00:00,0.0
2014-09-16 06:00:00,0.0
2014-09-16 07:00:00,0.0
2014-09-16 08:00:00,0.0
2014-09-16 09:00:00,0.0
2014-09-16 10:00:00,0.7002105938924988
2014-09-16 11:00:00,0.0
2014-09-16 12:00:00,1.1600857461957472
2014-09-16 13:00:00,0.0
2014-09-16 14:00:00,0.0
2014-09-16 15:00:00,1.1446277578830328
2014-09-16 16:00:00,0.0
2014-09-16 17:00:00,1.1084560652312827
2014-09-16 18:00:00,0.0
2014-09-16 19:00:00,0.7157201088329219
2014-09-16 20:00:00,0.0
2014-09-16 21:00:00,0.736433813171959
2014-09-16 22:00:00,0.6485809129280335
2014-09-16 23:00:00,0.0
2014-09-17 00:00:00,-1.0760668431214884
2014-09-17 01:00:00,0.0
2014-09-17 02:00:00,0.0
2014-09-17 03:00:00,-1.220444453962244
2014-09-17 04:00:00,0.0
2014-09-17 05:00:00,-1.1946811401077164
2014-09-17 06:00:00,0.0
2014-09-17 07:00:00,0.0
2014-09-17 08:00:00,0.0
2014-09-17 09:00:00,0.0
2014-09-17 10:00:00,0.0
2014-09-17 11:00:00,0.0
2014-09-17 12:00:00,1.0102463128178343
2014-09-17 13:00:00,0.0
2014-09-17 14:00:00,0.7880634941364273
2014-09-17 15:00:00,0.0
2014-09-17 16:00:00,0.9379544541420428
2014-09-17 17:00:00,1.0051451766746407
2014-09-17 18:00:00,0.8139813878740768
2014-09-17 19:00:00,0.6951094577493044
2014-09-17 20:00:00,0.7312811504010552
2014-09-17 21:00:00,0.7777066419669073
2014-09-17 22:00:00,0.6588862384698443
2014-09-17 23:00:00,-0.5089132519280075
2014-09-18 00:00:00,-1.13284918685686
2014-09-18 01:00:00,-1.1586125007113812
2014-09-18 02:00:00,0.0
2014-09-18 03:00:00,-1.1946811401077164
2014-09-18 04:00:00,-1.230749779504048
2014-09-18 05:00:00,-1.2616657561294795
2014-09-18 06:00:00,0.0
2014-09-18 07:00:00,0.0
2014-09-18 08:00:00,0.0
2014-09-18 09:00:00,0.0
2014-09-18 10:00:00,0.8862732465498713
2014-09-18 11:00:00,0.8707637316094451
2014-09-18 12:00:00,0.0
2014-09-18 13:00:00,0.0
2014-09-18 14:00:00,0.0
2014-09-18 15:00:00,0.8191340506449799
2014-09-18 16:00:00,0.9844314723356035
2014-09-18 17:00:00,0.8293878495590812
2014-09-18 18:00:00,0.8190825240172704
2014-09-18 19:00:00,0.0
2014-09-18 20:00:00,0.6899052683506912
2014-09-18 21:00:00,0.7415864759428659
2014-09-18 22:00:00,0.6433767235294242
2014-09-18 23:00:00,0.0
2014-09-19 00:00:00,-1.1380018496277668
2014-09-19 01:00:00,-1.1276449974582468
2014-09-19 02:00:00,-1.292633259382614
2014-09-19 03:00:00,-1.1843758145659091
2014-09-19 04:00:00,-1.1998338028786233
2014-09-19 05:00:00,0.0
2014-09-19 06:00:00,0.0
2014-09-19 07:00:00,-0.4470297720494414
2014-09-19 08:00:00,-0.3438734633759274
2014-09-19 09:00:00,0.06189872983282033
2014-09-19 10:00:00,0.586594379794049
2014-09-19 11:00:00,0.9792272829369872
2014-09-19 12:00:00,0.0
2014-09-19 13:00:00,0.922444939201619
2014-09-19 14:00:00,0.0
2014-09-19 15:00:00,0.0
2014-09-19 16:00:00,0.9792788095646997
2014-09-19 17:00:00,0.9224449392016228
2014-09-19 18:00:00,0.8707637316094451
2014-09-19 19:00:00,0.0
2014-09-19 20:00:00,0.7106189726897275
2014-09-19 21:00:00,0.0
2014-09-19 22:00:00,0.0
2014-09-19 23:00:00,-0.4675888965053499
2014-09-20 00:00:00,-1.1173396719164366
2014-09-20 01:00:00,0.0
2014-09-20 02:00:00,0.0
2014-09-20 03:00:00,0.0
2014-09-20 04:00:00,0.0
2014-09-20 05:00:00,0.0
2014-09-20 06:00:00,-1.1380018496277635
2014-09-20 07:00:00,0.0
2014-09-20 08:00:00,0.0
2014-09-20 09:00:00,0.022223226496850938
2014-09-20 10:00:00,0.6795999428088814
2014-09-20 11:00:00,0.8811205837789652
2014-09-20 12:00:00,0.0
2014-09-20 13:00:00,1.0154505022164504
2014-09-20 14:00:00,0.9999409872760274
2014-09-20 15:00:00,0.798471872933653
2014-09-20 16:00:00,0.0
2014-09-20 17:00:00,0.0
2014-09-20 18:00:00,0.0
2014-09-20 19:00:00,0.8604584060676345
2014-09-20 20:00:00,0.0
2014-09-20 21:00:00,0.922444939201619
2014-09-20 22:00:00,0.6020523681067628
2014-09-20 23:00:00,-0.6171706967447156
2014-09-21 00:00:00,-1.1843758145659058
2014-09-21 01:00:00,0.0
2014-09-21 02:00:00,-1.2977859221535175
2014-09-21 03:00:00,0.0
2014-09-21 04:00:00,-1.3080912476953312
2014-09-21 05:00:00,-1.3957895680561279
2014-09-21 06:00:00,0.0
2014-09-21 07:00:00,-0.6532393361410472
2014-09-21 08:00:00,-0.23556449193150997
2014-09-21 09:00:00,-0.09979182791816975
2014-09-21 10:00:00,0.0
2014-09-21 11:00:00,0.9586166318533728
2014-09-21 12:00:00,0.9999409872760274
2014-09-21 13:00:00,0.9844314723356066
2014-09-21 14:00:00,0.0
2014-09-21 15:00:00,0.0
2014-09-21 16:00:00,1.061927520410009
2014-09-21 17:00:00,0.0
2014-09-21 18:00:00,0.9844314723356005
2014-09-21 19:00:00,0.0
2014-09-21 20:00:00,0.0
2014-09-21 21:00:00,0.7932161569073304
2014-09-21 22:00:00,0.5917470425649559
2014-09-21 23:00:00,-0.6584435255396605
2014-09-22 00:00:00,-1.174070489024099
2014-09-22 01:00:00,0.0
2014-09-22 02:00:00,-1.380331579743417
2014-09-22 03:00:00,-1.2771237444421903
2014-09-22 04:00:00,-1.3699747275738938
2014-09-22 05:00:00,-1.36482206480299
2014-09-22 06:00:00,-1.2771237444421903
2014-09-22 07:00:00,0.0
2014-09-22 08:00:00,-0.18743862165126027
2014-09-22 09:00:00,-0.07572889277804644
2014-09-22 10:00:00,0.6950579311215951
2014-09-22 11:00:00,0.0
2014-09-22 12:00:00,0.6589377650975536
2014-09-22 13:00:00,0.0
2014-09-22 14:00:00,0.0
2014-09-22 15:00:00,0.8397962283563136
2014-09-22 16:00:00,0.0
2014-09-22 17:00:00,0.855254216669025
2014-09-22 18:00:00,0.6692430906393644
2014-09-22 19:00:00,0.5968997053358597
2014-09-22 20:00:00,0.7261284876301484
2014-09-22 21:00:00,0.7829108313655196
2014-09-22 22:00:00,0.0
2014-09-22 23:00:00,0.0
2014-09-23 00:00:00,-1.2823279338408033
2014-09-23 01:00:00,0.0
2014-09-23 02:00:00,0.0
2014-09-23 03:00:00,0.0
2014-09-23 04:00:00,-1.3854842425143141
2014-09-23 05:00:00,0.0
2014-09-23 06:00:00,0.0
2014-09-23 07:00:00,0.0
2014-09-23 08:00:00,-0.3644841144595453
2014-09-23 09:00:00,-0.2304118291606031
2014-09-23 10:00:00,0.0
2014-09-23 11:00:00,0.0
2014-09-23 12:00:00,0.0
2014-09-23 13:00:00,0.0
2014-09-23 14:00:00,1.0154505022164513
2014-09-23 15:00:00,0.7829623579932291
2014-09-23 16:00:00,0.736433813171959
2014-09-23 17:00:00,0.0
2014-09-23 18:00:00,0.7261284876301521
2014-09-23 19:00:00,0.7674013164250997
2014-09-23 20:00:00,0.6485293863003242
2014-09-23 21:00:00,0.0
2014-09-23 22:00:00,0.0
2014-09-23 23:00:00,-0.6274760222865224
2014-09-24 00:00:00,-1.1586125007113812
2014-09-24 01:00:00,-1.2668184189003864
2014-09-24 02:00:00,0.0
2014-09-24 03:00:00,0.0
2014-09-24 04:00:00,-1.380331579743417
2014-09-24 05:00:00,-1.3234977093803326
2014-09-24 06:00:00,-1.3545682658888893
2014-09-24 07:00:00,-0.6635961883105672
2014-09-24 08:00:00,0.0
2014-09-24 09:00:00,0.0
2014-09-24 10:00:00,0.7570444642555796
2014-09-24 11:00:00,0.5813901903954358
2014-09-24 12:00:00,0.6537335756989443
2014-09-24 13:00:00,0.6485809129280335
2014-09-24 14:00:00,0.0
2014-09-24 15:00:00,0.8087771984754636
2014-09-24 16:00:00,0.0
2014-09-24 17:00:00,0.0
2014-09-24 18:00:00,0.912088087032102
2014-09-24 19:00:00,0.0
2014-09-24 20:00:00,0.7726055058237128
2014-09-24 21:00:00,0.7622486536541928
2014-09-24 22:00:00,0.5504742137700077
2014-09-24 23:00:00,0.0
2014-09-25 00:00:00,-1.2204444539622408
2014-09-25 01:00:00,-1.2255971167331445
2014-09-25 02:00:00,-1.3802800531157011
2014-09-25 03:00:00,-1.3545167392611832
2014-09-25 04:00:00,0.0
2014-09-25 05:00:00,0.0
2014-09-25 06:00:00,-1.3906369052852243
2014-09-25 07:00:00,0.0
2014-09-25 08:00:00,-0.4057569432544935
2014-09-25 09:00:00,-0.1942916631365617
2014-09-25 10:00:00,0.0
2014-09-25 11:00:00,0.8345920389576943
2014-09-25 12:00:00,0.0
2014-09-25 13:00:00,0.0
2014-09-25 14:00:00,0.5194551838891607
2014-09-25 15:00:00,0.5349131722018752
2014-09-25 16:00:00,0.7209242982315383
2014-09-25 17:00:00,0.7570959908832889
2014-09-25 18:00:00,0.7829623579932291
2014-09-25 19:00:00,0.8242867134158867
2014-09-25 20:00:00,0.922444939201619
2014-09-25 21:00:00,0.8397447017285974
2014-09-25 22:00:00,0.0
2014-09-25 23:00:00,0.0
2014-09-26 00:00:00,0.0
2014-09-26 01:00:00,0.0
2014-09-26 02:00:00,-1.1586125007113843
2014-09-26 03:00:00,0.0
2014-09-26 04:00:00,-1.3906369052852243
2014-09-26 05:00:00,-1.3854842425143208
2014-09-26 06:00:00,0.0
2014-09-26 07:00:00,-0.7202754787905168
2014-09-26 08:00:00,-0.3439249900036368
2014-09-26 09:00:00,-0.12040247900178727
2014-09-26 10:00:00,0.6072565575053768
2014-09-26 11:00:00,0.8811205837789644
2014-09-26 12:00:00,0.8397962283563067
2014-09-26 13:00:00,0.6072565575053798
2014-09-26 14:00:00,0.684701078952078
2014-09-26 15:00:00,0.5073464263775337
2014-09-26 16:00:00,0.0
2014-09-26 17:00:00,0.0
2014-09-26 18:00:00,0.8139298612463667
2014-09-26 19:00:00,0.7829108313655196
2014-09-26 20:00:00,1.0154505022164513
2014-09-26 21:00:00,0.9844829989633167
2014-09-26 22:00:00,0.0
2014-09-26 23:00:00,-0.37813867080244223
2014-09-27 00:00:00,0.0
2014-09-27 01:00:00,0.0
2014-09-27 02:00:00,-1.168917826253192
2014-09-27 03:00:00,-1.1378987963723446
2014-09-27 04:00:00,-1.1843758145659058
2014-09-27 05:00:00,-1.1946811401077164
2014-09-27 06:00:00,0.0
2014-09-27 07:00:00,-0.44182558265082517
2014-09-27 08:00:00,-0.09639107048937029
2014-09-27 09:00:00,0.0
2014-09-27 10:00:00,0.9844829989633129
2014-09-27 11:00:00,0.0
2014-09-27 12:00:00,1.041265342698682
2014-09-27 13:00:00,1.1394235684844172
2014-09-27 14:00:00,0.0
2014-09-27 15:00:00,0.0
2014-09-27 16:00:00,0.9379544541420459
2014-09-27 17:00:00,0.7984718729336499
2014-09-27 18:00:00,0.9586166318533728
2014-09-27 19:00:00,0.0
2014-09-27 20:00:00,1.0309600171568742
2014-09-27 21:00:00,0.0
2014-09-27 22:00:00,0.7054663099188214
2014-09-27 23:00:00,-0.4830984114457734
2014-09-28 00:00:00,-1.0348455409542494
2014-09-28 01:00:00,0.0
2014-09-28 02:00:00,-1.174070489024099
2014-09-28 03:00:00,-1.1327976602291505
2014-09-28 04:00:00,0.0
2014-09-28 05:00:00,-1.2616657561294795
2014-09-28 06:00:00,0.0
2014-09-28 07:00:00,-0.5398292285534354
2014-09-28 08:00:00,-0.017297696955982652
2014-09-28 09:00:00,0.23214270778350948
2014-09-28 10:00:00,0.8087771984754636
2014-09-28 11:00:00,0.8759679210080613
2014-09-28 12:00:00,0.9482082530561403
2014-09-28 13:00:00,0.9688704307674673
2014-09-28 14:00:00,0.8862732465498682
2014-09-28 15:00:00,0.7777581685946167
2014-09-28 16:00:00,0.0
2014-09-28 17:00:00,0.0
2014-09-28 18:00:00,0.7777581685946197
2014-09-28 19:00:00,0.0
2014-09-28 20:00:00,0.0
2014-09-28 21:00:00,0.0
2014-09-28 22:00:00,0.8449488911272144
2014-09-28 23:00:00,-0.2750854153843474
2014-09-29 00:00:00,0.0
2014-09-29 01:00:00,-0.9987253749302084
2014-09-29 02:00:00,-1.1482556485418647
2014-09-29 03:00:00,0.0
2014-09-29 04:00:00,-1.1534083113127682
2014-09-29 05:00:00,-1.1173396719164366
2014-09-29 06:00:00,-1.1946811401077193
2014-09-29 07:00:00,-0.5037090625293944
2014-09-29 08:00:00,-0.1891905269933677
2014-09-29 09:00:00,0.0
2014-09-29 10:00:00,0.6434282501571298
2014-09-29 11:00:00,0.0
2014-09-29 12:00:00,1.092946550290852
2014-09-29 13:00:00,0.0
2014-09-29 14:00:00,0.0
2014-09-29 15:00:00,0.8036245357045559
2014-09-29 16:00:00,0.0
2014-09-29 17:00:00,0.0
2014-09-29 18:00:00,0.6848041322074938
2014-09-29 19:00:00,0.6279187352167067
2014-09-29 20:00:00,0.0
2014-09-29 21:00:00,0.901782761490292
2014-09-29 22:00:00,0.7209242982315351
2014-09-29 23:00:00,0.0
2014-09-30 00:00:00,-1.1121870091455293
2014-09-30 01:00:00,0.0
2014-09-30 02:00:00,-1.1534598379404775
2014-09-30 03:00:00,0.0
2014-09-30 04:00:00,0.0
2014-09-30 05:00:00,0.0
2014-09-30 06:00:00,-1.2771237444421872
2014-09-30 07:00:00,-0.5552356902384404
2014-09-30 08:00:00,-0.2716846579555548
2014-09-30 09:00:00,0.054891108464389965
2014-09-30 10:00:00,0.5297605094309714
2014-09-30 11:00:00,0.8759679210080575
2014-09-30 12:00:00,0.7570959908832897
2014-09-30 13:00:00,0.0
2014-09-30 14:00:00,0.7984203463059466
2014-09-30 15:00:00,0.0
2014-09-30 16:00:00,0.0
2014-09-30 17:00:00,0.8552542166690243
2014-09-30 18:00:00,0.0
2014-09-30 19:00:00,0.0
2014-09-30 20:00:00,0.7364338131719621
2014-09-30 21:00:00,0.0
2014-09-30 22:00:00,0.6899052683506882
2014-09-30 23:00:00,-0.2853392142984483
2014-10-01 00:00:00,-0.9780631972188811
2014-10-01 01:00:00,-1.0038780377011152
2014-10-01 02:00:00,0.0
2014-10-01 03:00:00,-1.1121354825178198
2014-10-01 04:00:00,0.0
2014-10-01 05:00:00,-1.1431029857709643
2014-10-01 06:00:00,-1.1946811401077164
2014-10-01 07:00:00,-0.46248776036215206
2014-10-01 08:00:00,-0.3284154750632133
2014-10-01 09:00:00,0.07210100211921185
2014-10-01 10:00:00,0.8501015538981175
2014-10-01 11:00:00,0.8449488911272144
2014-10-01 12:00:00,0.932801791371139
2014-10-01 13:00:00,0.901782761490292
2014-10-01 14:00:00,0.9068838976334858
2014-10-01 15:00:00,1.0774885619781451
2014-10-01 16:00:00,1.3513010616240204
2014-10-01 17:00:00,1.3203335583708828
2014-10-01 18:00:00,0.0
2014-10-01 19:00:00,0.0
2014-10-01 20:00:00,0.0
2014-10-01 21:00:00,1.242785983668769
2014-10-01 22:00:00,0.8242351867881773
2014-10-01 23:00:00,0.0
2014-10-02 00:00:00,-1.0450993398683506
2014-10-02 01:00:00,-1.04515086649606
2014-10-02 02:00:00,0.0
2014-10-02 03:00:00,-1.1895284773368127
2014-10-02 04:00:00,-1.1380018496277635
2014-10-02 05:00:00,0.0
2014-10-02 06:00:00,-1.1689178262531916
2014-10-02 07:00:00,-0.503709062529391
2014-10-02 08:00:00,0.0
2014-10-02 09:00:00,0.018822469068054914
2014-10-02 10:00:00,0.0
2014-10-02 11:00:00,0.0
2014-10-02 12:00:00,0.9327502647434296
2014-10-02 13:00:00,0.9689734840228899
2014-10-02 14:00:00,0.9017827614902951
2014-10-02 15:00:00,0.9896356617342198
2014-10-02 16:00:00,1.1291182429426097
2014-10-02 17:00:00,1.2014616282461112
2014-10-02 18:00:00,0.0
2014-10-02 19:00:00,1.227276468728345
2014-10-02 20:00:00,0.0
2014-10-02 21:00:00,1.0774885619781451
2014-10-02 22:00:00,0.860406879439925
2014-10-02 23:00:00,-0.4727930859039597
2014-10-03 00:00:00,-1.03479401432654
2014-10-03 01:00:00,-1.101830156976013
2014-10-03 02:00:00,-1.204986465649527
2014-10-03 03:00:00,-1.1276449974582468
2014-10-03 04:00:00,-1.168917826253192
2014-10-03 05:00:00,0.0
2014-10-03 06:00:00,0.0
2014-10-03 07:00:00,-0.41606226879630076
2014-10-03 08:00:00,-0.06542356723623616
2014-10-03 09:00:00,0.11157039894433947
2014-10-03 10:00:00,0.6899567949784007
2014-10-03 11:00:00,0.9896356617342167
2014-10-03 12:00:00,0.8190825240172704
2014-10-03 13:00:00,0.0
2014-10-03 14:00:00,0.0
2014-10-03 15:00:00,0.8191340506449837
2014-10-03 16:00:00,0.0
2014-10-03 17:00:00,1.030908490529165
2014-10-03 18:00:00,1.3255377477694992
2014-10-03 19:00:00,1.1963089654752044
2014-10-03 20:00:00,1.0568263842668175
2014-10-03 21:00:00,1.0980992130617626
2014-10-03 22:00:00,0.8501015538981213
2014-10-03 23:00:00,-0.29559301321254955
2014-10-04 00:00:00,-1.0502520026392541
2014-10-04 01:00:00,0.0
2014-10-04 02:00:00,0.0
2014-10-04 03:00:00,0.0
2014-10-04 04:00:00,0.0
2014-10-04 05:00:00,-1.1637651634822912
2014-10-04 06:00:00,0.0
2014-10-04 07:00:00,-0.13761237265660878
2014-10-04 08:00:00,0.08585861171752793
2014-10-04 09:00:00,0.0
2014-10-04 10:00:00,1.1136087280021896
2014-10-04 11:00:00,0.0
2014-10-04 12:00:00,0.0
2014-10-04 13:00:00,0.0
2014-10-04 14:00:00,0.751943328112386
2014-10-04 15:00:00,0.5556268765409115
2014-10-04 16:00:00,0.6124092202762866
2014-10-04 17:00:00,0.0
2014-10-04 18:00:00,0.0
2014-10-04 19:00:00,0.0
2014-10-04 20:00:00,0.0
2014-10-04 21:00:00,0.0
2014-10-04 22:00:00,0.0
2014-10-04 23:00:00,0.0
2014-10-05 00:00:00,-1.0296413515556366
2014-10-05 01:00:00,0.0
2014-10-05 02:00:00,0.0
2014-10-05 03:00:00,-1.11733967191644
2014-10-05 04:00:00,-1.1431545123986706
2014-10-05 05:00:00,-1.2101391284204304
2014-10-05 06:00:00,-1.287429069984001
2014-10-05 07:00:00,0.0
2014-10-05 08:00:00,0.1066238426842736
2014-10-05 09:00:00,0.0
2014-10-05 10:00:00,0.0
2014-10-05 11:00:00,0.0
2014-10-05 12:00:00,1.0050936500469343
2014-10-05 13:00:00,0.0
2014-10-05 14:00:00,0.6847526055797843
2014-10-05 15:00:00,0.0
2014-10-05 16:00:00,0.9792788095647005
2014-10-05 17:00:00,0.850050027270408
2014-10-05 18:00:00,0.8345920389576935
2014-10-05 19:00:00,0.0
2014-10-05 20:00:00,0.0
2014-10-05 21:00:00,0.9017827614902882
2014-10-05 22:00:00,0.0
2014-10-05 23:00:00,0.0
2014-10-06 00:00:00,-0.8853152673425966
2014-10-06 01:00:00,0.0
2014-10-06 02:00:00,-0.8750099418007863
2014-10-06 03:00:00,-0.797668473609506
2014-10-06 04:00:00,0.0
2014-10-06 05:00:00,-0.8853152673425966
2014-10-06 06:00:00,-0.9471472205934529
2014-10-06 07:00:00,-0.3318162324920097
2014-10-06 08:00:00,-0.13245970988570535
2014-10-06 09:00:00,0.0
2014-10-06 10:00:00,0.0
2014-10-06 11:00:00,0.932801791371136
2014-10-06 12:00:00,0.9895841351065073
2014-10-06 13:00:00,1.0413168693263943
2014-10-06 14:00:00,0.0
2014-10-06 15:00:00,0.0
2014-10-06 16:00:00,0.0
2014-10-06 17:00:00,0.0
2014-10-06 18:00:00,0.8966300987193845
2014-10-06 19:00:00,0.8242867134158867
2014-10-06 20:00:00,0.8242867134158874
2014-10-06 21:00:00,0.0
2014-10-06 22:00:00,0.8035730090768474
2014-10-06 23:00:00,-0.3008487292388752
2014-10-07 00:00:00,-0.9522998833643602
2014-10-07 01:00:00,-0.9729105344479777
2014-10-07 02:00:00,0.0
2014-10-07 03:00:00,-1.1276449974582436
2014-10-07 04:00:00,-1.0915763580619118
2014-10-07 05:00:00,-1.2359024422749552
2014-10-07 06:00:00,0.0
2014-10-07 07:00:00,0.0
2014-10-07 08:00:00,0.0
2014-10-07 09:00:00,0.1632516065365141
2014-10-07 10:00:00,0.7726055058237128
2014-10-07 11:00:00,1.0257558277582581
2014-10-07 12:00:00,0.9483113063115621
2014-10-07 13:00:00,0.8242351867881773
2014-10-07 14:00:00,0.7002105938924988
2014-10-07 15:00:00,0.6382755873862229
2014-10-07 16:00:00,0.7261284876301514
2014-10-07 17:00:00,0.8604584060676375
2014-10-07 18:00:00,0.0
2014-10-07 19:00:00,0.0
2014-10-07 20:00:00,0.0
2014-10-07 21:00:00,0.0
2014-10-07 22:00:00,0.8293878495590781
2014-10-07 23:00:00,-0.4091061740555802
2014-10-08 00:00:00,-1.0708626537228754
2014-10-08 01:00:00,0.0
2014-10-08 02:00:00,0.0
2014-10-08 03:00:00,-1.2152917911913372
2014-10-08 04:00:00,0.0
2014-10-08 05:00:00,-1.1792231517950023
2014-10-08 06:00:00,-1.2307497795040483
2014-10-08 07:00:00,-0.2955414865848367
2014-10-08 08:00:00,-0.18403786422246082
2014-10-08 09:00:00,0.0
2014-10-08 10:00:00,0.0
2014-10-08 11:00:00,0.0
2014-10-08 12:00:00,1.1187613907730865
2014-10-08 13:00:00,0.0
2014-10-08 14:00:00,0.8552542166690212
2014-10-08 15:00:00,0.0
2014-10-08 16:00:00,0.0
2014-10-08 17:00:00,1.118812917400799
2014-10-08 18:00:00,0.0
2014-10-08 19:00:00,0.9998894606483142
2014-10-08 20:00:00,0.0
2014-10-08 21:00:00,0.9275976019725228
2014-10-08 22:00:00,0.0
2014-10-08 23:00:00,-0.44007367730871777
2014-10-09 00:00:00,0.0
2014-10-09 01:00:00,0.0
2014-10-09 02:00:00,-1.256564619986279
2014-10-09 03:00:00,-1.1895284773368096
2014-10-09 04:00:00,0.0
2014-10-09 05:00:00,0.0
2014-10-09 06:00:00,-1.3390072243207563
2014-10-09 07:00:00,-0.6120180339738087
2014-10-09 08:00:00,-0.15827455036794294
2014-10-09 09:00:00,0.0
2014-10-09 10:00:00,0.8707637316094482
2014-10-09 11:00:00,1.0206546916150676
2014-10-09 12:00:00,0.7984203463059436
2014-10-09 13:00:00,0.0
2014-10-09 14:00:00,0.7829108313655196
2014-10-09 15:00:00,0.6434282501571268
2014-10-09 16:00:00,0.7518918014846765
2014-10-09 17:00:00,0.8501015538981175
2014-10-09 18:00:00,0.0
2014-10-09 19:00:00,0.0
2014-10-09 20:00:00,0.7105674460620189
2014-10-09 21:00:00,0.0
2014-10-09 22:00:00,0.6330713979876136
2014-10-09 23:00:00,-0.5965085190333883
2014-10-10 00:00:00,-1.1534598379404775
2014-10-10 01:00:00,-1.1792231517950023
2014-10-10 02:00:00,-1.3234977093803293
2014-10-10 03:00:00,0.0
2014-10-10 04:00:00,0.0
2014-10-10 05:00:00,-1.2977859221535208
2014-10-10 06:00:00,0.0
2014-10-10 07:00:00,0.0
2014-10-10 08:00:00,-0.33356813783412054
2014-10-10 09:00:00,-0.17893672807926334
2014-10-10 10:00:00,0.6072565575053768
2014-10-10 11:00:00,0.8087256718477505
2014-10-10 12:00:00,0.0
2014-10-10 13:00:00,0.6124092202762866
2014-10-10 14:00:00,0.0
2014-10-10 15:00:00,0.6175618830471866
2014-10-10 16:00:00,0.6382755873862229
2014-10-10 17:00:00,0.6589377650975506
2014-10-10 18:00:00,0.0
2014-10-10 19:00:00,0.0
2014-10-10 20:00:00,0.9431071169129497
2014-10-10 21:00:00,0.6640904278684605
2014-10-10 22:00:00,0.0
2014-10-10 23:00:00,-0.5655925424079566
2014-10-11 00:00:00,-1.241106631673568
2014-10-11 01:00:00,0.0
2014-10-11 02:00:00,-1.318345046609429
2014-10-11 03:00:00,0.0
2014-10-11 04:00:00,-1.2771237444421903
2014-10-11 05:00:00,-1.3596694020320867
2014-10-11 06:00:00,-1.086423695291008
2014-10-11 07:00:00,-0.4315202571090179
2014-10-11 08:00:00,0.0
2014-10-11 09:00:00,0.0
2014-10-11 10:00:00,0.0
2014-10-11 11:00:00,0.0
2014-10-11 12:00:00,0.8242867134158837
2014-10-11 13:00:00,0.8036245357045559
2014-10-11 14:00:00,0.5710848648536252
2014-10-11 15:00:00,0.5349646988295845
2014-10-11 16:00:00,0.0
2014-10-11 17:00:00,0.8707637316094482
2014-10-11 18:00:00,0.0
2014-10-11 19:00:00,0.0
2014-10-11 20:00:00,0.9380059807697515
2014-10-11 21:00:00,0.7313326770287616
2014-10-11 22:00:00,0.5917470425649559
2014-10-11 23:00:00,0.0
2014-10-12 00:00:00,0.0
2014-10-12 01:00:00,-1.1998338028786197
2014-10-12 02:00:00,-1.2822764072130972
2014-10-12 03:00:00,0.0
2014-10-12 04:00:00,0.0
2014-10-12 05:00:00,-1.3080397210676151
2014-10-12 06:00:00,-1.3287018987789492
2014-10-12 07:00:00,-0.5450334179520485
2014-10-12 08:00:00,0.0
2014-10-12 09:00:00,0.0
2014-10-12 10:00:00,0.8397447017285974
2014-10-12 11:00:00,0.0
2014-10-12 12:00:00,0.0
2014-10-12 13:00:00,0.9741776734215022
2014-10-12 14:00:00,0.6899052683506882
2014-10-12 15:00:00,0.0
2014-10-12 16:00:00,0.0
2014-10-12 17:00:00,0.0
2014-10-12 18:00:00,0.6382240607585173
2014-10-12 19:00:00,0.49193996469252854
2014-10-12 20:00:00,0.5349131722018752
2014-10-12 21:00:00,0.7725539791960034
2014-10-12 22:00:00,0.4832319646097005
2014-10-12 23:00:00,0.0
2014-10-13 00:00:00,0.0
2014-10-13 01:00:00,-0.8440939651753581
2014-10-13 02:00:00,-1.04515086649606
2014-10-13 03:00:00,-0.8956205928844106
2014-10-13 04:00:00,-0.962605208906167
2014-10-13 05:00:00,0.0
2014-10-13 06:00:00,-1.02964135155564
2014-10-13 07:00:00,-0.2905949303247743
2014-10-13 08:00:00,-0.3336196644618265
2014-10-13 09:00:00,0.018822469068054914
2014-10-13 10:00:00,0.6382755873862268
2014-10-13 11:00:00,0.0
2014-10-13 12:00:00,0.7364338131719621
2014-10-13 13:00:00,0.0
2014-10-13 14:00:00,0.0
2014-10-13 15:00:00,0.0
2014-10-13 16:00:00,0.0
2014-10-13 17:00:00,0.5917470425649559
2014-10-13 18:00:00,0.0
2014-10-13 19:00:00,0.419545052761318
2014-10-13 20:00:00,0.38857754950817697
2014-10-13 21:00:00,0.4057359165352925
2014-10-13 22:00:00,0.0
2014-10-13 23:00:00,0.0
2014-10-14 00:00:00,-1.36482206480299
2014-10-14 01:00:00,-1.3854842425143208
2014-10-14 02:00:00,0.0
2014-10-14 03:00:00,0.0
2014-10-14 04:00:00,0.0
2014-10-14 05:00:00,0.0
2014-10-14 06:00:00,0.0
2014-10-14 07:00:00,-0.7563956448145612
2014-10-14 08:00:00,0.0
2014-10-14 09:00:00,-0.41096113265310635
2014-10-14 10:00:00,0.0
2014-10-14 11:00:00,0.5762890542522384
2014-10-14 12:00:00,0.0
2014-10-14 13:00:00,0.0
2014-10-14 14:00:00,0.0
2014-10-14 15:00:00,0.0
2014-10-14 16:00:00,0.5555753499132021
2014-10-14 17:00:00,0.0
2014-10-14 18:00:00,0.3937817389067971
2014-10-14 19:00:00,0.0
2014-10-14 20:00:00,0.5038426156933188
2014-10-14 21:00:00,0.421245431475716
2014-10-14 22:00:00,0.27836209283852703
2014-10-14 23:00:00,0.0
2014-10-15 00:00:00,0.0
2014-10-15 01:00:00,-1.968095822020518
2014-10-15 02:00:00,-1.988757999731846
2014-10-15 03:00:00,0.0
2014-10-15 04:00:00,-1.9526378337078034
2014-10-15 05:00:00,-1.9371283187673805
2014-10-15 06:00:00,-1.983605336960941
2014-10-15 07:00:00,-1.3339060881775613
2014-10-15 08:00:00,-1.292633259382617
2014-10-15 09:00:00,-1.065761517579681
2014-10-15 10:00:00,0.0
2014-10-15 11:00:00,-0.3129059601227864
2014-10-15 12:00:00,0.0
2014-10-15 13:00:00,-0.2871941728959748
2014-10-15 14:00:00,-0.5192185774698178
2014-10-15 15:00:00,-0.3696883038581581
2014-10-15 16:00:00,-0.42121493156720763
2014-10-15 17:00:00,0.0
2014-10-15 18:00:00,0.0
2014-10-15 19:00:00,-0.39545161771268633
2014-10-15 20:00:00,-0.4624362337344461
2014-10-15 21:00:00,-0.47284461253167553
2014-10-15 22:00:00,-0.5707967318065699
2014-10-15 23:00:00,-1.2204444539622412
2014-10-16 00:00:00,0.0
2014-10-16 01:00:00,0.0
2014-10-16 02:00:00,-1.7412756068452913
2014-10-16 03:00:00,-1.7000543046780534
2014-10-16 04:00:00,0.0
2014-10-16 05:00:00,-1.6949016419071485
2014-10-16 06:00:00,-1.7773442462416247
2014-10-16 07:00:00,-1.2720226082989978
2014-10-16 08:00:00,-1.1534083113127682
2014-10-16 09:00:00,0.0
2014-10-16 10:00:00,0.0
2014-10-16 11:00:00,0.0
2014-10-16 12:00:00,-0.4418255826508286
2014-10-16 13:00:00,0.0
2014-10-16 14:00:00,-0.47279308590396274
2014-10-16 15:00:00,-0.4212149315672107
2014-10-16 16:00:00,-0.44702977204943833
2014-10-16 17:00:00,0.0
2014-10-16 18:00:00,0.0
2014-10-16 19:00:00,-0.4109096060254004
2014-10-16 20:00:00,0.0
2014-10-16 21:00:00,-0.4315202571090179
2014-10-16 22:00:00,-0.6377813478283365
2014-10-16 23:00:00,0.0
2014-10-17 00:00:00,-1.8288708739506716
2014-10-17 01:00:00,0.0
2014-10-17 02:00:00,-1.9423325081659943
2014-10-17 03:00:00,-1.8597868505761006
2014-10-17 04:00:00,-1.8185655484088625
2014-10-17 05:00:00,-1.8700921761179092
2014-10-17 06:00:00,-1.9319756559964754
2014-10-17 07:00:00,0.0
2014-10-17 08:00:00,-1.2049349390218138
2014-10-17 09:00:00,0.0
2014-10-17 10:00:00,-0.6635446616828544
2014-10-17 11:00:00,-0.32841547506320984
2014-10-17 12:00:00,0.0
2014-10-17 13:00:00,-0.3644841144595453
2014-10-17 14:00:00,-0.36968830385816154
2014-10-17 15:00:00,0.0
2014-10-17 16:00:00,-0.42126645819491704
2014-10-17 17:00:00,0.0
2014-10-17 18:00:00,0.0
2014-10-17 19:00:00,0.0
2014-10-17 20:00:00,-0.35938297831635124
2014-10-17 21:00:00,-0.4676404231330589
2014-10-17 22:00:00,0.0
2014-10-17 23:00:00,-1.349312549862567
2014-10-18 00:00:00,-1.8391761994924816
2014-10-18 01:00:00,-1.8494815250342906
2014-10-18 02:00:00,-1.9577389698509995
2014-10-18 03:00:00,0.0
2014-10-18 04:00:00,0.0
2014-10-18 05:00:00,-1.9319241293687668
2014-10-18 06:00:00,-1.8546341878051955
2014-10-18 07:00:00,0.0
2014-10-18 08:00:00,0.0
2014-10-18 09:00:00,-1.065761517579678
2014-10-18 10:00:00,-0.34902612614683426
2014-10-18 11:00:00,0.0
2014-10-18 12:00:00,-0.30260063458097913
2014-10-18 13:00:00,0.0
2014-10-18 14:00:00,0.0
2014-10-18 15:00:00,0.0
2014-10-18 16:00:00,-0.3026006345809826
2014-10-18 17:00:00,-0.2974994984377851
2014-10-18 18:00:00,-0.2871426462682654
2014-10-18 19:00:00,-0.33872080060502396
2014-10-18 20:00:00,0.0
2014-10-18 21:00:00,-0.31811014952140304
2014-10-18 22:00:00,-0.48309841144577
2014-10-18 23:00:00,0.0
2014-10-19 00:00:00,0.0
2014-10-19 01:00:00,0.0
2014-10-19 02:00:00,0.0
2014-10-19 03:00:00,0.0
2014-10-19 04:00:00,0.0
2014-10-19 05:00:00,-1.947485170936899
2014-10-19 06:00:00,-1.9216188038269573
2014-10-19 07:00:00,-1.4164002191397487
2014-10-19 08:00:00,-1.2204444539622412
2014-10-19 09:00:00,-1.1121354825178198
2014-10-19 10:00:00,-0.5089132519280041
2014-10-19 11:00:00,-0.3387208006050205
2014-10-19 12:00:00,-0.4624362337344461
2014-10-19 13:00:00,0.0
2014-10-19 14:00:00,0.0
2014-10-19 15:00:00,0.0
2014-10-19 16:00:00,0.0
2014-10-19 17:00:00,-0.178885201451557
2014-10-19 18:00:00,-0.1581714971125207
2014-10-19 19:00:00,-0.1994958525351749
2014-10-19 20:00:00,0.0
2014-10-19 21:00:00,-0.3644841144595419
2014-10-19 22:00:00,0.0
2014-10-19 23:00:00,0.0
2014-10-20 00:00:00,-1.5761842916655031
2014-10-20 01:00:00,-1.5401156522691712
2014-10-20 02:00:00,0.0
2014-10-20 03:00:00,-1.6381192981717787
2014-10-20 04:00:00,-1.6277624460022564
2014-10-20 05:00:00,-1.6432719609426811
2014-10-20 06:00:00,0.0
2014-10-20 07:00:00,0.0
2014-10-20 08:00:00,0.0
2014-10-20 09:00:00,-1.1070343463746293
2014-10-20 10:00:00,-0.8182275980654176
2014-10-20 11:00:00,-0.4418255826508217
2014-10-20 12:00:00,-0.5140659146989109
2014-10-20 13:00:00,0.0
2014-10-20 14:00:00,-0.4470297720494414
2014-10-20 15:00:00,0.0
2014-10-20 16:00:00,0.0
2014-10-20 17:00:00,-0.3593314516886415
2014-10-20 18:00:00,0.0
2014-10-20 19:00:00,-0.2923468356668817
2014-10-20 20:00:00,-0.3799421027722628
2014-10-20 21:00:00,0.0
2014-10-20 22:00:00,-0.36963677723045213
2014-10-20 23:00:00,-1.1688662996254822
2014-10-21 00:00:00,-1.7515294057593913
2014-10-21 01:00:00,0.0
2014-10-21 02:00:00,-1.9010596793710477
2014-10-21 03:00:00,-1.885550164430624
2014-10-21 04:00:00,-1.9113134782851482
2014-10-21 05:00:00,0.0
2014-10-21 06:00:00,-1.9370767921396714
2014-10-21 07:00:00,0.0
2014-10-21 08:00:00,-1.2152402645636244
2014-10-21 09:00:00,0.0
2014-10-21 10:00:00,-0.6120180339738087
2014-10-21 11:00:00,-0.4676404231330593
2014-10-21 12:00:00,0.0
2014-10-21 13:00:00,0.0
2014-10-21 14:00:00,-0.3490261261468312
2014-10-21 15:00:00,-0.570745205178864
2014-10-21 16:00:00,0.0
2014-10-21 17:00:00,-0.3387208006050274
2014-10-21 18:00:00,0.0
2014-10-21 19:00:00,0.0
2014-10-21 20:00:00,0.0
2014-10-21 21:00:00,-0.2923468356668817
2014-10-21 22:00:00,0.0
2014-10-21 23:00:00,-1.3596694020320836
2014-10-22 00:00:00,-1.828870873950672
2014-10-22 01:00:00,0.0
2014-10-22 02:00:00,-1.9061608155142429
2014-10-22 03:00:00,-1.9164661410560524
2014-10-22 04:00:00,-1.9525863070800946
2014-10-22 05:00:00,-1.9526378337078034
2014-10-22 06:00:00,0.0
2014-10-22 07:00:00,0.0
2014-10-22 08:00:00,-1.1585609740836784
2014-10-22 09:00:00,0.0
2014-10-22 10:00:00,-0.8131264619222236
2014-10-22 11:00:00,0.0
2014-10-22 12:00:00,-0.4624877603621555
2014-10-22 13:00:00,0.0
2014-10-22 14:00:00,0.0
2014-10-22 15:00:00,-0.5089132519280075
2014-10-22 16:00:00,-0.36963677723045213
2014-10-22 17:00:00,-0.19439471639198394
2014-10-22 18:00:00,-0.2664804685569347
2014-10-22 19:00:00,-0.2253106930174087
2014-10-22 20:00:00,-0.41611379542401666
2014-10-22 21:00:00,-0.3902474283140662
2014-10-22 22:00:00,0.0
2014-10-22 23:00:00,-1.1688662996254857
2014-10-23 00:00:00,0.0
2014-10-23 01:00:00,0.0
2014-10-23 02:00:00,-1.7412756068452913
2014-10-23 03:00:00,0.0
2014-10-23 04:00:00,-1.6638826120263002
2014-10-23 05:00:00,-1.6071517949186387
2014-10-23 06:00:00,-1.6432719609426811
2014-10-23 07:00:00,0.0
2014-10-23 08:00:00,0.0
2014-10-23 09:00:00,-0.9678093983047802
2014-10-23 10:00:00,-0.7460903192727509
2014-10-23 11:00:00,0.0
2014-10-23 12:00:00,-0.5243712402407217
2014-10-23 13:00:00,0.0
2014-10-23 14:00:00,0.0
2014-10-23 15:00:00,-0.4882510742166772
2014-10-23 16:00:00,0.0
2014-10-23 17:00:00,-0.3593314516886415
2014-10-23 18:00:00,0.0
2014-10-23 19:00:00,0.0
2014-10-23 20:00:00,0.0
2014-10-23 21:00:00,0.0
2014-10-23 22:00:00,-0.5089132519280041
2014-10-23 23:00:00,-1.3699232009461872
2014-10-24 00:00:00,-1.7979548973252435
2014-10-24 01:00:00,0.0
2014-10-24 02:00:00,-1.8803975016597196
2014-10-24 03:00:00,-1.8494815250342906
2014-10-24 04:00:00,-1.8597868505761002
2014-10-24 05:00:00,-1.8907028272015287
2014-10-24 06:00:00,-1.9320271826241844
2014-10-24 07:00:00,-1.35456826588889
2014-10-24 08:00:00,0.0
2014-10-24 09:00:00,0.0
2014-10-24 10:00:00,-0.6325771584297203
2014-10-24 11:00:00,0.0
2014-10-24 12:00:00,-0.4470297720494414
2014-10-24 13:00:00,-0.47279308590396274
2014-10-24 14:00:00,0.0
2014-10-24 15:00:00,-0.4624362337344461
2014-10-24 16:00:00,0.0
2014-10-24 17:00:00,-0.3335681378341171
2014-10-24 18:00:00,-0.16337568651113352
2014-10-24 19:00:00,0.0
2014-10-24 20:00:00,-0.23561601855921935
2014-10-24 21:00:00,0.0
2014-10-24 22:00:00,-0.4882510742166772
2014-10-24 23:00:00,-1.2566161466139918
2014-10-25 00:00:00,-1.7721915834707198
2014-10-25 01:00:00,-1.7979548973252437
2014-10-25 02:00:00,-1.9216703304546663
2014-10-25 03:00:00,-1.864939513347005
2014-10-25 04:00:00,-1.8340235367215765
2014-10-25 05:00:00,-1.8700921761179101
2014-10-25 06:00:00,-1.8082602228670526
2014-10-25 07:00:00,-1.205037992277233
2014-10-25 08:00:00,0.0
2014-10-25 09:00:00,-1.019336026013826
2014-10-25 10:00:00,-0.4521309081926358
2014-10-25 11:00:00,-0.2923468356668817
2014-10-25 12:00:00,-0.3284154750632167
2014-10-25 13:00:00,-0.3542303155454474
2014-10-25 14:00:00,-0.37484096662906496
2014-10-25 15:00:00,0.0
2014-10-25 16:00:00,0.0
2014-10-25 17:00:00,-0.19434318976427112
2014-10-25 18:00:00,0.15804741713790435
2014-10-25 19:00:00,-0.1582745503679395
2014-10-25 20:00:00,0.0
2014-10-25 21:00:00,0.0
2014-10-25 22:00:00,0.0
2014-10-25 23:00:00,-1.3493125498625693
2014-10-26 00:00:00,-1.803107560096148
2014-10-26 01:00:00,0.0
2014-10-26 02:00:00,-1.1431029857709583
2014-10-26 03:00:00,-1.8700921761179097
2014-10-26 04:00:00,-1.8700921761179092
2014-10-26 05:00:00,-1.9061608155142433
2014-10-26 06:00:00,0.0
2014-10-26 07:00:00,-1.4215528819106538
2014-10-26 08:00:00,0.0
2014-10-26 09:00:00,-1.014234889870632
2014-10-26 10:00:00,0.0
2014-10-26 11:00:00,-0.2819899834973651
2014-10-26 12:00:00,-0.39024742831406967
2014-10-26 13:00:00,0.0
2014-10-26 14:00:00,-0.41606226879630037
2014-10-26 15:00:00,-0.4675888965053499
2014-10-26 16:00:00,-0.2562266696428403
2014-10-26 17:00:00,-0.28204151012506795
2014-10-26 18:00:00,-0.3748409666290619
2014-10-26 19:00:00,-0.36963677723044874
2014-10-26 20:00:00,-0.5037605891571038
2014-10-26 21:00:00,-0.5295239030116251
2014-10-26 22:00:00,0.0
2014-10-26 23:00:00,-1.3803315797434144
2014-10-27 00:00:00,-1.8082602228670526
2014-10-27 01:00:00,-1.8546341878051953
2014-10-27 02:00:00,0.0
2014-10-27 03:00:00,-1.8597868505761002
2014-10-27 04:00:00,-1.8907028272015283
2014-10-27 05:00:00,-1.8700921761179097
2014-10-27 06:00:00,-1.6793406003390183
2014-10-27 07:00:00,-1.4628257107056004
2014-10-27 08:00:00,0.0
2014-10-27 09:00:00,-1.0863721686632986
2014-10-27 10:00:00,-0.5758978679497674
2014-10-27 11:00:00,0.0
2014-10-27 12:00:00,0.0
2014-10-27 13:00:00,-0.560491406264763
2014-10-27 14:00:00,-0.5707967318065733
2014-10-27 15:00:00,-0.5037605891571003
2014-10-27 16:00:00,-0.4212149315672107
2014-10-27 17:00:00,-0.4006558071112991
2014-10-27 18:00:00,-0.45728357096354266
2014-10-27 19:00:00,-0.37484096662906496
2014-10-27 20:00:00,0.0
2014-10-27 21:00:00,0.0
2014-10-27 22:00:00,-0.601712708432005
2014-10-27 23:00:00,-1.2100876017927211
2014-10-28 00:00:00,-1.7824453823848196
2014-10-28 01:00:00,0.0
2014-10-28 02:00:00,-1.937179845395089
2014-10-28 03:00:00,-1.885550164430624
2014-10-28 04:00:00,0.0
2014-10-28 05:00:00,-1.9010081527433382
2014-10-28 06:00:00,-1.7927507079266307
2014-10-28 07:00:00,-1.612304457689545
2014-10-28 08:00:00,-1.2668699455280927
2014-10-28 09:00:00,-1.0245402154124421
2014-10-28 10:00:00,-0.6532393361410476
2014-10-28 11:00:00,0.0
2014-10-28 12:00:00,-0.5604398796370567
2014-10-28 13:00:00,-0.6171191701170062
2014-10-28 14:00:00,-0.5449818913243392
2014-10-28 15:00:00,-0.5707967318065733
2014-10-28 16:00:00,0.0
2014-10-28 17:00:00,0.0
2014-10-28 18:00:00,-0.5089132519280041
2014-10-28 19:00:00,-0.42121493156720763
2014-10-28 20:00:00,-0.42121493156720763
2014-10-28 21:00:00,-0.5295239030116251
2014-10-28 22:00:00,0.0
2014-10-28 23:00:00,-1.2617172827571859
2014-10-29 00:00:00,-1.7000543046780536
2014-10-29 01:00:00,-1.7103596302198631
2014-10-29 02:00:00,0.0
2014-10-29 03:00:00,0.0
2014-10-29 04:00:00,-1.705206967448958
2014-10-29 05:00:00,-1.7206649557616727
2014-10-29 06:00:00,-1.5814400076918276
2014-10-29 07:00:00,-1.5040470128728352
2014-10-29 08:00:00,-1.1070343463746293
2014-10-29 09:00:00,0.0
2014-10-29 10:00:00,-0.6635446616828544
2014-10-29 11:00:00,-0.42641912096582046
2014-10-29 12:00:00,-0.4057569432544935
2014-10-29 13:00:00,-0.4831499380734828
2014-10-29 14:00:00,0.0
2014-10-29 15:00:00,-0.5295754296393345
2014-10-29 16:00:00,0.0
2014-10-29 17:00:00,-0.4882510742166772
2014-10-29 18:00:00,-0.4572835709635392
2014-10-29 19:00:00,-0.26653199518464754
2014-10-29 20:00:00,0.0
2014-10-29 21:00:00,-0.5191670508421085
2014-10-29 22:00:00,0.0
2014-10-29 23:00:00,-1.2926332593826173
2014-10-30 00:00:00,0.0
2014-10-30 01:00:00,0.0
2014-10-30 02:00:00,-1.7618862579289103
2014-10-30 03:00:00,0.0
2014-10-30 04:00:00,-1.9164661410560524
2014-10-30 05:00:00,-1.9474336443091895
2014-10-30 06:00:00,0.0
2014-10-30 07:00:00,-1.6535772864844933
2014-10-30 08:00:00,0.0
2014-10-30 09:00:00,0.0
2014-10-30 10:00:00,-0.6378328744560425
2014-10-30 11:00:00,0.0
2014-10-30 12:00:00,-0.3542303155454474
2014-10-30 13:00:00,-0.3954516177126829
2014-10-30 14:00:00,-0.3438734633759274
2014-10-30 15:00:00,-0.24082020795783254
2014-10-30 16:00:00,-0.25107400687193343
2014-10-30 17:00:00,0.0
2014-10-30 18:00:00,-0.24586981747331718
2014-10-30 19:00:00,0.0
2014-10-30 20:00:00,-0.25622666964283725
2014-10-30 21:00:00,-0.2974994984377851
2014-10-30 22:00:00,0.0
2014-10-30 23:00:00,0.0
2014-10-31 00:00:00,-1.864939513347005
2014-10-31 01:00:00,0.0
2014-10-31 02:00:00,-1.968095822020518
2014-10-31 03:00:00,0.0
2014-10-31 04:00:00,0.0
2014-10-31 05:00:00,0.0
2014-10-31 06:00:00,-1.730867228048061
2014-10-31 07:00:00,-1.6793406003390157
2014-10-31 08:00:00,0.0
2014-10-31 09:00:00,0.0
2014-10-31 10:00:00,-0.8130749352945141
2014-10-31 11:00:00,-0.3902474283140731
2014-10-31 12:00:00,-0.426419120965817
2014-10-31 13:00:00,0.0
2014-10-31 14:00:00,-0.5553387434938593
2014-10-31 15:00:00,-0.446978245421729
2014-10-31 16:00:00,-0.4109096060253935
2014-10-31 17:00:00,-0.4624362337344465
2014-10-31 18:00:00,0.0
2014-10-31 19:00:00,0.0
2014-10-31 20:00:00,0.0
2014-10-31 21:00:00,-0.42631606771040165
2014-10-31 22:00:00,0.0
2014-10-31 23:00:00,-1.153408311312773
2014-11-01 00:00:00,-1.8237182111797674
2014-11-01 01:00:00,0.0
2014-11-01 02:00:00,-1.9113134782851477
2014-11-01 03:00:00,-1.823718211179767
2014-11-01 04:00:00,-1.8700921761179097
2014-11-01 05:00:00,-1.9010081527433382
2014-11-01 06:00:00,-1.8494815250342906
2014-11-01 07:00:00,-1.2462592944444748
2014-11-01 08:00:00,0.0
2014-11-01 09:00:00,0.0
2014-11-01 10:00:00,0.0
2014-11-01 11:00:00,-0.4264191209658239
2014-11-01 12:00:00,0.0
2014-11-01 13:00:00,0.0
2014-11-01 14:00:00,-0.42126645819491704
2014-11-01 15:00:00,0.0
2014-11-01 16:00:00,0.0
2014-11-01 17:00:00,-0.4160622687963038
2014-11-01 18:00:00,0.0
2014-11-01 19:00:00,-0.42121493156720763
2014-11-01 20:00:00,-0.3850432389154569
2014-11-01 21:00:00,0.0
2014-11-01 22:00:00,-0.6739015138523745
2014-11-01 23:00:00,0.0
2014-11-02 00:00:00,-1.9164661410560524
2014-11-02 01:00:00,0.0
2014-11-02 02:00:00,0.0
2014-11-02 03:00:00,-1.9628916326219041
2014-11-02 04:00:00,0.0
2014-11-02 05:00:00,0.0
2014-11-02 06:00:00,0.0
2014-11-02 07:00:00,0.0
2014-11-02 08:00:00,0.0
2014-11-02 09:00:00,-1.1173396719164395
2014-11-02 10:00:00,-0.5914073828901908
2014-11-02 11:00:00,0.0
2014-11-02 12:00:00,-0.6120180339738087
2014-11-02 13:00:00,0.0
2014-11-02 14:00:00,-0.6326286850574262
2014-11-02 15:00:00,-0.6017127084319981
2014-11-02 16:00:00,0.0
2014-11-02 17:00:00,0.0
2014-11-02 18:00:00,-0.514014388071205
2014-11-02 19:00:00,-0.49340373698758405
2014-11-02 20:00:00,0.0
2014-11-02 21:00:00,0.0
2014-11-02 22:00:00,-0.6996133010791895
2014-11-02 23:00:00,-1.2668699455280927
2014-11-03 00:00:00,0.0
2014-11-03 01:00:00,0.0
2014-11-03 02:00:00,-1.6741879375681104
2014-11-03 03:00:00,-1.6381192981717776
2014-11-03 04:00:00,-1.6226613098590634
2014-11-03 05:00:00,-1.8031590867238554
2014-11-03 06:00:00,0.0
2014-11-03 07:00:00,-1.4215528819106524
2014-11-03 08:00:00,-1.1121870091455326
2014-11-03 09:00:00,-1.1069828197469165
2014-11-03 10:00:00,-0.6635446616828544
2014-11-03 11:00:00,-0.4934037369875871
2014-11-03 12:00:00,-0.5449818913243392
2014-11-03 13:00:00,-0.5758978679497674
2014-11-03 14:00:00,-0.5707452051788605
2014-11-03 15:00:00,0.0
2014-11-03 16:00:00,-0.6738499872246652
2014-11-03 17:00:00,0.0
2014-11-03 18:00:00,0.0
2014-11-03 19:00:00,-0.5707967318065733
2014-11-03 20:00:00,0.0
2014-11-03 21:00:00,0.0
2014-11-03 22:00:00,0.0
2014-11-03 23:00:00,-1.5298103267273628
2014-11-04 00:00:00,0.0
2014-11-04 01:00:00,-2.019622449729565
2014-11-04 02:00:00,-1.968147348648227
2014-11-04 03:00:00,0.0
2014-11-04 04:00:00,-1.9784526741900366
2014-11-04 05:00:00,-1.988706473104137
2014-11-04 06:00:00,0.0
2014-11-04 07:00:00,-1.5401156522691712
2014-11-04 08:00:00,-1.3441598870916633
2014-11-04 09:00:00,-1.1224923346873434
2014-11-04 10:00:00,-0.8337371130058411
2014-11-04 11:00:00,-0.5862547201192908
2014-11-04 12:00:00,0.0
2014-11-04 13:00:00,-0.6223233595156195
2014-11-04 14:00:00,0.0
2014-11-04 15:00:00,0.0
2014-11-04 16:00:00,0.0
2014-11-04 17:00:00,0.0
2014-11-04 18:00:00,-0.5862547201192874
2014-11-04 19:00:00,-0.5089132519280041
2014-11-04 20:00:00,-0.5449818913243392
2014-11-04 21:00:00,-0.6171706967447156
2014-11-04 22:00:00,-0.8182791246931274
2014-11-04 23:00:00,-1.431858207452464
2014-11-05 00:00:00,0.0
2014-11-05 01:00:00,0.0
2014-11-05 02:00:00,-2.050641479610412
2014-11-05 03:00:00,-2.009368650815465
2014-11-05 04:00:00,0.0
2014-11-05 05:00:00,-2.055794142381316
2014-11-05 06:00:00,-2.0764047934649357
2014-11-05 07:00:00,0.0
2014-11-05 08:00:00,0.0
2014-11-05 09:00:00,-1.0812195058923917
2014-11-05 10:00:00,0.0
2014-11-05 11:00:00,-0.5295754296393348
2014-11-05 12:00:00,0.0
2014-11-05 13:00:00,-0.7512429820436578
2014-11-05 14:00:00,-0.7151228160196129
2014-11-05 15:00:00,-0.7769547692704728
2014-11-05 16:00:00,0.0
2014-11-05 17:00:00,-0.7151228160196129
2014-11-05 18:00:00,0.0
2014-11-05 19:00:00,-0.5449818913243426
2014-11-05 20:00:00,-0.503709062529391
2014-11-05 21:00:00,0.0
2014-11-05 22:00:00,-0.8027696097527035
2014-11-05 23:00:00,-1.5916938066059263
2014-11-06 00:00:00,-2.055794142381316
2014-11-06 01:00:00,-1.9939106625027503
2014-11-06 02:00:00,0.0
2014-11-06 03:00:00,0.0
2014-11-06 04:00:00,0.0
2014-11-06 05:00:00,0.0
2014-11-06 06:00:00,-2.143389409486697
2014-11-06 07:00:00,-1.5659304927514024
2014-11-06 08:00:00,-1.4318066808247503
2014-11-06 09:00:00,0.0
2014-11-06 10:00:00,-0.8698057524021731
2014-11-06 11:00:00,-0.7202239521628074
2014-11-06 12:00:00,-0.6223233595156195
2014-11-06 13:00:00,0.0
2014-11-06 14:00:00,-0.7305808043323271
2014-11-06 15:00:00,-0.6841553127664753
2014-11-06 16:00:00,-0.6377298212006237
2014-11-06 17:00:00,-0.6068653712029084
2014-11-06 18:00:00,0.0
2014-11-06 19:00:00,-0.44697824542173203
2014-11-06 20:00:00,0.0
2014-11-06 21:00:00,0.0
2014-11-06 22:00:00,0.0
2014-11-06 23:00:00,-1.5194534745578396
2014-11-07 00:00:00,-1.983605336960941
2014-11-07 01:00:00,0.0
2014-11-07 02:00:00,0.0
2014-11-07 03:00:00,-1.9371283187673805
2014-11-07 04:00:00,-1.9732484847914225
2014-11-07 05:00:00,0.0
2014-11-07 06:00:00,-1.9526378337078034
2014-11-07 07:00:00,0.0
2014-11-07 08:00:00,0.0
2014-11-07 09:00:00,0.0
2014-11-07 10:00:00,0.0
2014-11-07 11:00:00,-0.5346765657825285
2014-11-07 12:00:00,0.0
2014-11-07 13:00:00,0.0
2014-11-07 14:00:00,0.0
2014-11-07 15:00:00,0.0
2014-11-07 16:00:00,-0.4057569432544935
2014-11-07 17:00:00,-0.47279308590396274
2014-11-07 18:00:00,-0.6996648277069027
2014-11-07 19:00:00,0.0
2014-11-07 20:00:00,0.0
2014-11-07 21:00:00,-0.47279308590396274
2014-11-07 22:00:00,-0.6893079755373792
2014-11-07 23:00:00,0.0
2014-11-08 00:00:00,0.0
2014-11-08 01:00:00,-2.246597244787919
2014-11-08 02:00:00,-2.2775132214133476
2014-11-08 03:00:00,0.0
2014-11-08 04:00:00,-2.225832013821173
2014-11-08 05:00:00,-2.241341528761596
2014-11-08 06:00:00,0.0
2014-11-08 07:00:00,-1.3597209286597942
2014-11-08 08:00:00,-1.2100876017927245
2014-11-08 09:00:00,-1.034897067581959
2014-11-08 10:00:00,-0.5089132519280075
2014-11-08 11:00:00,-0.41085807939769103
2014-11-08 12:00:00,0.0
2014-11-08 13:00:00,0.0
2014-11-08 14:00:00,-0.6223748861433318
2014-11-08 15:00:00,0.0
2014-11-08 16:00:00,-0.6326286850574296
2014-11-08 17:00:00,0.0
2014-11-08 18:00:00,-0.586203193491578
2014-11-08 19:00:00,-0.5913558562624814
2014-11-08 20:00:00,-0.6326286850574262
2014-11-08 21:00:00,-0.6635446616828544
2014-11-08 22:00:00,0.0
2014-11-08 23:00:00,0.0
2014-11-09 00:00:00,-1.9887579997318456
2014-11-09 01:00:00,0.0
2014-11-09 02:00:00,-2.0042159880445602
2014-11-09 03:00:00,0.0
2014-11-09 04:00:00,-1.9939106625027503
2014-11-09 05:00:00,0.0
2014-11-09 06:00:00,-1.9991148519013642
2014-11-09 07:00:00,0.0
2014-11-09 08:00:00,-1.2771752710699034
2014-11-09 09:00:00,-1.2719710816712868
2014-11-09 10:00:00,-0.8130749352945107
2014-11-09 11:00:00,0.0
2014-11-09 12:00:00,-0.5656440690356695
2014-11-09 13:00:00,0.0
2014-11-09 14:00:00,-0.5758978679497674
2014-11-09 15:00:00,0.0
2014-11-09 16:00:00,0.0
2014-11-09 17:00:00,-0.6017127084320011
2014-11-09 18:00:00,-0.6790026499955719
2014-11-09 19:00:00,-0.5037605891571003
2014-11-09 20:00:00,0.0
2014-11-09 21:00:00,0.0
2014-11-09 22:00:00,-0.7718021064995625
2014-11-09 23:00:00,-1.5917453332336347
2014-11-10 00:00:00,-1.988706473104137
2014-11-10 01:00:00,0.0
2014-11-10 02:00:00,0.0
2014-11-10 03:00:00,-2.029979301899084
2014-11-10 04:00:00,-2.0970154445485543
2014-11-10 05:00:00,-2.0764047934649357
2014-11-10 06:00:00,0.0
2014-11-10 07:00:00,0.0
2014-11-10 08:00:00,0.0
2014-11-10 09:00:00,-1.1946811401077129
2014-11-10 10:00:00,-1.0244886887847329
2014-11-10 11:00:00,0.0
2014-11-10 12:00:00,0.4247492421599312
2014-11-10 13:00:00,0.2578029683826189
2014-11-10 14:00:00,0.0
2014-11-10 15:00:00,0.22508355978737354
2014-11-10 16:00:00,0.2629041045258129
2014-11-10 17:00:00,0.0
2014-11-10 18:00:00,0.0
2014-11-10 19:00:00,0.5280601307165699
2014-11-10 20:00:00,0.560728012684112
2014-11-10 21:00:00,0.4935888167792206
2014-11-10 22:00:00,0.25084687364189484
2014-11-10 23:00:00,-0.6635446616828544
2014-11-11 00:00:00,0.0
2014-11-11 01:00:00,0.0
2014-11-11 02:00:00,0.0
2014-11-11 03:00:00,-1.4267055446815562
2014-11-11 04:00:00,-1.524657663956457
2014-11-11 05:00:00,0.0
2014-11-11 06:00:00,0.0
2014-11-11 07:00:00,-0.8079737991513167
2014-11-11 08:00:00,-0.606865371202905
2014-11-11 09:00:00,-0.5088101986725854
2014-11-11 10:00:00,0.0
2014-11-11 11:00:00,0.6434282501571298
2014-11-11 12:00:00,0.0
2014-11-11 13:00:00,0.6021038947344729
2014-11-11 14:00:00,0.0
2014-11-11 15:00:00,0.0
2014-11-11 16:00:00,0.3110299748060626
2014-11-11 17:00:00,0.3299917738029953
2014-11-11 18:00:00,0.5142509944905476
2014-11-11 19:00:00,0.0
2014-11-11 20:00:00,0.4832319646096975
2014-11-11 21:00:00,0.44706027195794673
2014-11-11 22:00:00,0.2938716077789505
2014-11-11 23:00:00,-0.8904679301135034
2014-11-12 00:00:00,-1.5504209778109785
2014-11-12 01:00:00,-1.4782836990183115
2014-11-12 02:00:00,-1.5555736405818785
2014-11-12 03:00:00,-1.452520385163787
2014-11-12 04:00:00,0.0
2014-11-12 05:00:00,0.0
2014-11-12 06:00:00,0.0
2014-11-12 07:00:00,-0.8440424385476517
2014-11-12 08:00:00,-0.6532908627687536
2014-11-12 09:00:00,0.0
2014-11-12 10:00:00,0.2509499268973171
2014-11-12 11:00:00,0.6537851023266468
2014-11-12 12:00:00,0.0
2014-11-12 13:00:00,0.45226446135656295
2014-11-12 14:00:00,0.44535989324355213
2014-11-12 15:00:00,0.0
2014-11-12 16:00:00,0.0
2014-11-12 17:00:00,0.0
2014-11-12 18:00:00,0.5124990891484404
2014-11-12 19:00:00,0.0
2014-11-12 20:00:00,0.0
2014-11-12 21:00:00,0.5762890542522384
2014-11-12 22:00:00,0.379869549425349
2014-11-12 23:00:00,0.0
2014-11-13 00:00:00,0.0
2014-11-13 01:00:00,-1.380331579743414
2014-11-13 02:00:00,-1.4834363617892186
2014-11-13 03:00:00,-1.4370108702233633
2014-11-13 04:00:00,-1.4319097340801725
2014-11-13 05:00:00,-1.5298103267273575
2014-11-13 06:00:00,0.0
2014-11-13 07:00:00,0.0
2014-11-13 08:00:00,-0.44697824542173203
2014-11-13 09:00:00,-0.2768373207264582
2014-11-13 10:00:00,0.23193660127267499
2014-11-13 11:00:00,0.6020523681067597
2014-11-13 12:00:00,0.0
2014-11-13 13:00:00,0.5142509944905445
2014-11-13 14:00:00,0.519352130633745
2014-11-13 15:00:00,0.0
2014-11-13 16:00:00,0.41088857930619593
2014-11-13 17:00:00,0.5504226871422983
2014-11-13 18:00:00,0.5607795393118183
2014-11-13 19:00:00,0.0
2014-11-13 20:00:00,0.7002621205202082
2014-11-13 21:00:00,0.4247492421599312
2014-11-13 22:00:00,0.27320943006762016
2014-11-13 23:00:00,-0.6635961883105672
2014-11-14 00:00:00,-1.4834363617892186
2014-11-14 01:00:00,-1.4834363617892186
2014-11-14 02:00:00,0.0
2014-11-14 03:00:00,0.0
2014-11-14 04:00:00,0.0
2014-11-14 05:00:00,-1.5504209778109785
2014-11-14 06:00:00,-1.473131036247408
2014-11-14 07:00:00,-0.8234317874640308
2014-11-14 08:00:00,0.0
2014-11-14 09:00:00,0.0
2014-11-14 10:00:00,0.12022687239946152
2014-11-14 11:00:00,0.596951231963566
2014-11-14 12:00:00,0.3197379748888906
2014-11-14 13:00:00,0.39373021227908384
2014-11-14 14:00:00,0.3368448152882968
2014-11-14 15:00:00,0.21993089701646668
2014-11-14 16:00:00,0.39543059099348526
2014-11-14 17:00:00,0.388526022880471
2014-11-14 18:00:00,0.43160228364523606
2014-11-14 19:00:00,0.6279187352167067
2014-11-14 20:00:00,0.0
2014-11-14 21:00:00,0.4522644613565668
2014-11-14 22:00:00,0.2508468736418983
2014-11-14 23:00:00,0.0
2014-11-15 00:00:00,0.0
2014-11-15 01:00:00,0.0
2014-11-15 02:00:00,-1.5607778299804997
2014-11-15 03:00:00,0.0
2014-11-15 04:00:00,0.0
2014-11-15 05:00:00,0.0
2014-11-15 06:00:00,-1.5555736405818854
2014-11-15 07:00:00,0.0
2014-11-15 08:00:00,-0.6584435255396605
2014-11-15 09:00:00,0.0
2014-11-15 10:00:00,0.3317952057728087
2014-11-15 11:00:00,0.6382755873862268
2014-11-15 12:00:00,0.6383271140139323
2014-11-15 13:00:00,0.5814417170231461
2014-11-15 14:00:00,0.385125265451675
2014-11-15 15:00:00,0.40923972721951074
2014-11-15 16:00:00,0.5813901903954358
2014-11-15 17:00:00,0.44195913581475266
2014-11-15 18:00:00,0.5917470425649529
2014-11-15 19:00:00,0.0
2014-11-15 20:00:00,0.5452184977436858
2014-11-15 21:00:00,0.0
2014-11-15 22:00:00,0.2801139981806344
2014-11-15 23:00:00,-1.0657099909519683
2014-11-16 00:00:00,0.0
2014-11-16 01:00:00,0.0
2014-11-16 02:00:00,-1.6690352747972073
2014-11-16 03:00:00,0.0
2014-11-16 04:00:00,-1.6484246237135862
2014-11-16 05:00:00,-1.6793406003390152
2014-11-16 06:00:00,0.0
2014-11-16 07:00:00,-0.8646530896312727
2014-11-16 08:00:00,-0.45733509759125207
2014-11-16 09:00:00,-0.4109096060254004
2014-11-16 10:00:00,0.0
2014-11-16 11:00:00,0.6950579311215951
2014-11-16 12:00:00,0.6175618830471874
2014-11-16 13:00:00,0.0
2014-11-16 14:00:00,0.0
2014-11-16 15:00:00,0.35065395151432227
2014-11-16 16:00:00,0.5142509944905482
2014-11-16 17:00:00,0.4109401059339088
2014-11-16 18:00:00,0.0
2014-11-16 19:00:00,0.6020523681067665
2014-11-16 20:00:00,0.5194036572614551
2014-11-16 21:00:00,0.46777397629698686
2014-11-16 22:00:00,0.0
2014-11-16 23:00:00,0.0
2014-11-17 00:00:00,-0.9265365695098354
2014-11-17 01:00:00,-0.8852637407148871
2014-11-17 02:00:00,-0.9574525461352602
2014-11-17 03:00:00,-0.9832673866174909
2014-11-17 04:00:00,-0.9626052089061704
2014-11-17 05:00:00,0.0
2014-11-17 06:00:00,0.0
2014-11-17 07:00:00,0.0
2014-11-17 08:00:00,-0.4933522103598747
2014-11-17 09:00:00,-0.26132780578603126
2014-11-17 10:00:00,0.38507373882396523
2014-11-17 11:00:00,0.0
2014-11-17 12:00:00,0.41094010593390534
2014-11-17 13:00:00,0.4471117985856595
2014-11-17 14:00:00,0.3902779282225819
2014-11-17 15:00:00,0.4351060943294474
2014-11-17 16:00:00,0.4935888167792206
2014-11-17 17:00:00,0.0
2014-11-17 18:00:00,0.6434282501571268
2014-11-17 19:00:00,0.0
2014-11-17 20:00:00,0.47807930183880054
2014-11-17 21:00:00,0.5194036572614513
2014-11-17 22:00:00,0.0
2014-11-17 23:00:00,-1.0141833632429225
2014-11-18 00:00:00,0.0
2014-11-18 01:00:00,-1.6278654992576769
2014-11-18 02:00:00,-1.6896974525085358
2014-11-18 03:00:00,-1.6020506587754435
2014-11-18 04:00:00,0.0
2014-11-18 05:00:00,-1.6432204343149737
2014-11-18 06:00:00,-1.689697452508536
2014-11-18 07:00:00,-0.8595004268603624
2014-11-18 08:00:00,0.0
2014-11-18 09:00:00,-0.31290596012279326
2014-11-18 10:00:00,0.23544041195689017
2014-11-18 11:00:00,0.5693844861392275
2014-11-18 12:00:00,0.5762890542522422
2014-11-18 13:00:00,0.0
2014-11-18 14:00:00,0.0
2014-11-18 15:00:00,0.0
2014-11-18 16:00:00,0.28351475560943046
2014-11-18 17:00:00,0.3316921525173899
2014-11-18 18:00:00,0.0
2014-11-18 19:00:00,0.6589377650975536
2014-11-18 20:00:00,0.0
2014-11-18 21:00:00,0.5194036572614513
2014-11-18 22:00:00,0.3953790643657759
2014-11-18 23:00:00,-0.6893079755373792
2014-11-19 00:00:00,0.0
2014-11-19 01:00:00,-1.4267570713092657
2014-11-19 02:00:00,-1.457673047934697
2014-11-19 03:00:00,-1.4473677223928831
2014-11-19 04:00:00,0.0
2014-11-19 05:00:00,-1.5813369544364066
2014-11-19 06:00:00,-1.6019476055200277
2014-11-19 07:00:00,-0.9007732556553076
2014-11-19 08:00:00,-0.5655925424079566
2014-11-19 09:00:00,0.0
2014-11-19 10:00:00,0.0
2014-11-19 11:00:00,0.0
2014-11-19 12:00:00,0.0
2014-11-19 13:00:00,0.0
2014-11-19 14:00:00,0.0
2014-11-19 15:00:00,0.4935372901515112
2014-11-19 16:00:00,0.6330713979876136
2014-11-19 17:00:00,0.5297605094309683
2014-11-19 18:00:00,0.6486324395557468
2014-11-19 19:00:00,0.7261284876301521
2014-11-19 20:00:00,0.0
2014-11-19 21:00:00,0.6124607469039922
2014-11-19 22:00:00,0.44706027195794673
2014-11-19 23:00:00,0.0
2014-11-20 00:00:00,-1.452520385163787
2014-11-20 01:00:00,0.0
2014-11-20 02:00:00,-1.488589024560122
2014-11-20 03:00:00,0.0
2014-11-20 04:00:00,-1.421604408538362
2014-11-20 05:00:00,0.0
2014-11-20 06:00:00,-1.5658789661236925
2014-11-20 07:00:00,-0.8388897757767448
2014-11-20 08:00:00,0.0
2014-11-20 09:00:00,-0.01039312884297488
2014-11-20 10:00:00,0.8293878495590812
2014-11-20 11:00:00,0.0
2014-11-20 12:00:00,0.0
2014-11-20 13:00:00,0.4625182602706612
2014-11-20 14:00:00,0.0
2014-11-20 15:00:00,0.4884361540083176
2014-11-20 16:00:00,0.0
2014-11-20 17:00:00,0.6175618830471905
2014-11-20 18:00:00,0.0
2014-11-20 19:00:00,0.0
2014-11-20 20:00:00,0.0
2014-11-20 21:00:00,0.0
2014-11-20 22:00:00,0.4367549464161399
2014-11-20 23:00:00,-0.7048174904778062
2014-11-21 00:00:00,0.0
2014-11-21 01:00:00,-1.3493640764902795
2014-11-21 02:00:00,-1.3596694020320867
2014-11-21 03:00:00,-1.3802800531157045
2014-11-21 04:00:00,0.0
2014-11-21 05:00:00,-1.4060433669702257
2014-11-21 06:00:00,0.0
2014-11-21 07:00:00,-0.40575694325449657
2014-11-21 08:00:00,0.0
2014-11-21 09:00:00,0.0
2014-11-21 10:00:00,0.4022836324787837
2014-11-21 11:00:00,0.7415864759428621
2014-11-21 12:00:00,0.7209242982315351
2014-11-21 13:00:00,0.0
2014-11-21 14:00:00,0.5245563200323582
2014-11-21 15:00:00,0.0
2014-11-21 16:00:00,0.6227145458180905
2014-11-21 17:00:00,0.6434282501571268
2014-11-21 18:00:00,0.0
2014-11-21 19:00:00,0.8242867134158867
2014-11-21 20:00:00,0.0
2014-11-21 21:00:00,0.0
2014-11-21 22:00:00,0.4832319646097005
2014-11-21 23:00:00,0.0
2014-11-22 00:00:00,-1.297734395525808
2014-11-22 01:00:00,-1.2668184189003835
2014-11-22 02:00:00,-1.4319097340801725
2014-11-22 03:00:00,0.0
2014-11-22 04:00:00,0.0
2014-11-22 05:00:00,-1.364873591430703
2014-11-22 06:00:00,-1.2668699455280927
2014-11-22 07:00:00,-0.42641912096582046
2014-11-22 08:00:00,-0.3490261261468312
2014-11-22 09:00:00,0.0
2014-11-22 10:00:00,0.0
2014-11-22 11:00:00,1.0154505022164513
2014-11-22 12:00:00,0.0
2014-11-22 13:00:00,0.8965785720916789
2014-11-22 14:00:00,0.0
2014-11-22 15:00:00,0.0
2014-11-22 16:00:00,0.8811205837789644
2014-11-22 17:00:00,0.0
2014-11-22 18:00:00,0.0
2014-11-22 19:00:00,0.0
2014-11-22 20:00:00,0.0
2014-11-22 21:00:00,0.6020523681067635
2014-11-22 22:00:00,0.0
2014-11-22 23:00:00,-0.7821589586690826
2014-11-23 00:00:00,-1.4628257107056009
2014-11-23 01:00:00,0.0
2014-11-23 02:00:00,0.0
2014-11-23 03:00:00,-1.442163532994267
2014-11-23 04:00:00,-1.4937416873310256
2014-11-23 05:00:00,-1.524657663956457
2014-11-23 06:00:00,-1.447316195765174
2014-11-23 07:00:00,-0.7305808043323305
2014-11-23 08:00:00,-0.24076868133012277
2014-11-23 09:00:00,0.0
2014-11-23 10:00:00,0.6124092202762829
2014-11-23 11:00:00,0.529708982803262
2014-11-23 12:00:00,0.6588862384698443
2014-11-23 13:00:00,0.8346435655854068
2014-11-23 14:00:00,0.4780277752110843
2014-11-23 15:00:00,0.0
2014-11-23 16:00:00,0.6641419544961669
2014-11-23 17:00:00,0.6279187352167067
2014-11-23 18:00:00,0.0
2014-11-23 19:00:00,0.0
2014-11-23 20:00:00,0.617613409674896
2014-11-23 21:00:00,0.5916955159372496
2014-11-23 22:00:00,0.39543059099348526
2014-11-23 23:00:00,-0.8491951013185521
2014-11-24 00:00:00,0.0
2014-11-24 01:00:00,-1.4112475563688454
2014-11-24 02:00:00,-1.5504209778109785
2014-11-24 03:00:00,-1.442112006366561
2014-11-24 04:00:00,-1.4782836990183117
2014-11-24 05:00:00,-1.493741687331029
2014-11-24 06:00:00,-1.3700262542016033
2014-11-24 07:00:00,-0.7873116214399863
2014-11-24 08:00:00,-0.45733509759125207
2014-11-24 09:00:00,-0.34902612614683465
2014-11-24 10:00:00,0.0
2014-11-24 11:00:00,0.26630486195460895
2014-11-24 12:00:00,0.788115020764136
2014-11-24 13:00:00,0.0
2014-11-24 14:00:00,0.4367034197884301
2014-11-24 15:00:00,0.0
2014-11-24 16:00:00,0.5814932436508546
2014-11-24 17:00:00,0.4471117985856599
2014-11-24 18:00:00,0.5452700243713945
2014-11-24 19:00:00,0.5246078466600714
2014-11-24 20:00:00,0.5349131722018714
2014-11-24 21:00:00,0.0
2014-11-24 22:00:00,0.3041769333207608
2014-11-24 23:00:00,-0.8234317874640273
2014-11-25 00:00:00,-1.4422150596219798
2014-11-25 01:00:00,-1.375127390344801
2014-11-25 02:00:00,0.0
2014-11-25 03:00:00,0.0
2014-11-25 04:00:00,-1.4473677223928834
2014-11-25 05:00:00,0.0
2014-11-25 06:00:00,-1.5813884810641174
2014-11-25 07:00:00,-0.5295239030116251
2014-11-25 08:00:00,0.0
2014-11-25 09:00:00,-0.24586981747332023
2014-11-25 10:00:00,0.0
2014-11-25 11:00:00,0.545218497743682
2014-11-25 12:00:00,0.0
2014-11-25 13:00:00,0.3988828750499911
2014-11-25 14:00:00,0.39888287504999453
2014-11-25 15:00:00,0.0
2014-11-25 16:00:00,0.38862907613589326
2014-11-25 17:00:00,0.5229074679456661
2014-11-25 18:00:00,0.7054147832911121
2014-11-25 19:00:00,0.5916955159372496
2014-11-25 20:00:00,0.0
2014-11-25 21:00:00,0.736433813171959
2014-11-25 22:00:00,0.0
2014-11-25 23:00:00,-0.8646530896312727
2014-11-26 00:00:00,-1.4111960297411326
2014-11-26 01:00:00,0.0
2014-11-26 02:00:00,0.0
2014-11-26 03:00:00,0.0
2014-11-26 04:00:00,0.0
2014-11-26 05:00:00,0.0
2014-11-26 06:00:00,-1.5710316288945962
2014-11-26 07:00:00,-0.4985563997584875
2014-11-26 08:00:00,-0.859448900232653
2014-11-26 09:00:00,-0.30605291863748496
2014-11-26 10:00:00,0.0
2014-11-26 11:00:00,0.4091882005918018
2014-11-26 12:00:00,0.0
2014-11-26 13:00:00,0.26120372581141493
2014-11-26 14:00:00,0.4867357752939123
2014-11-26 15:00:00,0.29217122906455595
2014-11-26 16:00:00,0.39883134842227824
2014-11-26 17:00:00,0.37306803456775695
2014-11-26 18:00:00,0.0
2014-11-26 19:00:00,0.0
2014-11-26 20:00:00,0.0
2014-11-26 21:00:00,0.0
2014-11-26 22:00:00,0.0
2014-11-26 23:00:00,-0.9264850428821226
2014-11-27 00:00:00,-1.4782836990183081
2014-11-27 01:00:00,0.0
2014-11-27 02:00:00,-1.5143523384146467
2014-11-27 03:00:00,-1.4937416873310254
2014-11-27 04:00:00,0.0
2014-11-27 05:00:00,-1.6483730970858763
2014-11-27 06:00:00,-1.62776244600226
2014-11-27 07:00:00,-0.8852637407148871
2014-11-27 08:00:00,-0.6429340105992369
2014-11-27 09:00:00,0.0
2014-11-27 10:00:00,0.5452700243713914
2014-11-27 11:00:00,0.7570959908832889
2014-11-27 12:00:00,0.5968997053358597
2014-11-27 13:00:00,0.0
2014-11-27 14:00:00,0.4781308284665069
2014-11-27 15:00:00,0.4832319646096975
2014-11-27 16:00:00,0.4987930061778338
2014-11-27 17:00:00,0.0
2014-11-27 18:00:00,0.0
2014-11-27 19:00:00,0.0
2014-11-27 20:00:00,0.0
2014-11-27 21:00:00,0.0
2014-11-27 22:00:00,0.0
2014-11-27 23:00:00,-0.787311621439986
2014-11-28 00:00:00,-1.4834363617892186
2014-11-28 01:00:00,-1.4834363617892152
2014-11-28 02:00:00,-1.5555736405818854
2014-11-28 03:00:00,-1.4834363617892186
2014-11-28 04:00:00,-1.5864896172073135
2014-11-28 05:00:00,-1.6483730970858763
2014-11-28 06:00:00,-1.5246576639564537
2014-11-28 07:00:00,-0.900824782283017
2014-11-28 08:00:00,0.0
2014-11-28 09:00:00,-0.36958525060273933
2014-11-28 10:00:00,0.2991273238052731
2014-11-28 11:00:00,0.0
2014-11-28 12:00:00,0.0
2014-11-28 13:00:00,0.0
2014-11-28 14:00:00,0.0
2014-11-28 15:00:00,0.5813901903954358
2014-11-28 16:00:00,0.41439238999041417
2014-11-28 17:00:00,0.0
2014-11-28 18:00:00,0.7415864759428651
2014-11-28 19:00:00,0.8190825240172743
2014-11-28 20:00:00,0.7777581685946167
2014-11-28 21:00:00,0.7570959908832859
2014-11-28 22:00:00,0.4505640826421615
2014-11-28 23:00:00,0.0
2014-11-29 00:00:00,-1.4782836990183115
2014-11-29 01:00:00,-1.4988943501019325
2014-11-29 02:00:00,-1.5967949427491208
2014-11-29 03:00:00,0.0
2014-11-29 04:00:00,-1.6123559843172552
2014-11-29 05:00:00,0.0
2014-11-29 06:00:00,0.0
2014-11-29 07:00:00,0.0
2014-11-29 08:00:00,-0.5501345540952429
2014-11-29 09:00:00,-0.23381258658940257
2014-11-29 10:00:00,0.17350540545061846
2014-11-29 11:00:00,0.586594379794049
2014-11-29 12:00:00,0.0
2014-11-29 13:00:00,0.4453598932435483
2014-11-29 14:00:00,0.0
2014-11-29 15:00:00,0.44190760918704675
2014-11-29 16:00:00,0.0
2014-11-29 17:00:00,0.5142509944905445
2014-11-29 18:00:00,0.0
2014-11-29 19:00:00,0.6899052683506912
2014-11-29 20:00:00,0.5349131722018752
2014-11-29 21:00:00,0.431602283645233
2014-11-29 22:00:00,0.3213868269755827
2014-11-29 23:00:00,0.0
2014-11-30 00:00:00,-1.4988943501019325
2014-11-30 01:00:00,-1.478232172390602
2014-11-30 02:00:00,-1.5865411438350219
2014-11-30 03:00:00,0.0
2014-11-30 04:00:00,-1.5504209778109785
2014-11-30 05:00:00,0.0
2014-11-30 06:00:00,0.0
2014-11-30 07:00:00,-0.8027696097527004
2014-11-30 08:00:00,-0.5294723763839156
2014-11-30 09:00:00,-0.17198063333854618
2014-11-30 10:00:00,0.2991273238052731
2014-11-30 11:00:00,0.0
2014-11-30 12:00:00,0.0
2014-11-30 13:00:00,0.6485809129280367
2014-11-30 14:00:00,0.3558066142852226
2014-11-30 15:00:00,0.5555753499132021
2014-11-30 16:00:00,0.5142509944905482
2014-11-30 17:00:00,0.6433767235294212
2014-11-30 18:00:00,0.6692946172670706
2014-11-30 19:00:00,0.6641419544961669
2014-11-30 20:00:00,0.7053632566634057
2014-11-30 21:00:00,0.0
2014-11-30 22:00:00,0.3989344016777001
2014-11-30 23:00:00,0.0
2014-12-01 00:00:00,0.0
2014-12-01 01:00:00,-1.5349629894982644
2014-12-01 02:00:00,-1.5916938066059279
2014-12-01 03:00:00,-1.5452683150400717
2014-12-01 04:00:00,-1.694850115279439
2014-12-01 05:00:00,0.0
2014-12-01 06:00:00,-1.622609783231356
2014-12-01 07:00:00,-1.1379503230000574
2014-12-01 08:00:00,0.0
2014-12-01 09:00:00,0.0
2014-12-01 10:00:00,0.0
2014-12-01 11:00:00,0.5246078466600675
2014-12-01 12:00:00,0.46256978689837364
2014-12-01 13:00:00,0.4057359165352925
2014-12-01 14:00:00,0.0
2014-12-01 15:00:00,0.37471688665444214
2014-12-01 16:00:00,0.43160228364523606
2014-12-01 17:00:00,0.5039456689487376
2014-12-01 18:00:00,0.0
2014-12-01 19:00:00,0.0
2014-12-01 20:00:00,0.875916394380352
2014-12-01 21:00:00,0.6589377650975536
2014-12-01 22:00:00,0.4574171241274698
2014-12-01 23:00:00,-0.792515810838606
2014-12-02 00:00:00,0.0
2014-12-02 01:00:00,0.0
2014-12-02 02:00:00,-1.4936901607033126
2014-12-02 03:00:00,-1.540115652269168
2014-12-02 04:00:00,0.0
2014-12-02 05:00:00,-1.658781475883105
2014-12-02 06:00:00,-1.6896974525085342
2014-12-02 07:00:00,-0.9368418950516457
2014-12-02 08:00:00,-0.6274244956588131
2014-12-02 09:00:00,0.0
2014-12-02 10:00:00,0.0
2014-12-02 11:00:00,0.5762890542522384
2014-12-02 12:00:00,0.5142509944905513
2014-12-02 13:00:00,0.0
2014-12-02 14:00:00,0.47127778698120165
2014-12-02 15:00:00,0.0
2014-12-02 16:00:00,0.4350030410740321
2014-12-02 17:00:00,0.4247492421599308
2014-12-02 18:00:00,0.0
2014-12-02 19:00:00,0.0
2014-12-02 20:00:00,0.0
2014-12-02 21:00:00,0.0
2014-12-02 22:00:00,0.0
2014-12-02 23:00:00,0.0
2014-12-03 00:00:00,-1.5298103267273608
2014-12-03 01:00:00,-1.581388481064115
2014-12-03 02:00:00,-1.5917453332336344
2014-12-03 03:00:00,-1.5916938066059245
2014-12-03 04:00:00,-1.5916938066059245
2014-12-03 05:00:00,-1.5967949427491241
2014-12-03 06:00:00,-1.689645925880826
2014-12-03 07:00:00,-1.0193360260138293
2014-12-03 08:00:00,-0.6584435255396638
2014-12-03 09:00:00,-0.3077532973518864
2014-12-03 10:00:00,0.3817245080228786
2014-12-03 11:00:00,0.44706027195794673
2014-12-03 12:00:00,0.6072565575053798
2014-12-03 13:00:00,0.0
2014-12-03 14:00:00,0.0
2014-12-03 15:00:00,0.4884361540083168
2014-12-03 16:00:00,0.0
2014-12-03 17:00:00,0.0
2014-12-03 18:00:00,0.0
2014-12-03 19:00:00,0.6795999428088806
2014-12-03 20:00:00,0.540065834972779
2014-12-03 21:00:00,0.0
2014-12-03 22:00:00,0.0
2014-12-03 23:00:00,-0.7718536331272753
2014-12-04 00:00:00,0.0
2014-12-04 01:00:00,-1.4885890245601254
2014-12-04 02:00:00,-1.524657663956457
2014-12-04 03:00:00,-1.5091996756437431
2014-12-04 04:00:00,-1.5967949427491208
2014-12-04 05:00:00,-1.632966635400874
2014-12-04 06:00:00,-1.586541143835022
2014-12-04 07:00:00,0.0
2014-12-04 08:00:00,0.0
2014-12-04 09:00:00,0.0
2014-12-04 10:00:00,0.41279506453143533
2014-12-04 11:00:00,0.0
2014-12-04 12:00:00,0.0
2014-12-04 13:00:00,0.0
2014-12-04 14:00:00,0.419545052761318
2014-12-04 15:00:00,0.5194551838891646
2014-12-04 16:00:00,0.2663563885823218
2014-12-04 17:00:00,0.42124543147571947
2014-12-04 18:00:00,0.5400143083450688
2014-12-04 19:00:00,0.633122924615316
2014-12-04 20:00:00,0.0
2014-12-04 21:00:00,0.0
2014-12-04 22:00:00,0.4005317271366763
2014-12-04 23:00:00,0.0
2014-12-05 00:00:00,-1.5658789661236925
2014-12-05 01:00:00,-1.5967949427491208
2014-12-05 02:00:00,-1.6329151087731633
2014-12-05 03:00:00,0.0
2014-12-05 04:00:00,-1.663934138654012
2014-12-05 05:00:00,-1.6535772864844942
2014-12-05 06:00:00,-1.6019991321477385
2014-12-05 07:00:00,-0.9419945578225495
2014-12-05 08:00:00,-0.7357849937309437
2014-12-05 09:00:00,-0.2974479718100757
2014-12-05 10:00:00,0.21658166621538005
2014-12-05 11:00:00,0.7777581685946167
2014-12-05 12:00:00,0.6692430906393644
2014-12-05 13:00:00,0.6572373863831522
2014-12-05 14:00:00,0.0
2014-12-05 15:00:00,0.0
2014-12-05 16:00:00,0.44535989324355213
2014-12-05 17:00:00,0.4625182602706642
2014-12-05 18:00:00,0.6589377650975506
2014-12-05 19:00:00,0.7157201088329219
2014-12-05 20:00:00,0.0
2014-12-05 21:00:00,0.6640904278684575
2014-12-05 22:00:00,0.0
2014-12-05 23:00:00,-0.8491951013185556
2014-12-06 00:00:00,0.0
2014-12-06 01:00:00,-1.5658789661236925
2014-12-06 02:00:00,0.0
2014-12-06 03:00:00,0.0
2014-12-06 04:00:00,-1.6071517949186387
2014-12-06 05:00:00,0.0
2014-12-06 06:00:00,-1.6072033215463506
2014-12-06 07:00:00,-0.854347764089459
2014-12-06 08:00:00,-0.6996133010791895
2014-12-06 09:00:00,-0.25617514301512784
2014-12-06 10:00:00,0.0
2014-12-06 11:00:00,0.0
2014-12-06 12:00:00,0.0
2014-12-06 13:00:00,0.767452843052806
2014-12-06 14:00:00,0.37301650794004754
2014-12-06 15:00:00,0.2559995364128017
2014-12-06 16:00:00,0.0
2014-12-06 17:00:00,0.5090468050919351
2014-12-06 18:00:00,0.0
2014-12-06 19:00:00,0.7312811504010552
2014-12-06 20:00:00,0.0
2014-12-06 21:00:00,0.571084864853629
2014-12-06 22:00:00,0.30427998657617994
2014-12-06 23:00:00,-0.9368934216793521
2014-12-07 00:00:00,0.0
2014-12-07 01:00:00,-1.5040470128728363
2014-12-07 02:00:00,0.0
2014-12-07 03:00:00,-1.5916938066059243
2014-12-07 04:00:00,0.0
2014-12-07 05:00:00,-1.6432719609426847
2014-12-07 06:00:00,-1.6226097832313529
2014-12-07 07:00:00,0.0
2014-12-07 08:00:00,-0.49860792638620033
2014-12-07 09:00:00,-0.23561601855921935
2014-12-07 10:00:00,0.3455528153711278
2014-12-07 11:00:00,0.8449488911272113
2014-12-07 12:00:00,0.8965270454639657
2014-12-07 13:00:00,0.0
2014-12-07 14:00:00,0.0
2014-12-07 15:00:00,0.4780793018387975
2014-12-07 16:00:00,0.0
2014-12-07 17:00:00,0.5297089828032551
2014-12-07 18:00:00,0.0
2014-12-07 19:00:00,0.7105674460620189
2014-12-07 20:00:00,0.0
2014-12-07 21:00:00,0.0
2014-12-07 22:00:00,0.0
2014-12-07 23:00:00,-0.926485042882126
2014-12-08 00:00:00,-1.5762358182932106
2014-12-08 01:00:00,0.0
2014-12-08 02:00:00,-1.6277624460022597
2014-12-08 03:00:00,0.0
2014-12-08 04:00:00,0.0
2014-12-08 05:00:00,-1.6329151087731633
2014-12-08 06:00:00,-1.6174055938327416
2014-12-08 07:00:00,-0.8595004268603624
2014-12-08 08:00:00,-0.5088617253002947
2014-12-08 09:00:00,-0.2459213441010266
2014-12-08 10:00:00,0.27156057798093153
2014-12-08 11:00:00,0.7725539791960034
2014-12-08 12:00:00,0.8035730090768474
2014-12-08 13:00:00,0.6485809129280335
2014-12-08 14:00:00,0.5762890542522422
2014-12-08 15:00:00,0.4711747337257859
2014-12-08 16:00:00,0.5194036572614513
2014-12-08 17:00:00,0.0
2014-12-08 18:00:00,0.0
2014-12-08 19:00:00,0.7054663099188245
2014-12-08 20:00:00,0.0
2014-12-08 21:00:00,0.0
2014-12-08 22:00:00,0.4315507570175232
2014-12-08 23:00:00,-0.8647046162589821
2014-12-09 00:00:00,-1.493741687331029
2014-12-09 01:00:00,-1.5040470128728363
2014-12-09 02:00:00,-1.6432204343149728
2014-12-09 03:00:00,0.0
2014-12-09 04:00:00,0.0
2014-12-09 05:00:00,-1.6072033215463515
2014-12-09 06:00:00,0.0
2014-12-09 07:00:00,-0.9626567355338764
2014-12-09 08:00:00,0.0
2014-12-09 09:00:00,-0.5089132519280075
2014-12-09 10:00:00,0.5814417170231461
2014-12-09 11:00:00,0.7984203463059436
2014-12-09 12:00:00,0.5813901903954358
2014-12-09 13:00:00,0.0
2014-12-09 14:00:00,0.0
2014-12-09 15:00:00,0.0
2014-12-09 16:00:00,0.2938716077789505
2014-12-09 17:00:00,0.4419591358147561
2014-12-09 18:00:00,0.6331744512430293
2014-12-09 19:00:00,0.6072565575053798
2014-12-09 20:00:00,0.5813901903954358
2014-12-09 21:00:00,0.6588862384698443
2014-12-09 22:00:00,0.36621499308245203
2014-12-09 23:00:00,0.0
2014-12-10 00:00:00,0.0
2014-12-10 01:00:00,0.0
2014-12-10 02:00:00,0.0
2014-12-10 03:00:00,-1.571031628894596
2014-12-10 04:00:00,-1.6432719609426811
2014-12-10 05:00:00,-1.6742909908235295
2014-12-10 06:00:00,-1.6639341386540094
2014-12-10 07:00:00,-0.9781147238465909
2014-12-10 08:00:00,-0.7099701532487095
2014-12-10 09:00:00,0.0
2014-12-10 10:00:00,0.03938159352396304
2014-12-10 11:00:00,0.0
2014-12-10 12:00:00,0.0
2014-12-10 13:00:00,0.419545052761318
2014-12-10 14:00:00,0.33179520577281213
2014-12-10 15:00:00,0.4557682720407747
2014-12-10 16:00:00,0.35761004625504283
2014-12-10 17:00:00,0.4884361540083168
2014-12-10 18:00:00,0.0
2014-12-10 19:00:00,0.7880634941364273
2014-12-10 20:00:00,0.0
2014-12-10 21:00:00,0.6589377650975536
2014-12-10 22:00:00,0.4419076091870433
2014-12-10 23:00:00,-0.8904164034857905
2014-12-11 00:00:00,-1.5658789661236925
2014-12-11 01:00:00,-1.5967949427491241
2014-12-11 02:00:00,-1.643220434314975
2014-12-11 03:00:00,-1.6019991321477351
2014-12-11 04:00:00,-1.6432719609426845
2014-12-11 05:00:00,-1.7154607663630579
2014-12-11 06:00:00,0.0
2014-12-11 07:00:00,-0.9781147238465905
2014-12-11 08:00:00,0.0
2014-12-11 09:00:00,-0.32326281229230985
2014-12-11 10:00:00,0.4453083666158428
2014-12-11 11:00:00,0.0
2014-12-11 12:00:00,0.7674013164250966
2014-12-11 13:00:00,0.6692430906393613
2014-12-11 14:00:00,0.49193996469252854
2014-12-11 15:00:00,0.5245563200323582
2014-12-11 16:00:00,0.4367549464161395
2014-12-11 17:00:00,0.633122924615316
2014-12-11 18:00:00,0.0
2014-12-11 19:00:00,0.6589377650975536
2014-12-11 20:00:00,0.7157716354606314
2014-12-11 21:00:00,0.5968481787081503
2014-12-11 22:00:00,0.0
2014-12-11 23:00:00,0.0
2014-12-12 00:00:00,0.0
2014-12-12 01:00:00,-1.3493125498625635
2014-12-12 02:00:00,-1.3441598870916598
2014-12-12 03:00:00,0.0
2014-12-12 04:00:00,-1.302938584924428
2014-12-12 05:00:00,-1.421604408538362
2014-12-12 06:00:00,-1.2720226082989996
2014-12-12 07:00:00,-0.7512429820436578
2014-12-12 08:00:00,-0.503709062529391
2014-12-12 09:00:00,0.0
2014-12-12 10:00:00,0.27666171412412865
2014-12-12 11:00:00,0.0
2014-12-12 12:00:00,0.5349646988295845
2014-12-12 13:00:00,0.0
2014-12-12 14:00:00,0.48843615400831375
2014-12-12 15:00:00,0.49358881677921757
2014-12-12 16:00:00,0.5865943797940453
2014-12-12 17:00:00,0.0
2014-12-12 18:00:00,0.7932161569073273
2014-12-12 19:00:00,0.7623001802819022
2014-12-12 20:00:00,0.0
2014-12-12 21:00:00,0.5400658349727783
2014-12-12 22:00:00,0.0
2014-12-12 23:00:00,0.0
2014-12-13 00:00:00,-1.457673047934694
2014-12-13 01:00:00,0.0
2014-12-13 02:00:00,-1.5350145161259752
2014-12-13 03:00:00,0.0
2014-12-13 04:00:00,0.0
2014-12-13 05:00:00,-1.6432719609426802
2014-12-13 06:00:00,0.0
2014-12-13 07:00:00,0.0
2014-12-13 08:00:00,-0.6429340105992399
2014-12-13 09:00:00,0.0
2014-12-13 10:00:00,0.0
2014-12-13 11:00:00,0.7105674460620189
2014-12-13 12:00:00,0.7983688196782341
2014-12-13 13:00:00,0.6175618830471866
2014-12-13 14:00:00,0.0
2014-12-13 15:00:00,0.0
2014-12-13 16:00:00,0.6486324395557399
2014-12-13 17:00:00,0.0
2014-12-13 18:00:00,0.7054663099188214
2014-12-13 19:00:00,0.0
2014-12-13 20:00:00,0.6176649363026054
2014-12-13 21:00:00,0.7415864759428621
2014-12-13 22:00:00,0.50914985834735
2014-12-13 23:00:00,0.0
2014-12-14 00:00:00,-1.4937416873310254
2014-12-14 01:00:00,0.0
2014-12-14 02:00:00,-1.5710831555223035
2014-12-14 03:00:00,0.0
2014-12-14 04:00:00,0.0
2014-12-14 05:00:00,-1.5761842916655031
2014-12-14 06:00:00,-1.5607263033527923
2014-12-14 07:00:00,0.0
2014-12-14 08:00:00,0.0
2014-12-14 09:00:00,0.0
2014-12-14 10:00:00,0.6020523681067665
2014-12-14 11:00:00,0.6072050308776734
2014-12-14 12:00:00,0.5228559413179568
2014-12-14 13:00:00,0.0
2014-12-14 14:00:00,0.5073464263775337
2014-12-14 15:00:00,0.0
2014-12-14 16:00:00,0.47802777521108814
2014-12-14 17:00:00,0.0
2014-12-14 18:00:00,0.6537335756989404
2014-12-14 19:00:00,0.0
2014-12-14 20:00:00,0.6227660724458028
2014-12-14 21:00:00,0.5555753499132051
2014-12-14 22:00:00,0.38507373882396867
2014-12-14 23:00:00,-0.9420460844502555
2014-12-15 00:00:00,-1.5091996756437396
2014-12-15 01:00:00,-1.524657663956454
2014-12-15 02:00:00,-1.5813884810641183
2014-12-15 03:00:00,0.0
2014-12-15 04:00:00,0.0
2014-12-15 05:00:00,0.0
2014-12-15 06:00:00,-1.4731310362474046
2014-12-15 07:00:00,-0.9162312439680251
2014-12-15 08:00:00,-0.5914073828901908
2014-12-15 09:00:00,0.0
2014-12-15 10:00:00,0.4832319646097036
2014-12-15 11:00:00,0.0
2014-12-15 12:00:00,0.6021038947344729
2014-12-15 13:00:00,0.0
2014-12-15 14:00:00,0.0
2014-12-15 15:00:00,0.0
2014-12-15 16:00:00,1.1652899355943604
2014-12-15 17:00:00,1.0619275204100118
2014-12-15 18:00:00,0.0
2014-12-15 19:00:00,0.5504226871423021
2014-12-15 20:00:00,0.0
2014-12-15 21:00:00,0.6588862384698443
2014-12-15 22:00:00,0.0
2014-12-15 23:00:00,-0.7048174904778027
2014-12-16 00:00:00,-1.5452683150400748
2014-12-16 01:00:00,0.0
2014-12-16 02:00:00,-1.5349629894982644
2014-12-16 03:00:00,-1.5195050011855502
2014-12-16 04:00:00,-1.5143523384146467
2014-12-16 05:00:00,-1.4576215213069843
2014-12-16 06:00:00,-1.560726303352789
2014-12-16 07:00:00,-0.8904679301134969
2014-12-16 08:00:00,-0.5655410157802473
2014-12-16 09:00:00,0.9103877083177043
2014-12-16 10:00:00,0.0
2014-12-16 11:00:00,0.0
2014-12-16 12:00:00,0.8552542166690212
2014-12-16 13:00:00,0.0
2014-12-16 14:00:00,0.0
2014-12-16 15:00:00,0.855254216669025
2014-12-16 16:00:00,0.0
2014-12-16 17:00:00,0.8604068794399281
2014-12-16 18:00:00,1.0258073543859705
2014-12-16 19:00:00,1.2170226698142474
2014-12-16 20:00:00,0.0
2014-12-16 21:00:00,0.0
2014-12-16 22:00:00,0.43670341978842664
2014-12-16 23:00:00,-0.7047659638500967
2014-12-17 00:00:00,0.0
2014-12-17 01:00:00,0.0
2014-12-17 02:00:00,-1.5298103267273573
2014-12-17 03:00:00,0.0
2014-12-17 04:00:00,-1.5555736405818854
2014-12-17 05:00:00,0.0
2014-12-17 06:00:00,-1.6638826120263013
2014-12-17 07:00:00,0.0
2014-12-17 08:00:00,-0.4676404231330593
2014-12-17 09:00:00,0.0
2014-12-17 10:00:00,0.0
2014-12-17 11:00:00,1.5011920216296428
2014-12-17 12:00:00,0.0
2014-12-17 13:00:00,0.7726055058237098
2014-12-17 14:00:00,0.0
2014-12-17 15:00:00,0.0
2014-12-17 16:00:00,0.7518918014846727
2014-12-17 17:00:00,1.0258073543859743
2014-12-17 18:00:00,0.0
2014-12-17 19:00:00,1.082641224749049
2014-12-17 20:00:00,1.0464695320972943
2014-12-17 21:00:00,0.6899052683506882
2014-12-17 22:00:00,0.4315507570175232
2014-12-17 23:00:00,0.0
2014-12-18 00:00:00,0.0
